elbow_collarbone_magnitude,elbow_paw_magnitude,hip_iliac_crest_magnitude,hip_knee_magnitude,knee_hip_magnitude,knee_ankle_magnitude,ankle_knee_magnitude,ankle_mtp_magnitude
94.1,83.1,65.0,55.5,55.5,86.1,86.1,64.8
93.8,83.8,64.9,55.1,55.1,87.4,87.4,65.1
94.5,83.5,65.0,55.1,55.1,87.4,87.4,64.5
94.7,83.9,65.3,54.9,54.9,86.6,86.6,64.8
93.7,84.7,66.9,55.2,55.2,86.3,86.3,64.7
94.4,83.9,67.0,55.2,55.2,86.2,86.2,64.4
94.6,84.2,66.8,54.9,54.9,86.4,86.4,64.2
95.0,84.0,65.6,54.3,54.3,86.4,86.4,63.9
94.2,83.8,65.2,54.9,54.9,86.4,86.4,64.1
94.3,83.2,65.1,54.7,54.7,87.7,87.7,63.8
94.4,83.6,65.9,54.5,54.5,86.7,86.7,62.8
94.4,84.0,67.3,54.6,54.6,86.5,86.5,62.4
92.3,86.4,67.5,54.7,54.7,85.9,85.9,62.6
94.8,83.6,67.1,54.7,54.7,86.4,86.4,62.6
92.9,85.4,65.4,55.0,55.0,86.2,86.2,63.2
93.3,85.4,65.2,54.6,54.6,86.5,86.5,63.1
94.6,83.8,65.3,54.8,54.8,86.8,86.8,63.1
92.6,86.2,64.4,55.1,55.1,87.1,87.1,62.5
93.0,86.3,64.8,55.0,55.0,86.6,86.6,62.9
94.0,84.9,66.2,55.5,55.5,86.6,86.6,63.0
93.2,85.6,66.4,55.4,55.4,86.6,86.6,63.2
94.0,84.8,66.1,55.7,55.7,86.7,86.7,62.9
93.4,84.7,65.8,55.9,55.9,86.8,86.8,62.8
94.0,84.4,65.7,56.1,56.1,86.6,86.6,63.3
94.1,85.1,64.2,56.0,56.0,87.4,87.4,62.6
94.1,83.9,66.1,56.1,56.1,86.9,86.9,62.9
94.2,84.1,66.1,55.9,55.9,86.9,86.9,62.9
94.9,84.3,65.9,55.8,55.8,86.5,86.5,62.9
94.6,84.7,66.1,55.7,55.7,86.2,86.2,63.1
94.6,83.4,66.0,56.0,56.0,86.0,86.0,63.4
94.9,82.9,66.1,55.6,55.6,87.9,87.9,62.3
90.0,87.4,62.9,57.8,57.8,83.6,83.6,63.1
89.8,84.5,63.8,58.0,58.0,87.4,87.4,60.0
91.2,86.8,65.7,56.5,56.5,89.8,89.8,61.7
89.0,86.1,69.5,59.7,59.7,82.3,82.3,63.8
84.8,91.0,70.6,59.6,59.6,83.2,83.2,61.7
81.3,72.2,73.6,55.9,55.9,85.7,85.7,64.4
82.7,140.9,69.0,63.2,63.2,82.9,82.9,63.6
98.0,103.0,67.1,64.0,64.0,85.0,85.0,64.8
105.8,104.7,66.5,61.8,61.8,89.6,89.6,63.9
102.2,105.9,69.5,60.3,60.3,90.3,90.3,63.4
99.3,100.1,69.9,60.2,60.2,89.6,89.6,64.2
99.6,98.4,69.0,60.8,60.8,90.2,90.2,64.7
98.3,98.6,69.6,61.1,61.1,87.6,87.6,66.5
93.7,99.9,69.6,60.3,60.3,88.1,88.1,65.7
88.7,101.4,69.7,60.1,60.1,87.4,87.4,63.4
87.7,100.3,69.3,60.7,60.7,86.9,86.9,63.2
86.9,98.9,69.7,60.4,60.4,86.7,86.7,62.1
86.2,100.4,70.1,60.4,60.4,86.1,86.1,62.8
88.8,102.4,69.1,59.7,59.7,86.4,86.4,63.3
91.3,99.2,68.4,60.9,60.9,84.3,84.3,64.5
92.0,99.7,67.9,55.8,55.8,90.8,90.8,63.5
89.1,105.6,67.3,59.9,59.9,90.2,90.2,63.9
85.6,99.5,66.0,56.4,56.4,94.3,94.3,64.5
81.3,60.4,66.3,57.9,57.9,94.4,94.4,64.7
83.6,56.4,65.3,56.7,56.7,94.7,94.7,65.6
88.7,81.2,63.7,57.5,57.5,94.1,94.1,67.0
99.6,98.5,62.5,54.5,54.5,97.1,97.1,66.7
106.8,114.5,63.1,55.1,55.1,99.3,99.3,65.1
103.1,129.5,62.6,56.3,56.3,100.6,100.6,65.5
106.9,112.2,63.8,55.3,55.3,98.7,98.7,65.4
108.7,109.4,64.8,58.8,58.8,92.8,92.8,67.9
109.1,109.0,65.3,59.7,59.7,93.7,93.7,65.2
105.7,102.2,66.1,59.5,59.5,93.0,93.0,64.9
104.9,100.6,65.9,58.5,58.5,94.7,94.7,66.6
101.4,99.7,65.6,58.4,58.4,97.0,97.0,65.7
97.7,98.9,66.0,57.7,57.7,98.8,98.8,65.7
93.0,98.0,64.8,57.0,57.0,98.0,98.0,65.5
89.0,98.2,64.0,58.2,58.2,98.0,98.0,66.3
85.9,99.6,62.1,60.7,60.7,94.4,94.4,65.7
85.7,98.8,61.9,56.2,56.2,102.4,102.4,66.0
89.6,97.7,61.5,57.5,57.5,100.3,100.3,66.7
89.9,98.7,62.3,58.4,58.4,99.4,99.4,65.7
92.7,99.9,63.1,57.1,57.1,99.4,99.4,65.3
93.5,102.6,61.2,58.3,58.3,99.0,99.0,66.2
92.3,102.0,61.1,58.3,58.3,97.2,97.2,68.2
95.5,100.0,62.8,54.6,54.6,98.3,98.3,66.7
86.4,95.1,61.8,58.7,58.7,95.8,95.8,65.0
89.1,129.4,63.6,57.5,57.5,93.5,93.5,64.6
98.4,112.9,65.2,57.8,57.8,92.5,92.5,62.4
113.7,117.6,67.9,57.5,57.5,89.9,89.9,60.8
126.3,120.1,67.8,55.3,55.3,92.1,92.1,59.8
125.5,113.7,65.8,53.2,53.2,92.5,92.5,60.2
120.9,108.6,66.6,52.6,52.6,93.0,93.0,59.5
115.0,111.7,64.0,52.2,52.2,93.6,93.6,59.1
107.7,115.4,64.7,50.3,50.3,97.4,97.4,53.2
106.0,117.7,63.4,51.8,51.8,95.8,95.8,54.6
104.7,114.6,63.0,52.2,52.2,93.9,93.9,53.1
102.1,113.4,62.2,51.8,51.8,93.5,93.5,54.1
98.6,110.2,64.5,50.7,50.7,92.2,92.2,55.4
95.5,108.6,60.9,54.1,54.1,93.9,93.9,51.9
95.4,107.0,62.4,54.1,54.1,95.0,95.0,54.0
93.8,109.1,63.3,54.6,54.6,94.8,94.8,54.9
93.9,107.1,62.9,57.0,57.0,94.9,94.9,57.2
89.8,106.4,65.4,54.8,54.8,101.1,101.1,57.4
90.8,104.3,66.1,54.7,54.7,98.6,98.6,62.4
89.0,104.8,67.2,56.3,56.3,96.6,96.6,66.1
90.4,108.8,67.2,57.2,57.2,95.4,95.4,68.2
88.5,109.3,67.7,56.9,56.9,95.6,95.6,66.8
82.7,98.4,66.4,59.5,59.5,92.8,92.8,66.4
78.8,66.2,65.4,58.6,58.6,99.0,99.0,66.7
79.6,112.7,66.1,56.5,56.5,102.5,102.5,67.8
91.7,111.9,67.1,56.3,56.3,104.3,104.3,66.5
92.8,111.0,68.1,54.9,54.9,105.4,105.4,68.3
94.3,113.2,66.2,55.1,55.1,106.1,106.1,68.1
92.8,109.3,66.8,55.8,55.8,105.9,105.9,68.5
92.3,104.7,65.9,63.6,63.6,98.4,98.4,67.5
94.7,103.6,66.3,64.2,64.2,98.3,98.3,66.5
94.0,101.2,65.9,62.4,62.4,98.9,98.9,66.0
88.8,106.0,66.0,60.9,60.9,98.4,98.4,65.9
87.6,105.8,66.2,61.4,61.4,98.6,98.6,66.0
88.2,104.1,63.7,60.7,60.7,99.6,99.6,65.2
84.6,103.2,65.0,65.6,65.6,94.4,94.4,64.6
84.2,104.5,64.4,60.6,60.6,101.2,101.2,64.5
87.3,102.6,65.9,59.5,59.5,100.8,100.8,65.0
89.6,101.2,66.3,60.0,60.0,101.2,101.2,65.0
89.5,102.7,66.4,62.5,62.5,99.3,99.3,66.4
88.8,102.1,67.2,64.3,64.3,98.2,98.2,66.0
88.2,105.2,66.7,64.8,64.8,98.4,98.4,65.4
90.0,108.3,62.7,59.7,59.7,105.9,105.9,64.6
88.6,111.1,60.5,61.6,61.6,103.4,103.4,65.7
88.7,114.8,62.0,61.8,61.8,103.2,103.2,66.2
92.5,115.8,60.0,62.0,62.0,103.5,103.5,66.8
95.4,114.4,59.7,59.0,59.0,107.4,107.4,67.7
93.1,88.9,61.5,58.7,58.7,109.9,109.9,66.7
94.0,74.4,61.4,61.8,61.8,110.1,110.1,65.1
96.8,80.0,61.8,61.7,61.7,111.0,111.0,68.4
108.3,95.6,60.4,62.3,62.3,113.9,113.9,68.9
104.6,113.8,62.1,62.2,62.2,110.5,110.5,70.0
104.7,112.2,61.9,61.8,61.8,111.5,111.5,68.8
114.9,106.7,60.5,61.7,61.7,112.3,112.3,67.0
115.0,100.9,60.2,62.5,62.5,109.3,109.3,67.5
114.9,103.5,60.6,59.0,59.0,111.4,111.4,66.1
116.5,95.6,60.6,59.4,59.4,109.7,109.7,65.2
115.6,94.8,61.2,57.7,57.7,109.2,109.2,66.2
112.9,95.5,60.9,61.2,61.2,104.7,104.7,65.7
109.2,93.2,64.8,59.3,59.3,104.0,104.0,64.3
108.6,89.3,63.2,60.6,60.6,103.5,103.5,63.7
105.9,87.8,66.7,60.4,60.4,101.0,101.0,61.8
102.9,88.3,62.6,61.7,61.7,100.5,100.5,64.1
99.8,88.0,62.9,62.0,62.0,102.9,102.9,63.2
93.7,89.5,68.1,59.3,59.3,104.7,104.7,61.7
92.8,87.3,61.7,62.0,62.0,105.6,105.6,62.4
89.6,90.1,61.3,63.3,63.3,104.0,104.0,64.1
88.4,93.9,60.8,64.0,64.0,105.9,105.9,63.6
89.6,94.5,61.2,61.6,61.6,109.0,109.0,63.4
93.2,93.8,60.6,62.9,62.9,106.0,106.0,65.6
95.3,98.2,61.2,62.6,62.6,106.2,106.2,66.0
94.8,93.8,61.3,62.5,62.5,109.5,109.5,63.3
93.8,89.8,62.5,65.2,65.2,105.5,105.5,62.2
90.3,103.9,64.4,65.1,65.1,105.2,105.2,62.6
93.6,96.8,66.8,62.3,62.3,108.1,108.1,62.5
95.6,103.5,63.9,62.9,62.9,108.1,108.1,61.6
99.4,112.5,65.9,64.9,64.9,103.2,103.2,61.9
95.8,112.8,64.6,64.5,64.5,102.9,102.9,61.5
92.3,113.7,64.4,63.3,63.3,101.7,101.7,61.5
91.9,112.4,64.1,58.3,58.3,106.4,106.4,60.6
87.7,115.1,63.3,63.2,63.2,101.6,101.6,60.8
88.7,111.9,64.1,63.1,63.1,100.8,100.8,60.0
90.5,112.8,65.1,63.0,63.0,100.1,100.1,59.6
90.0,112.3,65.2,63.3,63.3,100.6,100.6,58.7
90.8,111.1,66.1,63.4,63.4,99.9,99.9,59.2
91.6,109.8,65.3,64.3,64.3,99.9,99.9,59.2
91.6,109.8,65.6,63.7,63.7,99.7,99.7,60.0
89.7,111.6,66.2,63.9,63.9,99.0,99.0,60.5
86.9,117.0,66.2,63.6,63.6,100.2,100.2,60.4
87.4,118.4,63.6,63.1,63.1,100.4,100.4,60.6
90.9,116.0,66.6,63.5,63.5,101.6,101.6,60.1
90.2,119.8,66.4,62.8,62.8,102.8,102.8,61.9
90.1,122.4,65.3,62.3,62.3,104.4,104.4,62.6
87.6,126.1,65.4,62.5,62.5,105.3,105.3,65.0
90.4,128.1,62.9,63.6,63.6,106.6,106.6,65.0
93.4,84.5,63.1,64.1,64.1,105.8,105.8,66.1
82.4,82.6,64.6,65.5,65.5,108.4,108.4,65.7
86.5,85.5,65.9,66.2,66.2,109.4,109.4,66.8
97.6,92.6,66.6,67.3,67.3,111.7,111.7,65.7
103.6,113.7,67.8,67.2,67.2,109.8,109.8,66.9
105.4,106.5,67.5,67.2,67.2,110.0,110.0,67.1
102.0,101.7,67.4,67.1,67.1,109.3,109.3,68.6
100.2,99.6,65.4,65.0,65.0,108.5,108.5,67.5
98.0,97.9,66.4,62.8,62.8,108.6,108.6,66.4
92.6,99.1,65.4,63.5,63.5,106.9,106.9,65.3
90.8,102.0,65.9,63.1,63.1,106.3,106.3,65.2
90.8,101.2,64.8,65.4,65.4,104.7,104.7,64.6
86.7,99.8,64.2,64.6,64.6,103.4,103.4,64.5
87.3,100.0,65.5,62.7,62.7,103.4,103.4,64.0
85.5,100.3,66.6,62.8,62.8,105.2,105.2,62.1
86.0,97.8,69.4,61.2,61.2,106.5,106.5,61.2
86.8,98.5,66.2,60.2,60.2,107.5,107.5,61.3
87.2,96.8,68.3,61.5,61.5,107.6,107.6,60.7
84.8,99.4,68.3,63.9,63.9,106.6,106.6,60.7
86.2,101.8,64.5,65.3,65.3,106.1,106.1,63.1
86.2,102.1,62.9,65.3,65.3,105.4,105.4,64.7
86.4,105.7,64.3,64.0,64.0,105.2,105.2,65.4
87.6,108.3,64.6,64.2,64.2,104.9,104.9,67.3
87.3,111.1,64.2,59.5,59.5,109.4,109.4,68.7
90.2,110.0,64.7,64.9,64.9,106.2,106.2,68.9
90.3,100.3,65.7,65.6,65.6,106.8,106.8,69.0
85.6,81.2,66.4,66.4,66.4,107.6,107.6,68.9
85.1,84.4,66.3,66.6,66.6,109.9,109.9,66.5
85.5,102.9,69.4,64.4,64.4,110.8,110.8,67.7
99.8,110.2,67.2,63.9,63.9,111.1,111.1,67.3
106.0,117.7,63.1,65.5,65.5,110.9,110.9,67.2
105.0,121.9,66.6,63.6,63.6,111.1,111.1,67.8
104.8,115.5,65.9,64.3,64.3,109.1,109.1,64.6
106.3,110.1,66.2,64.0,64.0,108.6,108.6,64.7
103.6,105.4,65.6,63.1,63.1,110.2,110.2,63.8
100.8,105.7,62.8,65.7,65.7,109.8,109.8,65.3
98.1,103.6,66.2,63.9,63.9,108.1,108.1,64.9
95.5,98.4,66.6,66.1,66.1,105.9,105.9,64.3
89.8,102.5,66.1,63.4,63.4,106.9,106.9,65.2
89.4,102.0,66.9,62.7,62.7,107.6,107.6,65.0
90.7,100.8,67.3,63.0,63.0,107.8,107.8,65.1
89.0,96.0,68.1,61.0,61.0,107.0,107.0,65.2
90.6,94.9,67.3,61.0,61.0,107.1,107.1,67.7
88.3,94.2,67.5,63.1,63.1,106.1,106.1,67.1
87.9,92.5,67.7,64.2,64.2,105.1,105.1,67.4
89.1,93.6,67.8,64.2,64.2,104.2,104.2,67.5
87.5,93.6,67.2,63.7,63.7,104.5,104.5,67.7
87.2,95.6,67.3,59.6,59.6,108.4,108.4,67.5
87.3,96.4,67.1,60.4,60.4,108.2,108.2,67.6
86.7,98.3,66.8,63.6,63.6,105.2,105.2,67.7
82.2,103.0,66.9,63.9,63.9,105.2,105.2,67.7
84.2,84.7,66.3,63.9,63.9,105.6,105.6,67.7
79.9,86.7,67.5,63.8,63.8,106.3,106.3,67.2
82.5,100.4,67.8,63.5,63.5,107.2,107.2,66.5
90.1,99.5,67.5,64.9,64.9,107.5,107.5,65.9
104.0,101.2,68.1,64.0,64.0,107.0,107.0,66.2
105.9,110.1,68.7,63.6,63.6,107.4,107.4,65.4
106.9,108.4,68.1,62.0,62.0,107.2,107.2,66.4
101.8,108.1,68.6,62.7,62.7,107.1,107.1,66.4
99.3,102.8,68.2,61.9,61.9,106.6,106.6,66.3
99.1,103.4,68.6,62.5,62.5,106.5,106.5,65.9
94.9,99.6,71.0,60.8,60.8,106.2,106.2,66.5
92.8,99.5,69.3,62.4,62.4,106.3,106.3,67.0
90.0,105.3,68.9,63.3,63.3,105.9,105.9,66.4
90.6,100.0,68.9,63.9,63.9,106.1,106.1,66.4
91.2,100.8,68.7,64.2,64.2,107.0,107.0,66.1
86.9,101.2,70.1,63.0,63.0,107.1,107.1,66.0
86.9,98.3,72.1,60.9,60.9,107.1,107.1,66.4
86.7,98.4,69.7,62.5,62.5,109.1,109.1,66.3
85.9,96.6,69.4,62.3,62.3,109.1,109.1,67.0
84.8,98.8,68.9,62.1,62.1,110.4,110.4,66.1
82.2,101.8,68.3,62.2,62.2,110.0,110.0,66.0
79.5,86.4,69.0,62.3,62.3,109.6,109.6,65.7
79.1,89.4,69.6,63.2,63.2,109.6,109.6,65.3
87.2,100.9,69.8,63.3,63.3,109.7,109.7,65.1
100.1,106.8,69.6,64.2,64.2,110.4,110.4,65.0
101.9,110.4,70.8,62.7,62.7,110.0,110.0,65.1
101.3,115.6,71.8,61.6,61.6,109.8,109.8,65.0
104.6,108.3,67.3,61.2,61.2,109.7,109.7,66.8
102.3,110.1,67.3,61.9,61.9,109.3,109.3,66.7
101.2,103.8,73.0,61.0,61.0,110.1,110.1,65.5
99.9,104.6,73.0,60.6,60.6,108.4,108.4,67.7
98.1,101.5,73.8,60.6,60.6,109.0,109.0,66.8
95.1,100.7,74.2,60.6,60.6,109.4,109.4,66.3
93.4,99.3,72.9,62.3,62.3,108.5,108.5,70.4
92.4,100.1,73.9,61.6,61.6,110.9,110.9,69.2
90.4,104.3,68.2,61.6,61.6,110.1,110.1,69.9
87.7,102.9,68.3,61.9,61.9,109.3,109.3,71.6
86.6,102.4,68.5,62.1,62.1,110.6,110.6,71.4
90.1,100.5,73.1,62.7,62.7,109.9,109.9,72.3
89.5,97.9,72.4,61.8,61.8,111.4,111.4,72.3
90.4,96.3,72.6,60.8,60.8,112.9,112.9,72.2
91.4,93.6,69.0,61.1,61.1,111.8,111.8,72.5
91.5,96.5,68.6,60.2,60.2,112.9,112.9,71.4
89.6,99.5,71.2,63.6,63.6,109.0,109.0,68.4
81.0,101.3,70.4,64.8,64.8,109.9,109.9,67.7
81.0,91.4,69.7,65.7,65.7,110.8,110.8,67.6
88.3,61.5,72.2,62.2,62.2,115.8,115.8,68.0
92.6,54.3,66.8,62.4,62.4,116.6,116.6,69.8
97.9,109.7,71.3,62.0,62.0,116.1,116.1,69.6
95.6,116.1,71.4,62.3,62.3,115.1,115.1,70.3
97.7,114.8,68.2,63.0,63.0,114.6,114.6,70.1
99.1,103.1,70.7,63.5,63.5,114.1,114.1,70.2
103.0,92.9,71.8,62.9,62.9,114.3,114.3,70.8
102.0,95.4,71.5,62.8,62.8,113.3,113.3,69.2
102.3,88.1,71.8,62.9,62.9,112.8,112.8,70.0
102.5,89.2,71.2,62.9,62.9,113.6,113.6,69.4
103.3,81.6,70.8,62.8,62.8,113.7,113.7,69.4
103.1,81.8,71.1,62.6,62.6,114.5,114.5,68.5
99.0,82.4,69.6,62.3,62.3,115.6,115.6,68.2
97.1,82.8,70.1,62.2,62.2,115.5,115.5,69.4
95.0,85.2,69.7,62.0,62.0,115.7,115.7,69.7
91.7,84.0,69.4,62.8,62.8,114.6,114.6,71.2
91.0,79.9,70.0,63.9,63.9,115.3,115.3,71.0
85.8,83.9,69.5,62.8,62.8,116.4,116.4,70.4
82.6,84.8,70.2,63.0,63.0,115.5,115.5,70.3
79.8,83.8,70.1,63.0,63.0,115.7,115.7,70.1
79.9,85.1,68.8,62.9,62.9,117.2,117.2,71.3
90.3,100.7,69.2,62.6,62.6,116.3,116.3,72.3
102.7,103.5,68.9,60.5,60.5,116.7,116.7,71.6
98.7,116.3,69.9,62.0,62.0,115.3,115.3,71.6
100.3,105.0,69.2,61.8,61.8,114.7,114.7,72.4
101.8,104.2,70.5,62.1,62.1,114.7,114.7,72.4
99.8,97.8,69.5,62.1,62.1,113.3,113.3,73.0
99.4,90.6,71.1,62.1,62.1,113.0,113.0,73.3
96.9,88.0,70.4,62.4,62.4,112.8,112.8,73.4
94.1,91.8,70.5,62.4,62.4,113.1,113.1,73.2
96.1,87.6,70.5,61.7,61.7,112.6,112.6,73.9
90.5,93.1,72.0,63.0,63.0,113.4,113.4,72.9
91.8,92.3,70.5,63.4,63.4,113.4,113.4,71.0
91.1,91.1,71.9,62.8,62.8,113.4,113.4,70.9
87.8,89.5,71.3,62.8,62.8,113.5,113.5,71.0
86.0,88.9,71.3,63.1,63.1,113.5,113.5,73.2
86.4,91.2,71.2,63.1,63.1,115.8,115.8,71.7
84.7,91.6,70.4,61.2,61.2,116.5,116.5,71.1
85.0,94.2,69.8,62.6,62.6,114.8,114.8,73.0
83.0,92.1,70.9,62.1,62.1,115.4,115.4,73.0
76.0,93.9,70.5,63.3,63.3,116.2,116.2,72.3
77.8,79.6,70.6,63.3,63.3,115.9,115.9,72.2
78.1,91.4,70.9,63.4,63.4,115.3,115.3,73.7
87.2,104.7,70.5,62.9,62.9,114.6,114.6,74.3
96.4,113.5,70.5,63.5,63.5,114.5,114.5,73.5
96.9,102.8,71.9,63.7,63.7,113.4,113.4,73.2
94.6,101.5,72.0,63.3,63.3,113.7,113.7,72.9
88.9,106.9,71.5,63.6,63.6,113.9,113.9,73.2
86.4,103.5,71.3,64.6,64.6,111.9,111.9,73.8
87.4,100.4,71.7,63.8,63.8,112.7,112.7,72.7
85.2,103.9,72.5,64.3,64.3,111.9,111.9,72.0
84.1,101.1,72.5,63.9,63.9,113.4,113.4,70.9
83.1,104.2,71.9,63.8,63.8,112.7,112.7,72.3
83.2,102.8,74.8,62.7,62.7,113.4,113.4,69.5
84.7,100.4,71.7,64.2,64.2,114.4,114.4,69.6
86.7,99.7,71.9,64.6,64.6,113.6,113.6,70.0
82.5,100.7,71.7,65.0,65.0,112.6,112.6,71.6
84.0,101.7,72.0,64.9,64.9,112.0,112.0,69.6
83.0,101.8,71.7,65.3,65.3,110.6,110.6,70.6
84.6,102.3,70.5,66.0,66.0,112.0,112.0,69.2
82.8,105.7,69.9,65.9,65.9,112.2,112.2,69.3
84.2,108.8,70.1,64.2,64.2,114.3,114.3,70.1
80.9,110.6,70.7,64.0,64.0,114.0,114.0,71.7
82.0,102.1,70.6,64.2,64.2,115.5,115.5,71.8
78.9,82.1,70.7,64.6,64.6,114.2,114.2,71.9
75.3,80.9,70.7,63.9,63.9,115.3,115.3,71.7
78.1,88.8,71.1,64.0,64.0,115.2,115.2,71.2
83.4,97.3,70.7,63.9,63.9,115.4,115.4,71.7
92.1,99.2,70.5,63.1,63.1,116.9,116.9,70.8
101.1,103.3,70.4,63.8,63.8,114.5,114.5,71.6
102.1,96.0,70.9,63.8,63.8,114.0,114.0,72.4
97.7,101.2,71.7,63.9,63.9,114.0,114.0,71.3
93.7,101.7,71.6,63.6,63.6,114.5,114.5,71.3
91.4,95.1,72.4,63.2,63.2,113.8,113.8,71.0
87.8,96.5,71.4,64.3,64.3,113.0,113.0,71.8
89.0,90.4,71.2,62.7,62.7,114.5,114.5,71.0
87.7,90.8,70.9,63.6,63.6,114.4,114.4,71.3
88.3,86.8,69.7,62.5,62.5,116.1,116.1,70.6
86.3,87.9,70.3,62.2,62.2,116.0,116.0,71.0
86.2,85.0,69.9,63.2,63.2,117.3,117.3,71.2
83.9,89.5,69.2,62.8,62.8,117.3,117.3,71.0
83.4,90.0,68.9,63.1,63.1,117.4,117.4,70.9
83.9,90.3,68.8,63.8,63.8,115.9,115.9,71.7
84.8,91.6,69.1,59.3,59.3,119.7,119.7,72.6
84.5,90.8,69.3,59.3,59.3,120.2,120.2,71.8
86.4,88.9,69.8,58.4,58.4,120.9,120.9,71.5
79.9,90.7,70.1,58.3,58.3,120.6,120.6,71.7
80.2,84.9,69.3,63.4,63.4,114.5,114.5,72.3
80.1,82.5,69.1,63.4,63.4,116.1,116.1,72.2
80.7,97.0,69.9,63.0,63.0,115.7,115.7,73.0
87.4,92.9,70.2,62.9,62.9,116.2,116.2,72.9
98.8,105.4,70.7,63.7,63.7,116.3,116.3,72.8
100.8,99.5,71.2,63.5,63.5,116.1,116.1,72.3
102.0,108.5,69.8,63.8,63.8,116.8,116.8,72.5
105.0,104.7,70.2,63.3,63.3,115.6,115.6,73.0
101.4,107.0,69.6,63.2,63.2,115.3,115.3,72.8
101.4,100.6,70.4,62.9,62.9,115.7,115.7,72.1
100.5,99.2,69.7,62.7,62.7,116.9,116.9,71.6
97.9,97.5,71.5,62.8,62.8,116.3,116.3,71.7
96.6,96.2,72.1,63.1,63.1,114.4,114.4,73.0
96.9,96.1,70.5,62.8,62.8,114.0,114.0,73.4
99.6,94.9,71.3,62.2,62.2,114.6,114.6,72.3
97.0,96.0,66.6,61.7,61.7,115.5,115.5,72.5
95.4,98.5,67.5,61.4,61.4,118.6,118.6,69.9
93.2,95.8,68.0,60.8,60.8,119.5,119.5,69.9
93.1,97.3,69.1,61.2,61.2,120.3,120.3,69.1
94.2,93.8,72.0,64.6,64.6,115.2,115.2,69.8
90.2,93.7,72.7,65.9,65.9,113.8,113.8,70.0
90.5,88.2,72.3,62.6,62.6,116.1,116.1,69.2
91.0,86.3,72.8,61.7,61.7,116.7,116.7,68.1
91.6,85.2,71.1,63.5,63.5,115.6,115.6,68.5
87.7,92.0,76.9,60.2,60.2,114.8,114.8,67.8
81.1,133.1,74.0,65.8,65.8,111.9,111.9,69.4
86.4,101.7,71.2,68.1,68.1,114.8,114.8,70.7
98.1,110.9,72.0,63.7,63.7,118.5,118.5,70.2
103.0,103.5,71.7,63.6,63.6,117.3,117.3,71.0
101.7,101.4,72.4,62.7,62.7,115.9,115.9,71.1
101.4,98.8,67.6,61.5,61.5,116.7,116.7,71.7
101.8,95.7,70.0,61.6,61.6,115.6,115.6,71.6
98.9,97.7,73.2,63.4,63.4,113.3,113.3,68.9
98.9,97.8,73.7,64.4,64.4,113.6,113.6,68.3
97.3,97.9,73.2,64.0,64.0,113.6,113.6,68.4
95.0,97.8,72.7,63.4,63.4,115.0,115.0,67.8
93.1,99.0,72.5,63.8,63.8,113.0,113.0,68.8
92.0,99.0,75.7,58.1,58.1,116.0,116.0,68.9
90.0,96.0,72.7,59.4,59.4,114.0,114.0,69.8
91.7,96.9,72.5,59.3,59.3,114.1,114.1,69.3
89.9,97.6,73.0,58.8,58.8,111.1,111.1,70.7
90.4,100.9,72.7,58.3,58.3,110.3,110.3,70.3
90.6,99.5,72.4,57.4,57.4,111.6,111.6,69.8
89.7,95.7,74.3,53.3,53.3,113.7,113.7,69.5
91.8,97.3,71.5,55.5,55.5,113.9,113.9,66.7
90.8,101.6,69.1,57.8,57.8,113.3,113.3,67.3
90.9,102.9,71.5,61.9,61.9,110.3,110.3,68.8
86.1,107.9,68.4,63.5,63.5,109.6,109.6,70.3
80.9,101.9,68.5,62.4,62.4,111.6,111.6,70.7
76.6,89.3,68.6,62.0,62.0,111.9,111.9,72.2
78.1,95.8,70.9,60.6,60.6,111.9,111.9,72.6
85.8,100.8,70.1,60.8,60.8,112.5,112.5,71.2
103.4,98.2,70.1,60.1,60.1,112.2,112.2,71.6
100.4,113.8,70.9,60.5,60.5,111.9,111.9,71.7
101.8,104.0,69.5,60.6,60.6,111.7,111.7,72.3
100.8,102.0,70.1,61.0,61.0,111.1,111.1,71.9
101.7,99.3,72.4,60.1,60.1,111.9,111.9,71.6
99.5,94.4,72.2,61.6,61.6,111.6,111.6,71.5
98.8,90.7,71.2,61.7,61.7,111.2,111.2,71.6
98.0,88.5,68.6,61.9,61.9,110.8,110.8,72.0
95.8,89.1,68.9,62.5,62.5,111.3,111.3,72.2
91.2,90.7,70.4,62.1,62.1,111.5,111.5,71.8
88.9,87.4,69.7,64.1,64.1,112.0,112.0,72.6
87.5,90.1,69.7,63.0,63.0,112.5,112.5,72.1
85.4,90.3,70.0,61.6,61.6,113.5,113.5,72.3
84.4,91.4,69.9,61.0,61.0,114.4,114.4,72.3
87.9,90.8,69.6,61.1,61.1,114.8,114.8,69.8
87.3,88.6,70.0,62.3,62.3,114.4,114.4,69.9
87.2,90.1,69.0,62.8,62.8,115.4,115.4,69.2
84.1,90.7,69.4,62.7,62.7,112.8,112.8,69.7
84.7,93.0,69.6,63.0,63.0,113.5,113.5,69.2
82.8,81.4,69.2,62.7,62.7,112.9,112.9,70.4
77.0,83.5,70.0,62.3,62.3,113.9,113.9,75.1
81.2,95.9,69.9,63.1,63.1,114.3,114.3,72.8
87.5,103.6,70.5,62.1,62.1,113.7,113.7,73.0
100.6,107.0,72.3,61.1,61.1,113.1,113.1,72.5
102.1,111.3,71.0,61.9,61.9,113.3,113.3,72.8
101.7,119.1,71.4,63.3,63.3,111.9,111.9,72.4
102.0,113.3,70.7,63.4,63.4,111.3,111.3,71.2
104.0,109.3,70.1,63.0,63.0,112.3,112.3,68.9
104.9,103.8,69.4,62.9,62.9,110.7,110.7,72.5
101.2,99.3,69.3,62.5,62.5,110.6,110.6,72.5
98.3,94.6,70.1,63.0,63.0,111.5,111.5,72.7
99.0,89.3,70.5,62.2,62.2,111.7,111.7,72.6
95.7,87.8,70.8,62.1,62.1,111.4,111.4,73.4
93.2,92.3,70.3,62.1,62.1,112.2,112.2,73.3
91.8,91.2,70.2,62.0,62.0,111.2,111.2,74.8
92.0,91.7,70.4,62.3,62.3,112.8,112.8,74.9
90.7,88.9,70.0,63.1,63.1,113.1,113.1,74.2
87.0,92.1,69.6,62.6,62.6,114.9,114.9,74.0
87.2,91.6,70.1,61.9,61.9,115.1,115.1,73.3
85.4,92.4,69.8,61.8,61.8,116.2,116.2,73.0
84.1,92.3,70.4,62.2,62.2,114.8,114.8,72.9
78.8,91.5,69.8,63.1,63.1,115.7,115.7,72.8
78.2,83.7,69.4,62.3,62.3,116.5,116.5,72.6
84.0,95.9,70.5,61.7,61.7,116.1,116.1,72.7
98.6,95.5,68.2,63.0,63.0,116.1,116.1,71.3
102.9,105.2,68.0,63.0,63.0,116.7,116.7,71.5
103.3,105.1,68.5,62.5,62.5,116.2,116.2,71.5
103.9,105.2,69.3,62.6,62.6,116.2,116.2,70.7
107.5,99.0,70.6,62.5,62.5,115.5,115.5,70.2
106.3,98.5,70.7,66.2,66.2,113.1,113.1,69.3
107.7,95.7,72.1,65.9,65.9,113.0,113.0,69.3
106.1,91.7,73.5,65.8,65.8,112.2,112.2,69.2
103.4,92.8,73.1,63.0,63.0,112.2,112.2,72.4
104.1,89.9,76.8,60.8,60.8,112.1,112.1,72.6
101.9,88.4,77.7,60.0,60.0,110.5,110.5,72.3
102.1,88.7,77.0,63.8,63.8,109.2,109.2,71.6
104.3,87.9,77.8,59.7,59.7,112.1,112.1,67.8
101.5,82.8,76.8,60.8,60.8,112.3,112.3,67.8
98.6,81.3,77.3,60.7,60.7,109.9,109.9,68.1
94.6,85.8,74.3,63.2,63.2,105.9,105.9,69.4
94.2,85.6,74.5,60.1,60.1,106.4,106.4,69.0
92.4,82.8,76.0,59.7,59.7,103.0,103.0,69.0
91.6,82.8,72.4,63.3,63.3,101.7,101.7,70.5
90.6,82.1,72.1,61.1,61.1,99.8,99.8,70.6
90.2,85.0,69.6,60.9,60.9,96.8,96.8,68.1
83.6,82.7,71.5,56.4,56.4,95.0,95.0,64.2
80.7,84.0,73.5,55.5,55.5,87.4,87.4,60.5
84.1,103.2,72.4,55.3,55.3,87.7,87.7,56.4
99.9,68.8,72.0,54.1,54.1,91.2,91.2,54.3
100.5,105.3,72.3,51.9,51.9,93.3,93.3,50.7
99.3,113.0,69.0,51.4,51.4,89.4,89.4,54.7
101.7,105.3,69.4,50.2,50.2,89.4,89.4,54.6
99.9,106.1,68.8,50.8,50.8,90.4,90.4,52.7
101.2,102.0,69.1,50.0,50.0,91.2,91.2,53.0
104.7,93.8,69.4,51.0,51.0,92.1,92.1,53.9
104.8,89.9,68.4,51.4,51.4,90.7,90.7,54.7
105.1,90.8,69.1,53.0,53.0,89.0,89.0,56.4
105.9,89.3,68.7,54.6,54.6,89.5,89.5,55.9
100.8,90.9,69.8,56.2,56.2,89.1,89.1,55.5
96.6,93.3,70.0,56.7,56.7,85.9,85.9,57.9
94.9,97.8,70.4,58.5,58.5,88.4,88.4,61.1
91.1,92.6,70.0,58.9,58.9,90.9,90.9,61.6
90.4,89.1,70.7,59.3,59.3,94.0,94.0,62.7
87.6,90.8,70.7,62.1,62.1,91.9,91.9,65.9
84.2,89.9,69.7,63.5,63.5,92.5,92.5,67.9
82.7,77.5,71.6,62.5,62.5,94.5,94.5,66.4
89.2,61.7,74.5,60.0,60.0,97.1,97.1,64.5
100.2,98.9,73.9,59.0,59.0,98.0,98.0,66.2
98.6,111.5,73.1,59.6,59.6,100.1,100.1,63.9
96.3,111.5,71.4,59.0,59.0,103.3,103.3,61.6
97.3,110.8,71.9,61.6,61.6,100.4,100.4,61.4
96.3,103.5,71.3,61.5,61.5,100.7,100.7,61.4
100.7,99.6,71.5,61.8,61.8,99.6,99.6,63.1
104.3,94.6,72.9,62.0,62.0,100.8,100.8,62.7
101.2,91.7,76.4,60.6,60.6,103.6,103.6,63.6
101.4,90.8,76.7,60.1,60.1,105.5,105.5,64.8
103.6,87.6,76.5,60.2,60.2,106.7,106.7,66.0
103.5,85.9,75.1,60.2,60.2,107.6,107.6,66.6
101.3,88.4,73.8,60.9,60.9,106.8,106.8,68.8
99.5,87.9,73.8,60.7,60.7,108.3,108.3,68.6
93.7,93.3,72.1,62.8,62.8,108.9,108.9,68.5
93.8,88.6,71.8,62.0,62.0,111.1,111.1,68.6
94.3,87.3,71.7,61.2,61.2,112.6,112.6,69.2
94.7,84.9,74.6,62.0,62.0,113.2,113.2,70.5
93.4,82.6,71.4,61.5,61.5,114.7,114.7,70.0
91.6,81.9,70.9,61.3,61.3,115.5,115.5,70.3
87.6,82.9,73.2,63.2,63.2,114.6,114.6,70.3
82.6,160.2,72.6,63.9,63.9,113.1,113.1,69.9
79.5,80.3,72.6,63.6,63.6,111.5,111.5,69.9
80.7,93.3,73.2,63.9,63.9,111.0,111.0,70.2
86.7,107.8,69.3,61.4,61.4,112.5,112.5,69.5
89.6,108.9,68.8,59.2,59.2,112.1,112.1,71.0
98.5,107.2,72.3,60.4,60.4,109.4,109.4,70.0
103.1,106.9,72.4,59.8,59.8,108.8,108.8,70.6
101.8,108.7,72.7,60.0,60.0,108.3,108.3,71.1
100.8,106.5,72.7,55.7,55.7,113.1,113.1,71.1
93.9,102.2,71.9,60.2,60.2,109.2,109.2,71.2
91.9,100.0,72.0,56.9,56.9,111.9,111.9,71.8
90.9,103.0,68.5,61.5,61.5,112.7,112.7,71.8
88.7,103.8,68.8,61.8,61.8,112.7,112.7,71.6
87.9,102.0,69.0,62.4,62.4,112.8,112.8,72.2
85.4,99.6,68.8,62.7,62.7,114.8,114.8,72.1
84.7,100.0,73.9,63.4,63.4,116.0,116.0,71.5
84.2,97.9,73.0,63.6,63.6,115.4,115.4,72.2
82.6,97.3,72.0,63.2,63.2,115.8,115.8,71.8
83.9,99.1,71.5,63.3,63.3,116.4,116.4,71.7
82.9,99.8,71.5,63.9,63.9,114.8,114.8,72.0
81.4,102.6,70.5,63.5,63.5,116.2,116.2,71.8
81.3,105.6,66.5,66.8,66.8,115.9,115.9,72.3
80.9,107.7,66.7,66.8,66.8,117.4,117.4,72.4
81.3,108.6,68.6,65.1,65.1,117.3,117.3,74.3
84.1,107.5,66.2,66.7,66.7,119.2,119.2,73.2
85.4,91.5,66.2,65.6,65.6,119.5,119.5,73.6
82.5,79.7,65.4,66.0,66.0,121.2,121.2,73.5
84.1,86.5,64.9,66.4,66.4,121.8,121.8,73.4
91.0,86.5,65.9,67.6,67.6,121.1,121.1,74.1
103.1,98.9,65.0,67.7,67.7,119.5,119.5,74.5
105.7,107.3,65.6,67.0,67.0,120.9,120.9,73.5
105.7,111.7,65.7,63.0,63.0,124.0,124.0,74.3
105.6,103.7,66.2,62.8,62.8,123.8,123.8,74.0
105.4,98.9,66.6,67.5,67.5,121.0,121.0,73.7
104.0,97.5,67.3,67.3,67.3,121.5,121.5,73.0
100.4,98.0,67.8,67.4,67.4,120.3,120.3,73.3
98.8,93.7,69.0,66.4,66.4,118.8,118.8,73.7
94.3,92.7,69.3,65.9,65.9,117.9,117.9,73.4
94.0,98.2,74.8,62.1,62.1,115.8,115.8,74.2
95.7,92.8,74.0,62.0,62.0,116.8,116.8,73.2
98.3,91.3,74.5,63.7,63.7,114.6,114.6,74.2
97.1,91.0,74.2,64.3,64.3,117.5,117.5,71.7
94.3,89.1,68.5,68.4,68.4,119.1,119.1,70.8
93.5,88.5,71.8,74.5,74.5,115.0,115.0,70.4
91.5,86.8,71.3,71.6,71.6,116.9,116.9,70.2
89.4,87.6,72.0,69.4,69.4,117.2,117.2,70.0
91.1,83.9,72.3,69.0,69.0,119.9,119.9,66.8
89.3,85.7,74.3,65.6,65.6,119.6,119.6,66.2
89.3,84.4,74.2,66.1,66.1,121.1,121.1,65.4
85.6,85.0,75.3,66.0,66.0,121.1,121.1,64.2
85.5,64.6,75.6,66.2,66.2,120.4,120.4,64.0
95.9,103.1,69.8,69.9,69.9,119.5,119.5,65.8
100.9,109.6,73.8,68.5,68.5,120.5,120.5,66.6
100.2,109.1,68.5,74.3,74.3,116.4,116.4,69.4
100.4,106.9,74.7,69.4,69.4,114.1,114.1,69.9
101.3,104.8,75.6,65.6,65.6,112.2,112.2,70.8
100.0,101.4,74.2,61.1,61.1,115.0,115.0,68.7
98.8,103.0,73.3,58.3,58.3,113.0,113.0,72.3
97.3,100.8,75.7,57.1,57.1,109.7,109.7,70.1
93.3,102.3,75.7,58.3,58.3,106.0,106.0,69.2
92.9,104.3,75.7,60.9,60.9,101.7,101.7,67.3
95.2,104.1,73.5,65.0,65.0,101.6,101.6,64.0
92.9,101.8,75.3,65.2,65.2,93.2,93.2,69.4
89.9,103.0,74.8,62.0,62.0,92.0,92.0,68.3
89.3,102.7,74.8,62.7,62.7,92.9,92.9,68.0
89.4,100.6,77.7,61.2,61.2,88.1,88.1,68.1
89.1,99.0,78.7,56.7,56.7,89.6,89.6,62.3
88.7,97.5,78.0,55.1,55.1,90.5,90.5,58.7
89.1,96.5,72.4,59.2,59.2,90.8,90.8,58.1
89.5,96.8,71.4,58.0,58.0,93.7,93.7,56.9
85.1,101.4,70.6,57.1,57.1,95.7,95.7,54.7
82.2,106.3,70.8,56.5,56.5,96.1,96.1,53.5
84.8,95.2,69.3,57.0,57.0,96.3,96.3,54.6
80.4,146.8,68.8,56.6,56.6,95.7,95.7,54.6
82.0,92.9,69.3,60.5,60.5,96.4,96.4,52.2
87.5,107.0,70.0,61.4,61.4,96.1,96.1,54.1
105.9,105.7,72.0,60.3,60.3,89.9,89.9,55.6
108.2,104.7,70.4,61.2,61.2,93.9,93.9,58.5
101.7,100.4,67.6,66.1,66.1,88.0,88.0,62.0
101.1,95.5,69.7,64.2,64.2,87.3,87.3,64.5
98.4,92.5,70.7,60.1,60.1,92.3,92.3,65.7
93.4,92.8,70.3,59.3,59.3,96.8,96.8,64.9
92.0,93.2,66.1,65.3,65.3,98.5,98.5,65.3
90.2,92.5,69.2,62.9,62.9,102.6,102.6,66.0
89.3,91.1,69.1,63.0,63.0,105.7,105.7,70.0
90.1,93.0,70.3,63.1,63.1,110.2,110.2,70.7
89.0,90.8,75.5,63.2,63.2,112.8,112.8,72.3
88.7,89.1,73.1,63.7,63.7,117.1,117.1,73.7
87.3,89.2,71.9,65.2,65.2,118.9,118.9,73.8
85.8,92.0,69.3,65.7,65.7,119.5,119.5,74.5
85.5,92.9,68.8,65.9,65.9,120.9,120.9,73.9
83.8,93.9,72.6,62.4,62.4,122.3,122.3,73.1
85.0,93.1,72.8,62.0,62.0,122.6,122.6,73.0
79.5,135.9,72.1,62.2,62.2,121.7,121.7,72.8
80.5,76.9,73.1,61.6,61.6,121.3,121.3,72.5
89.1,91.4,73.8,61.0,61.0,121.3,121.3,74.0
101.8,90.2,73.6,61.4,61.4,120.7,120.7,74.1
102.7,94.8,67.8,65.9,65.9,122.2,122.2,74.0
102.0,87.4,73.9,62.3,62.3,120.5,120.5,74.3
103.6,86.6,67.1,66.6,66.6,118.0,118.0,75.6
101.0,85.0,66.4,67.9,67.9,118.7,118.7,74.5
99.4,78.6,66.7,68.6,68.6,119.2,119.2,73.5
94.5,78.5,67.0,67.9,67.9,119.4,119.4,74.0
91.4,76.2,66.9,67.3,67.3,119.7,119.7,75.0
89.8,74.5,67.5,67.5,67.5,118.6,118.6,75.3
87.2,73.0,67.7,70.4,70.4,117.3,117.3,73.3
88.1,69.2,69.3,69.6,69.6,118.6,118.6,71.5
87.1,68.7,71.1,68.9,68.9,117.9,117.9,71.4
84.6,67.2,72.3,68.2,68.2,119.0,119.0,70.3
83.1,63.8,71.3,64.7,64.7,121.6,121.6,70.0
81.1,78.9,72.4,67.9,67.9,117.1,117.1,69.7
84.3,96.7,71.0,67.5,67.5,116.8,116.8,68.6
93.2,101.9,70.2,67.3,67.3,116.9,116.9,68.5
92.1,96.5,72.3,66.9,66.9,115.3,115.3,68.9
83.5,102.7,71.5,72.1,72.1,109.4,109.4,68.7
83.2,98.1,67.9,70.1,70.1,112.6,112.6,71.7
81.3,100.1,69.9,69.4,69.4,113.4,113.4,70.0
83.0,98.6,68.8,70.3,70.3,113.0,113.0,69.4
83.0,95.9,69.3,70.2,70.2,111.9,111.9,69.9
82.6,97.4,67.8,70.7,70.7,112.8,112.8,66.1
83.1,95.0,68.1,67.5,67.5,116.3,116.3,66.0
83.3,97.7,66.1,67.9,67.9,116.1,116.1,66.4
83.7,97.5,67.2,67.7,67.7,115.5,115.5,66.1
82.5,97.6,67.1,68.0,68.0,114.7,114.7,66.2
86.1,99.7,65.7,68.3,68.3,116.6,116.6,65.7
84.5,100.8,65.3,63.4,63.4,125.3,125.3,66.4
87.8,102.4,65.3,66.9,66.9,121.0,121.0,66.2
89.5,104.0,65.2,67.6,67.6,119.9,119.9,65.5
93.4,106.2,65.8,69.4,69.4,117.9,117.9,67.8
95.5,107.0,63.8,57.5,57.5,133.3,133.3,66.8
89.0,108.4,62.7,72.5,72.5,119.0,119.0,67.5
91.4,92.0,64.0,71.1,71.1,119.2,119.2,67.7
89.4,86.0,67.5,70.2,70.2,118.2,118.2,68.0
89.8,88.1,66.8,70.2,70.2,118.3,118.3,67.5
98.4,101.1,66.5,68.9,68.9,117.3,117.3,67.0
103.8,109.6,67.1,67.8,67.8,117.1,117.1,66.5
112.1,97.1,64.5,70.4,70.4,118.5,118.5,64.2
105.8,96.6,67.5,67.0,67.0,117.1,117.1,63.0
101.6,97.6,64.5,65.6,65.6,122.4,122.4,63.2
101.4,93.2,64.4,70.4,70.4,118.8,118.8,63.2
99.6,94.0,64.6,70.8,70.8,117.3,117.3,64.5
96.3,88.1,64.6,71.9,71.9,117.9,117.9,63.8
93.5,89.4,67.3,69.2,69.2,116.9,116.9,64.7
91.9,87.5,68.4,65.2,65.2,116.7,116.7,63.3
90.8,86.7,68.1,62.9,62.9,111.0,111.0,63.1
90.5,86.8,64.3,66.4,66.4,99.0,99.0,63.0
88.2,88.2,63.9,61.1,61.1,95.8,95.8,59.2
88.5,89.2,68.7,57.6,57.6,92.3,92.3,53.5
89.3,89.6,67.3,56.4,56.4,92.5,92.5,51.8
91.5,90.2,70.8,54.1,54.1,92.0,92.0,56.4
94.8,93.3,70.2,51.5,51.5,94.6,94.6,55.6
97.6,92.7,67.9,51.4,51.4,97.3,97.3,50.2
93.2,93.4,66.3,51.3,51.3,96.9,96.9,52.5
89.7,87.0,67.7,51.2,51.2,96.2,96.2,50.5
91.7,71.0,68.1,51.2,51.2,95.5,95.5,50.2
95.2,99.4,67.9,53.4,53.4,93.7,93.7,51.5
101.6,107.6,66.3,55.1,55.1,92.7,92.7,48.1
108.0,103.3,68.5,53.5,53.5,88.4,88.4,52.5
101.9,107.1,68.8,52.4,52.4,83.6,83.6,56.3
99.5,102.9,71.2,49.1,49.1,82.4,82.4,52.0
96.8,102.5,68.5,55.3,55.3,81.6,81.6,55.3
92.9,104.8,70.9,54.6,54.6,82.2,82.2,59.1
96.2,97.8,72.9,56.1,56.1,81.5,81.5,58.1
93.7,96.5,73.3,58.7,58.7,82.8,82.8,57.3
92.8,94.5,73.6,58.6,58.6,84.8,84.8,58.8
91.7,93.3,73.7,59.1,59.1,84.3,84.3,61.4
91.3,92.3,74.6,57.8,57.8,87.3,87.3,60.6
90.9,89.3,71.5,59.5,59.5,90.5,90.5,59.7
90.4,92.8,70.6,58.9,58.9,97.9,97.9,57.4
92.6,89.7,67.8,63.5,63.5,93.9,93.9,58.8
93.3,90.2,65.4,65.5,65.5,96.7,96.7,58.2
93.6,89.2,69.3,63.4,63.4,99.0,99.0,60.1
91.9,91.3,69.7,65.7,65.7,98.8,98.8,58.6
87.2,96.6,69.3,63.4,63.4,106.3,106.3,59.5
81.9,89.3,65.9,60.8,60.8,111.2,111.2,57.1
79.4,82.6,66.5,61.2,61.2,107.8,107.8,58.7
83.5,99.5,67.2,64.2,64.2,107.8,107.8,58.4
89.7,115.2,71.5,57.8,57.8,110.5,110.5,58.8
101.8,100.6,67.7,56.7,56.7,112.4,112.4,58.7
106.1,98.6,74.8,57.5,57.5,108.1,108.1,59.6
105.6,96.5,71.3,61.4,61.4,109.2,109.2,59.9
103.9,93.2,69.3,60.9,60.9,108.1,108.1,62.6
105.6,95.6,69.1,60.4,60.4,109.9,109.9,64.1
103.3,92.4,70.8,58.7,58.7,109.1,109.1,63.9
97.8,96.3,71.6,59.6,59.6,110.2,110.2,64.6
93.8,98.2,68.5,62.1,62.1,110.3,110.3,65.1
92.2,98.5,70.8,55.3,55.3,115.1,115.1,64.2
87.7,97.8,71.6,56.9,56.9,116.1,116.1,64.0
89.4,97.6,72.1,56.4,56.4,113.7,113.7,63.6
88.7,94.9,70.9,56.7,56.7,113.7,113.7,64.4
88.0,96.9,69.4,57.5,57.5,112.8,112.8,65.4
87.7,94.3,70.1,59.2,59.2,112.3,112.3,65.1
88.9,93.8,69.6,60.0,60.0,113.2,113.2,64.2
89.1,92.7,69.7,61.0,61.0,113.4,113.4,63.9
84.5,99.1,68.8,62.6,62.6,114.0,114.0,63.2
86.9,99.0,69.2,62.6,62.6,114.7,114.7,63.0
81.3,91.6,69.2,64.2,64.2,115.8,115.8,61.7
80.5,83.4,68.9,64.2,64.2,115.7,115.7,61.7
79.4,91.6,68.8,63.0,63.0,119.4,119.4,59.1
80.5,106.0,69.6,62.1,62.1,117.5,117.5,59.9
88.0,104.1,69.8,59.7,59.7,116.4,116.4,59.5
100.5,104.0,66.3,59.8,59.8,117.9,117.9,59.0
109.1,92.7,67.4,58.3,58.3,117.6,117.6,60.3
105.0,92.9,69.7,58.7,58.7,116.9,116.9,58.8
101.1,92.0,69.6,58.4,58.4,117.1,117.1,59.0
100.5,90.4,70.3,59.4,59.4,115.6,115.6,61.7
105.0,88.8,71.0,60.7,60.7,115.8,115.8,61.7
106.0,93.5,71.3,59.1,59.1,116.7,116.7,62.7
99.4,94.9,69.3,57.6,57.6,118.1,118.1,61.1
93.4,99.1,69.7,60.5,60.5,117.5,117.5,59.3
93.7,97.8,70.6,60.9,60.9,118.9,118.9,57.2
94.1,97.4,70.4,60.8,60.8,119.4,119.4,57.2
92.6,95.3,74.0,65.0,65.0,117.1,117.1,57.3
90.9,95.9,68.9,63.9,63.9,120.0,120.0,57.6
90.9,92.1,75.2,59.5,59.5,120.5,120.5,57.5
89.8,91.3,74.9,65.4,65.4,117.8,117.8,55.2
90.0,89.5,75.3,63.3,63.3,119.1,119.1,54.6
87.5,90.9,75.6,62.3,62.3,119.0,119.0,53.9
81.8,92.0,72.2,62.7,62.7,117.5,117.5,55.2
84.4,76.4,71.0,63.6,63.6,118.2,118.2,54.1
89.6,62.2,71.3,65.7,65.7,116.3,116.3,55.3
99.4,97.6,73.5,66.8,66.8,115.8,115.8,54.1
98.8,99.5,76.5,64.4,64.4,117.7,117.7,55.2
99.3,110.4,75.8,67.1,67.1,116.8,116.8,55.4
104.4,103.0,74.6,73.0,73.0,112.6,112.6,55.5
108.9,96.4,73.9,68.6,68.6,117.0,117.0,56.3
105.8,94.3,74.2,68.2,68.2,118.5,118.5,56.2
106.5,95.4,75.5,68.3,68.3,116.9,116.9,57.7
106.5,89.0,72.7,63.6,63.6,119.5,119.5,57.8
106.8,87.8,74.6,63.2,63.2,118.3,118.3,58.8
110.9,85.8,73.2,66.2,66.2,115.4,115.4,61.4
107.3,89.7,72.7,66.0,66.0,114.3,114.3,61.4
101.6,90.0,73.4,68.3,68.3,114.9,114.9,59.0
97.6,89.0,73.1,66.1,66.1,110.0,110.0,60.3
100.8,88.7,78.5,65.1,65.1,93.1,93.1,60.3
92.3,92.9,77.4,61.2,61.2,88.7,88.7,56.4
92.4,89.6,71.4,62.3,62.3,90.8,90.8,50.0
93.7,86.4,70.1,62.2,62.2,92.4,92.4,49.6
90.5,83.2,69.5,61.2,61.2,95.7,95.7,45.1
91.2,82.4,70.5,59.0,59.0,96.0,96.0,48.8
83.5,77.8,69.2,58.8,58.8,95.2,95.2,41.9
92.8,83.6,65.9,59.8,59.8,96.7,96.7,38.8
101.3,94.3,68.6,58.1,58.1,97.5,97.5,38.7
102.7,100.7,70.6,61.5,61.5,95.6,95.6,40.7
102.4,101.6,69.9,62.7,62.7,91.4,91.4,45.6
101.1,100.3,72.7,63.5,63.5,90.2,90.2,44.1
99.4,100.5,72.3,63.8,63.8,87.0,87.0,49.5
102.4,96.7,73.2,62.1,62.1,82.9,82.9,50.8
100.9,93.4,70.3,61.8,61.8,83.7,83.7,56.0
104.6,94.7,72.1,61.3,61.3,85.1,85.1,60.9
104.7,93.5,72.8,63.9,63.9,85.1,85.1,57.9
98.4,98.6,69.4,66.2,66.2,86.6,86.6,60.3
96.1,93.5,69.2,65.0,65.0,90.2,90.2,59.4
94.7,94.6,69.9,63.9,63.9,90.1,90.1,60.1
91.9,93.2,68.6,64.8,64.8,93.0,93.0,58.5
90.2,89.7,68.0,63.8,63.8,98.5,98.5,56.3
89.4,91.0,68.4,66.9,66.9,96.4,96.4,55.8
89.5,87.8,70.8,64.8,64.8,98.3,98.3,57.6
86.9,87.9,70.9,64.6,64.6,103.3,103.3,55.9
85.4,89.9,70.3,63.6,63.6,109.9,109.9,56.6
83.3,86.8,67.2,64.2,64.2,113.4,113.4,58.8
82.0,167.6,72.1,62.2,62.2,111.2,111.2,60.8
81.9,95.7,72.0,66.1,66.1,112.3,112.3,57.3
82.6,110.3,74.9,61.8,61.8,110.4,110.4,58.1
86.9,115.6,77.8,58.9,58.9,108.0,108.0,60.7
98.2,106.9,78.6,56.7,56.7,110.5,110.5,60.2
102.1,100.9,79.1,55.7,55.7,111.2,111.2,62.1
101.1,99.2,75.2,54.5,54.5,112.9,112.9,62.7
98.9,96.9,78.3,56.5,56.5,112.8,112.8,66.7
100.7,96.5,78.9,55.7,55.7,113.0,113.0,67.3
93.1,99.5,74.9,57.3,57.3,112.6,112.6,63.1
92.7,101.7,75.7,55.9,55.9,114.5,114.5,66.6
92.8,99.3,75.6,55.6,55.6,114.1,114.1,67.4
91.9,101.5,74.8,55.1,55.1,115.8,115.8,67.0
89.0,101.0,71.7,58.9,58.9,114.9,114.9,65.5
90.4,102.5,70.5,61.1,61.1,115.2,115.2,68.6
89.1,101.0,70.2,59.6,59.6,117.0,117.0,68.7
89.2,101.0,68.0,63.4,63.4,117.2,117.2,63.9
89.7,99.9,69.3,61.8,61.8,115.5,115.5,63.1
90.9,99.7,69.0,63.0,63.0,119.9,119.9,60.3
90.5,97.8,69.8,63.0,63.0,117.7,117.7,62.1
88.0,100.7,68.8,61.7,61.7,118.1,118.1,61.7
86.7,101.2,72.5,65.3,65.3,118.5,118.5,61.6
79.7,94.0,72.0,66.8,66.8,118.2,118.2,61.8
82.4,82.1,71.5,66.8,66.8,116.5,116.5,61.6
89.7,59.4,68.7,66.2,66.2,115.0,115.0,62.4
97.9,97.7,67.7,66.3,66.3,115.7,115.7,62.8
101.2,96.5,70.8,66.9,66.9,115.7,115.7,62.7
102.0,102.5,72.2,66.3,66.3,117.0,117.0,62.2
98.1,106.3,72.3,66.1,66.1,116.9,116.9,61.9
101.6,104.7,71.7,66.5,66.5,118.0,118.0,61.5
107.6,92.3,72.0,65.4,65.4,121.2,121.2,61.9
106.7,88.3,71.8,68.6,68.6,119.2,119.2,61.1
102.3,88.7,71.6,66.3,66.3,123.8,123.8,61.2
108.2,79.5,64.5,72.1,72.1,124.2,124.2,60.7
107.3,76.8,71.8,65.9,65.9,122.0,122.0,62.2
107.0,77.2,72.4,67.9,67.9,120.8,120.8,60.9
101.5,77.8,71.4,70.6,70.6,120.1,120.1,60.4
94.4,78.3,68.2,75.4,75.4,119.1,119.1,59.4
90.1,80.2,67.4,65.7,65.7,125.7,125.7,59.3
82.8,82.7,67.4,76.0,76.0,118.0,118.0,58.0
87.0,98.6,63.7,77.7,77.7,117.1,117.1,57.9
98.2,83.4,68.0,76.3,76.3,114.7,114.7,57.9
99.8,96.8,67.5,76.4,76.4,116.2,116.2,56.3
104.3,105.7,71.5,67.9,67.9,117.8,117.8,57.0
105.6,102.7,71.0,64.7,64.7,116.3,116.3,57.5
105.3,100.3,71.2,64.2,64.2,117.6,117.6,57.7
102.9,98.5,71.3,73.0,73.0,112.7,112.7,58.0
102.3,91.8,70.9,68.0,68.0,116.3,116.3,58.6
100.0,91.0,66.6,74.1,74.1,117.3,117.3,57.9
101.1,87.5,72.5,64.3,64.3,119.8,119.8,58.2
101.1,88.5,73.9,65.9,65.9,118.2,118.2,57.7
96.3,95.2,74.0,66.4,66.4,117.4,117.4,57.7
96.1,91.2,74.8,66.2,66.2,118.4,118.4,57.5
93.0,92.8,75.8,65.6,65.6,118.7,118.7,56.9
93.1,88.2,75.0,66.4,66.4,118.3,118.3,57.0
90.0,87.0,69.8,67.1,67.1,119.5,119.5,56.5
90.9,86.3,70.4,70.3,70.3,116.7,116.7,56.4
90.5,83.0,77.0,62.8,62.8,117.9,117.9,56.6
89.8,82.6,76.0,64.2,64.2,116.7,116.7,56.9
85.2,89.3,76.2,67.5,67.5,115.3,115.3,55.7
81.4,79.6,75.6,74.0,74.0,108.5,108.5,56.7
89.4,54.4,71.8,66.7,66.7,114.7,114.7,56.7
98.4,99.7,75.2,66.4,66.4,116.6,116.6,56.8
97.3,101.6,75.4,67.5,67.5,116.4,116.4,56.1
98.8,109.3,69.0,69.8,69.8,116.7,116.7,55.8
98.1,112.4,74.3,68.1,68.1,116.3,116.3,55.2
102.4,102.4,73.6,67.6,67.6,116.9,116.9,56.3
104.3,101.5,73.4,72.8,72.8,112.8,112.8,56.9
103.8,97.8,69.6,65.1,65.1,118.1,118.1,56.1
104.0,99.1,70.7,65.6,65.6,115.3,115.3,56.8
103.6,93.9,76.4,59.8,59.8,115.9,115.9,55.8
102.6,97.6,72.8,64.3,64.3,115.4,115.4,57.2
101.0,94.6,78.3,59.0,59.0,115.1,115.1,57.3
98.3,94.5,74.0,64.2,64.2,113.9,113.9,58.6
102.4,95.4,74.4,63.3,63.3,114.4,114.4,57.6
98.7,92.1,74.6,63.4,63.4,115.2,115.2,57.8
98.3,94.2,74.6,62.1,62.1,115.5,115.5,58.3
94.6,90.8,74.6,61.6,61.6,116.7,116.7,59.3
91.5,89.4,75.1,61.1,61.1,117.1,117.1,59.0
93.8,88.1,75.5,65.3,65.3,114.0,114.0,58.8
93.0,85.2,74.9,65.4,65.4,111.9,111.9,59.1
93.1,87.5,74.5,68.0,68.0,110.8,110.8,58.6
94.7,81.5,70.1,70.0,70.0,104.8,104.8,57.9
95.5,82.1,70.7,69.8,69.8,94.3,94.3,60.1
95.7,81.6,77.9,64.3,64.3,86.0,86.0,60.2
94.4,82.9,75.4,64.1,64.1,86.0,86.0,54.5
92.1,85.6,75.0,60.3,60.3,86.3,86.3,48.7
83.3,88.6,73.4,60.2,60.2,87.4,87.4,47.5
87.7,59.1,72.5,60.9,60.9,93.8,93.8,39.7
94.9,89.2,75.3,57.5,57.5,94.5,94.5,41.4
100.6,92.0,71.0,61.6,61.6,93.1,93.1,41.2
99.4,105.0,69.7,63.1,63.1,98.3,98.3,39.5
107.0,98.9,73.7,62.5,62.5,90.6,90.6,39.8
105.9,97.2,73.0,63.0,63.0,88.9,88.9,48.4
107.0,93.1,72.4,62.4,62.4,89.8,89.8,45.9
106.2,88.0,70.9,62.8,62.8,90.1,90.1,53.3
103.3,84.8,67.2,65.6,65.6,90.1,90.1,60.1
105.0,82.4,71.3,63.7,63.7,87.1,87.1,61.7
101.4,82.0,71.9,63.5,63.5,85.6,85.6,62.2
96.3,85.4,72.0,63.1,63.1,85.8,85.8,62.1
94.3,83.9,68.0,64.0,64.0,87.7,87.7,62.0
92.0,81.3,69.0,64.0,64.0,91.1,91.1,60.5
91.6,78.7,69.2,63.2,63.2,92.2,92.2,60.9
88.5,82.3,69.9,63.7,63.7,98.4,98.4,56.5
89.2,79.9,71.0,62.2,62.2,99.4,99.4,57.1
87.6,79.9,70.9,67.1,67.1,97.4,97.4,55.7
83.9,81.9,68.9,65.8,65.8,95.8,95.8,58.5
79.4,114.2,65.2,67.9,67.9,103.5,103.5,54.9
86.6,88.3,68.7,59.5,59.5,107.8,107.8,55.3
90.9,108.0,70.4,62.6,62.6,104.3,104.3,56.0
100.2,106.0,67.7,64.1,64.1,106.7,106.7,55.5
102.8,102.8,67.7,62.8,62.8,107.1,107.1,58.1
101.4,93.9,67.5,64.5,64.5,106.5,106.5,58.0
100.1,91.8,74.5,65.5,65.5,104.5,104.5,57.4
98.7,88.2,67.0,67.5,67.5,108.0,108.0,59.0
97.9,89.3,64.9,67.7,67.7,111.9,111.9,58.5
94.3,90.2,71.3,62.9,62.9,113.1,113.1,58.8
94.1,93.7,72.4,65.7,65.7,111.9,111.9,59.0
92.6,92.1,67.6,70.1,70.1,112.0,112.0,58.7
92.4,93.6,71.5,69.6,69.6,110.7,110.7,56.2
91.2,95.0,67.2,72.8,72.8,111.3,111.3,57.0
93.6,94.6,70.3,69.9,69.9,113.2,113.2,57.4
93.7,86.7,70.8,70.1,70.1,113.4,113.4,57.8
93.5,86.6,69.8,68.5,68.5,114.4,114.4,57.0
94.0,85.7,74.7,63.8,63.8,113.5,113.5,57.9
92.3,89.0,74.3,63.8,63.8,112.4,112.4,58.9
92.0,84.1,73.4,63.5,63.5,111.5,111.5,62.9
87.7,84.2,72.2,63.5,63.5,111.5,111.5,62.2
86.4,83.3,71.6,63.4,63.4,111.4,111.4,61.6
81.7,83.6,73.1,64.5,64.5,112.0,112.0,60.9
88.0,87.5,72.0,64.2,64.2,112.2,112.2,59.9
99.6,98.3,72.3,60.3,60.3,117.5,117.5,60.8
104.8,102.4,70.9,60.3,60.3,118.4,118.4,62.7
107.1,102.7,68.8,62.9,62.9,117.3,117.3,59.7
105.7,97.6,67.9,61.9,61.9,116.8,116.8,60.2
107.0,94.7,71.9,59.6,59.6,114.2,114.2,64.2
106.0,96.2,73.9,63.7,63.7,109.3,109.3,63.9
105.2,93.7,73.5,63.4,63.4,108.7,108.7,63.5
101.4,92.6,75.5,60.9,60.9,109.2,109.2,62.4
104.0,94.6,77.8,59.2,59.2,108.7,108.7,62.0
104.1,94.8,78.8,59.4,59.4,109.7,109.7,60.9
102.3,94.1,78.5,59.1,59.1,109.7,109.7,61.8
103.6,94.4,75.6,62.2,62.2,108.4,108.4,62.4
101.6,94.0,76.4,56.2,56.2,115.0,115.0,60.3
97.8,91.5,75.3,56.0,56.0,114.7,114.7,59.9
95.4,90.2,75.3,55.8,55.8,111.1,111.1,62.5
94.0,91.8,75.2,55.5,55.5,109.9,109.9,63.0
95.4,91.6,75.4,58.0,58.0,106.8,106.8,63.7
93.7,91.6,76.3,62.9,62.9,99.2,99.2,61.9
94.2,88.1,76.8,64.4,64.4,93.9,93.9,61.3
94.1,82.7,72.8,65.1,65.1,95.9,95.9,59.7
96.7,87.1,73.4,61.6,61.6,90.8,90.8,61.2
97.1,85.7,73.5,57.6,57.6,87.6,87.6,65.1
96.1,89.8,78.3,53.5,53.5,88.1,88.1,62.2
94.0,96.4,74.9,54.8,54.8,87.6,87.6,58.4
94.4,99.1,72.8,52.6,52.6,92.5,92.5,50.9
93.6,95.5,70.1,51.1,51.1,87.8,87.8,54.6
91.4,95.8,66.5,49.9,49.9,81.5,81.5,51.8
82.5,80.0,65.1,48.1,48.1,82.1,82.1,49.5
81.6,83.9,63.8,46.0,46.0,81.4,81.4,46.0
88.0,105.7,57.2,49.0,49.0,81.2,81.2,47.5
99.4,90.8,58.7,49.6,49.6,81.0,81.0,41.7
108.4,96.7,58.2,48.7,48.7,79.9,79.9,41.1
107.3,99.5,58.3,50.3,50.3,79.4,79.4,38.8
107.1,97.8,59.0,50.0,50.0,80.0,80.0,34.4
108.4,93.7,56.9,49.9,49.9,77.3,77.3,35.8
109.0,91.6,56.2,49.5,49.5,74.3,74.3,35.2
109.5,89.7,52.9,49.7,49.7,74.5,74.5,34.7
108.5,88.2,56.0,48.2,48.2,70.8,70.8,35.9
108.1,90.3,58.4,44.5,44.5,70.4,70.4,42.7
107.5,90.4,58.6,44.0,44.0,69.8,69.8,41.5
102.1,91.7,58.7,42.3,42.3,68.0,68.0,35.5
97.3,86.8,55.1,41.3,41.3,67.6,67.6,45.6
96.1,92.5,51.9,47.1,47.1,64.9,64.9,48.4
94.4,92.7,53.5,46.3,46.3,99.8,99.8,87.0
94.1,88.0,51.1,46.0,46.0,95.5,95.5,93.8
94.6,85.9,58.5,45.4,45.4,95.3,95.3,98.5
93.6,81.9,57.7,45.3,45.3,95.5,95.5,70.5
92.7,80.6,54.0,49.4,49.4,92.4,92.4,94.1
92.6,79.3,52.2,45.8,45.8,92.4,92.4,83.8
91.4,80.5,51.3,45.5,45.5,91.0,91.0,76.0
87.5,83.5,47.1,44.2,44.2,93.5,93.5,69.4
83.9,158.3,45.1,43.1,43.1,70.8,70.8,45.1
81.0,89.0,48.8,40.8,40.8,66.0,66.0,39.7
80.8,116.3,48.8,42.0,42.0,64.2,64.2,42.0
90.6,97.0,48.6,43.3,43.3,63.4,63.4,40.9
102.1,101.6,48.5,43.5,43.5,65.5,65.5,48.5
104.9,103.0,51.5,43.3,43.3,83.6,83.6,66.2
104.8,102.9,51.0,45.1,45.1,90.9,90.9,75.2
101.2,95.2,49.6,46.4,46.4,99.1,99.1,84.5
104.5,92.6,50.0,47.0,47.0,100.8,100.8,88.4
103.1,95.3,53.8,42.3,42.3,97.8,97.8,98.7
96.5,100.2,55.8,42.9,42.9,98.6,98.6,75.7
99.1,96.7,56.9,41.5,41.5,98.7,98.7,79.1
95.9,98.9,57.1,43.0,43.0,94.2,94.2,78.3
94.6,101.2,57.2,46.6,46.6,87.9,87.9,73.7
91.7,98.1,57.7,45.3,45.3,87.4,87.4,74.1
89.8,99.6,54.7,47.4,47.4,86.6,86.6,87.5
91.7,97.8,53.6,42.6,42.6,90.7,90.7,85.5
92.4,94.6,52.5,42.6,42.6,89.7,89.7,80.7
92.4,95.4,52.4,41.5,41.5,88.0,88.0,68.9
93.0,93.1,52.7,41.2,41.2,63.8,63.8,40.7
95.5,92.3,51.8,41.3,41.3,63.9,63.9,44.8
96.7,88.9,53.3,41.9,41.9,63.1,63.1,40.3
97.7,89.5,53.7,40.7,40.7,87.2,87.2,75.8
96.8,89.7,54.3,43.0,43.0,91.4,91.4,81.9
96.9,92.1,51.6,48.6,48.6,93.0,93.0,92.8
92.7,102.1,55.2,44.6,44.6,95.1,95.1,97.6
96.3,96.9,55.2,44.0,44.0,95.9,95.9,108.8
87.4,106.2,56.5,43.9,43.9,91.0,91.0,103.6
84.9,182.5,55.9,43.1,43.1,89.4,89.4,91.3
79.9,95.4,51.8,41.8,41.8,87.6,87.6,91.4
80.6,98.7,51.4,41.3,41.3,85.7,85.7,79.0
86.9,104.9,48.0,44.4,44.4,83.3,83.3,73.8
98.6,99.1,50.3,36.4,36.4,87.6,87.6,70.2
104.3,102.4,50.1,36.2,36.2,87.1,87.1,66.6
105.0,101.4,51.7,39.3,39.3,82.6,82.6,61.8
108.4,94.9,51.7,40.6,40.6,82.3,82.3,61.4
107.6,97.2,53.2,40.5,40.5,82.4,82.4,64.7
106.7,93.2,51.4,43.4,43.4,58.8,58.8,23.9
105.9,96.9,48.8,43.7,43.7,59.6,59.6,28.8
105.6,98.0,49.0,44.0,44.0,60.2,60.2,29.7
103.3,95.6,48.4,45.5,45.5,59.4,59.4,30.0
97.4,95.9,48.1,44.3,44.3,60.1,60.1,29.8
95.6,100.8,51.6,40.2,40.2,60.8,60.8,29.5
95.2,98.9,51.9,40.4,40.4,60.8,60.8,28.0
91.4,100.0,52.4,40.5,40.5,59.7,59.7,26.8
93.3,97.2,57.0,41.8,41.8,58.9,58.9,27.3
92.8,94.0,54.7,44.9,44.9,58.7,58.7,27.4
93.2,95.0,54.7,44.5,44.5,58.3,58.3,27.5
92.3,91.6,56.0,44.7,44.7,58.0,58.0,28.3
91.9,91.5,55.9,44.8,44.8,57.6,57.6,22.4
95.0,92.6,58.9,42.9,42.9,57.2,57.2,23.2
96.4,92.6,57.7,43.6,43.6,60.1,60.1,28.6
98.0,92.2,58.5,42.8,42.8,60.8,60.8,23.3
99.0,95.6,53.2,45.6,45.6,61.0,61.0,23.4
94.6,104.1,56.8,41.5,41.5,62.8,62.8,29.4
91.7,105.0,55.6,41.7,41.7,61.2,61.2,26.4
87.6,105.8,55.3,42.9,42.9,58.4,58.4,23.1
87.4,84.7,55.6,43.1,43.1,59.0,59.0,22.5
77.8,89.8,55.1,43.6,43.6,59.5,59.5,26.6
79.5,87.2,55.1,44.4,44.4,61.5,61.5,29.8
87.5,94.4,55.4,43.8,43.8,62.2,62.2,26.9
100.2,84.8,53.4,43.7,43.7,64.6,64.6,24.2
103.6,92.9,53.7,44.3,44.3,65.0,65.0,30.0
108.2,88.7,52.8,44.1,44.1,67.7,67.7,22.7
106.8,86.9,53.9,44.9,44.9,68.5,68.5,23.0
101.3,83.5,54.2,45.5,45.5,70.0,70.0,24.8
99.9,80.3,55.8,45.9,45.9,70.7,70.7,23.6
97.1,78.4,56.7,45.2,45.2,72.3,72.3,22.9
94.7,79.4,57.2,45.7,45.7,72.6,72.6,22.5
93.4,79.5,57.1,45.4,45.4,74.7,74.7,22.4
93.0,76.3,56.6,45.7,45.7,74.5,74.5,21.5
92.8,75.7,57.0,45.7,45.7,72.6,72.6,21.0
92.1,75.3,57.3,45.8,45.8,72.4,72.4,22.2
91.1,74.6,56.9,46.1,46.1,69.9,69.9,24.9
84.4,79.6,56.9,46.0,46.0,69.1,69.1,26.4
82.2,73.7,57.0,46.2,46.2,69.0,69.0,26.9
87.2,79.0,57.0,45.7,45.7,68.1,68.1,28.0
87.7,86.7,57.4,46.0,46.0,68.7,68.7,27.7
95.3,83.0,57.5,45.9,45.9,67.7,67.7,28.3
101.8,97.3,58.1,49.8,49.8,63.0,63.0,27.6
105.7,97.4,58.1,49.1,49.1,65.1,65.1,27.8
106.5,92.7,58.1,49.8,49.8,66.2,66.2,26.1
104.7,93.0,58.5,50.6,50.6,67.0,67.0,25.5
103.6,93.8,59.0,45.9,45.9,67.3,67.3,24.8
102.4,89.7,58.9,45.1,45.1,68.1,68.1,24.2
102.6,88.0,58.2,45.5,45.5,68.3,68.3,23.9
102.0,82.4,58.7,45.4,45.4,68.7,68.7,23.9
102.4,78.6,59.0,44.7,44.7,69.3,69.3,22.7
99.0,81.2,58.1,45.3,45.3,69.4,69.4,23.1
96.8,83.4,57.4,44.5,44.5,71.6,71.6,21.0
93.3,85.1,57.5,44.1,44.1,71.8,71.8,21.4
93.6,84.9,57.0,43.2,43.2,72.6,72.6,21.3
93.3,81.1,59.0,41.6,41.6,71.6,71.6,21.3
91.9,81.7,54.9,45.9,45.9,72.5,72.5,22.4
90.8,80.2,55.5,45.3,45.3,73.0,73.0,25.3
92.1,78.0,56.0,45.3,45.3,70.4,70.4,21.2
90.4,79.5,55.8,48.7,48.7,65.8,65.8,21.8
87.8,80.3,56.9,44.3,44.3,69.5,69.5,22.3
87.1,80.0,56.2,44.7,44.7,69.5,69.5,22.6
82.3,85.2,55.1,44.4,44.4,68.9,68.9,22.7
81.0,87.9,55.6,43.9,43.9,70.4,70.4,22.4
82.2,99.5,55.0,47.5,47.5,67.5,67.5,23.1
89.8,102.0,55.5,47.8,47.8,67.5,67.5,26.2
101.6,96.2,60.0,43.1,43.1,69.6,69.6,21.0
104.2,97.3,60.2,43.6,43.6,69.5,69.5,22.3
104.3,95.7,59.7,44.6,44.6,68.7,68.7,22.2
107.3,93.4,59.4,44.6,44.6,69.2,69.2,22.3
103.7,92.3,57.1,45.0,45.0,68.8,68.8,22.7
103.8,90.1,57.0,44.8,44.8,69.4,69.4,21.2
102.8,92.4,56.1,45.4,45.4,70.2,70.2,22.7
100.4,89.4,55.8,45.5,45.5,70.3,70.3,22.4
96.4,92.1,56.1,45.5,45.5,70.1,70.1,21.7
95.7,94.4,56.1,45.0,45.0,70.4,70.4,21.6
94.6,97.2,55.8,45.0,45.0,70.7,70.7,21.5
93.7,93.8,55.8,45.2,45.2,69.7,69.7,23.7
94.5,93.3,56.1,44.2,44.2,68.7,68.7,23.5
92.4,95.3,54.6,46.7,46.7,69.7,69.7,23.2
92.7,91.8,55.2,46.2,46.2,70.1,70.1,23.3
93.6,90.3,58.3,43.7,43.7,70.2,70.2,22.0
93.9,87.6,58.1,43.7,43.7,70.1,70.1,20.6
90.8,88.0,54.4,49.1,49.1,70.1,70.1,22.6
94.9,89.9,54.7,49.5,49.5,69.9,69.9,20.8
90.0,89.7,54.7,49.0,49.0,70.3,70.3,19.8
83.1,82.8,59.2,43.7,43.7,70.2,70.2,20.9
80.4,89.4,59.6,44.4,44.4,68.5,68.5,22.6
81.9,100.5,58.6,45.2,45.2,68.0,68.0,23.1
87.5,102.2,59.0,45.2,45.2,68.4,68.4,26.7
97.9,97.5,59.3,45.0,45.0,70.0,70.0,28.4
100.4,111.4,59.0,45.0,45.0,70.2,70.2,28.6
101.3,109.0,58.7,45.2,45.2,69.2,69.2,30.2
104.7,108.4,57.2,44.2,44.2,71.4,71.4,30.4
105.1,103.9,58.1,44.7,44.7,72.3,72.3,29.6
103.6,97.8,57.6,44.9,44.9,72.4,72.4,27.1
105.4,97.6,56.4,44.8,44.8,72.5,72.5,24.1
103.0,94.6,56.1,44.1,44.1,72.4,72.4,22.3
102.2,92.9,54.9,45.8,45.8,71.1,71.1,22.8
102.3,90.9,54.8,46.1,46.1,72.6,72.6,21.0
97.8,92.2,54.4,45.6,45.6,72.0,72.0,20.0
95.3,97.5,54.1,45.7,45.7,72.0,72.0,19.4
93.3,96.6,54.3,45.5,45.5,73.0,73.0,19.9
93.3,96.8,53.9,45.1,45.1,70.8,70.8,21.0
91.3,94.4,52.1,46.1,46.1,71.1,71.1,21.9
92.8,91.5,52.2,45.5,45.5,72.4,72.4,24.2
93.9,89.9,52.4,43.9,43.9,75.6,75.6,27.6
95.4,87.1,52.1,43.3,43.3,71.9,71.9,21.9
97.1,86.6,54.5,43.9,43.9,71.2,71.2,22.5
98.1,85.4,54.8,43.6,43.6,69.7,69.7,21.9
99.3,85.9,55.0,44.3,44.3,69.6,69.6,21.5
98.3,90.1,55.0,43.5,43.5,69.6,69.6,21.3
95.1,92.4,55.7,43.6,43.6,70.0,70.0,19.7
88.5,88.5,54.9,45.9,45.9,69.1,69.1,21.4
82.1,86.4,59.6,43.8,43.8,67.7,67.7,22.5
80.8,96.0,59.3,44.6,44.6,69.2,69.2,20.0
81.9,103.1,59.3,44.5,44.5,69.3,69.3,20.7
90.8,101.6,59.7,44.5,44.5,70.8,70.8,19.9
101.9,105.8,56.2,44.8,44.8,71.5,71.5,18.8
106.3,102.4,54.1,44.2,44.2,73.6,73.6,20.9
105.5,97.4,54.0,42.9,42.9,73.6,73.6,21.9
106.3,95.6,54.4,43.6,43.6,74.4,74.4,22.2
103.6,97.2,55.6,43.7,43.7,74.0,74.0,22.0
99.8,99.8,54.8,44.1,44.1,73.6,73.6,22.0
96.3,99.6,54.8,44.9,44.9,73.7,73.7,22.0
93.8,100.1,55.6,45.1,45.1,72.7,72.7,22.1
90.8,99.6,55.3,44.9,44.9,72.8,72.8,21.7
89.6,97.7,54.8,44.9,44.9,72.7,72.7,21.6
88.8,96.5,55.5,44.5,44.5,72.1,72.1,21.2
88.5,97.8,55.2,44.8,44.8,72.3,72.3,21.4
89.9,95.6,54.9,44.4,44.4,72.0,72.0,21.7
92.3,95.6,52.0,47.0,47.0,71.7,71.7,23.6
93.8,93.5,52.3,45.5,45.5,70.4,70.4,23.5
98.4,91.2,52.0,45.3,45.3,71.9,71.9,25.3
99.2,90.3,54.6,43.0,43.0,74.5,74.5,25.4
98.2,93.1,53.9,44.4,44.4,72.3,72.3,23.2
97.3,96.8,54.0,44.4,44.4,72.1,72.1,22.7
92.5,100.9,54.0,44.6,44.6,71.7,71.7,21.9
87.4,102.0,53.9,45.0,45.0,71.1,71.1,22.3
86.0,96.2,54.5,44.3,44.3,72.3,72.3,19.6
81.3,84.9,55.5,44.1,44.1,72.7,72.7,19.9
80.7,96.6,54.7,45.0,45.0,71.0,71.0,22.0
81.1,103.5,57.6,40.3,40.3,72.9,72.9,21.8
88.2,100.0,58.6,43.8,43.8,72.0,72.0,19.9
99.3,99.6,58.1,43.6,43.6,75.0,75.0,22.3
102.0,106.1,58.6,45.3,45.3,72.8,72.8,22.7
101.7,108.9,57.8,44.2,44.2,73.2,73.2,22.2
105.6,105.6,58.2,44.5,44.5,73.6,73.6,25.5
105.5,102.8,58.6,43.8,43.8,76.3,76.3,26.3
105.9,98.1,58.3,43.8,43.8,74.1,74.1,27.2
105.0,99.7,57.7,43.4,43.4,74.3,74.3,28.7
103.2,97.2,57.4,43.5,43.5,74.1,74.1,28.1
99.9,93.7,58.1,43.4,43.4,74.1,74.1,29.9
99.1,94.1,57.9,44.0,44.0,73.6,73.6,30.2
96.6,92.4,57.6,44.6,44.6,72.4,72.4,29.7
94.0,92.8,56.7,44.2,44.2,74.0,74.0,27.4
90.5,96.7,56.0,42.3,42.3,74.0,74.0,23.9
89.8,94.3,52.7,44.2,44.2,73.9,73.9,24.2
92.1,95.6,52.7,44.1,44.1,73.9,73.9,21.6
92.1,93.3,53.4,44.2,44.2,74.4,74.4,19.9
92.5,92.2,53.5,44.4,44.4,72.7,72.7,18.4
93.2,89.7,55.5,43.9,43.9,72.8,72.8,21.2
95.9,89.1,55.5,45.0,45.0,72.7,72.7,24.2
95.1,91.8,55.9,44.9,44.9,72.1,72.1,26.4
89.5,95.9,56.3,44.8,44.8,72.9,72.9,21.2
86.1,84.2,57.5,44.8,44.8,71.3,71.3,20.6
81.5,86.5,61.4,42.8,42.8,74.4,74.4,18.7
81.1,92.8,58.1,46.8,46.8,74.3,74.3,21.4
88.6,96.8,61.3,43.5,43.5,76.5,76.5,23.9
99.0,94.3,62.7,43.9,43.9,77.9,77.9,24.6
100.7,100.7,58.2,48.2,48.2,79.6,79.6,30.3
104.1,110.0,60.1,49.5,49.5,80.2,80.2,31.1
104.8,108.0,58.2,48.8,48.8,81.8,81.8,37.6
100.9,107.0,60.4,48.0,48.0,81.4,81.4,40.2
103.0,101.6,61.5,48.5,48.5,84.7,84.7,40.2
102.8,101.3,62.8,49.4,49.4,86.2,86.2,45.7
101.3,97.4,63.1,49.4,49.4,89.8,89.8,47.9
104.5,94.9,63.3,50.2,50.2,92.1,92.1,54.4
102.8,94.6,63.9,49.2,49.2,97.0,97.0,60.4
103.7,89.1,63.9,50.6,50.6,94.7,94.7,63.5
99.7,92.7,63.8,49.0,49.0,92.6,92.6,63.8
94.2,91.0,62.8,49.8,49.8,85.7,85.7,56.4
95.0,93.1,61.9,48.0,48.0,85.3,85.3,52.0
92.8,93.2,61.2,47.2,47.2,81.4,81.4,45.0
95.2,85.9,62.1,46.5,46.5,80.8,80.8,33.4
93.2,87.2,59.0,46.9,46.9,81.2,81.2,31.7
92.8,90.8,59.2,45.7,45.7,79.9,79.9,29.0
91.8,86.9,58.4,47.2,47.2,77.1,77.1,26.4
93.5,83.8,57.9,46.6,46.6,77.8,77.8,23.4
93.7,82.3,57.0,44.8,44.8,79.2,79.2,21.6
88.6,86.5,57.1,45.2,45.2,78.0,78.0,17.8
83.8,85.6,57.7,45.4,45.4,81.7,81.7,19.0
82.5,87.4,58.7,49.3,49.3,79.4,79.4,22.0
82.4,107.8,58.7,49.3,49.3,81.1,81.1,21.1
90.0,98.7,62.7,45.6,45.6,81.5,81.5,23.0
101.8,98.4,63.1,46.4,46.4,83.5,83.5,23.8
103.6,107.6,64.3,47.0,47.0,82.0,82.0,25.8
104.5,107.1,62.4,49.2,49.2,82.6,82.6,29.2
105.5,101.2,61.4,48.4,48.4,83.8,83.8,29.4
104.8,96.3,64.2,46.4,46.4,87.1,87.1,30.1
105.8,97.3,64.0,48.5,48.5,87.4,87.4,31.2
103.5,94.8,63.3,48.6,48.6,88.6,88.6,32.7
104.2,96.6,64.7,48.7,48.7,90.5,90.5,33.3
103.2,96.0,64.6,46.5,46.5,94.4,94.4,36.5
103.7,95.6,62.4,49.4,49.4,95.8,95.8,37.2
95.4,103.5,61.4,50.2,50.2,96.2,96.2,38.0
94.1,96.6,61.5,48.2,48.2,100.5,100.5,38.3
94.0,99.9,61.4,50.8,50.8,96.0,96.0,38.7
94.5,97.4,61.9,50.0,50.0,92.7,92.7,40.6
91.1,97.3,62.1,50.4,50.4,91.7,91.7,40.8
94.1,94.8,65.3,47.4,47.4,91.8,91.8,42.1
88.5,97.8,65.3,47.7,47.7,94.3,94.3,41.7
92.6,94.0,65.8,47.9,47.9,93.1,93.1,44.1
90.2,93.7,63.0,50.3,50.3,92.2,92.2,49.1
95.0,90.0,63.0,50.2,50.2,92.5,92.5,53.6
96.0,89.7,62.9,48.5,48.5,90.4,90.4,57.5
96.6,88.9,62.3,47.0,47.0,83.9,83.9,52.3
98.2,88.6,64.2,47.1,47.1,79.0,79.0,39.1
94.7,90.6,62.1,45.3,45.3,73.5,73.5,37.5
89.9,96.2,61.8,45.5,45.5,75.9,75.9,31.4
89.8,96.6,61.8,45.2,45.2,74.7,74.7,27.0
89.2,96.5,58.3,46.8,46.8,74.9,74.9,26.9
94.0,97.4,57.9,45.7,45.7,77.9,77.9,20.7
94.1,98.7,56.0,48.4,48.4,77.6,77.6,23.0
93.5,99.6,56.7,48.9,48.9,72.1,72.1,25.3
92.5,98.2,54.7,47.9,47.9,72.3,72.3,26.5
89.2,98.0,54.6,48.6,48.6,73.2,73.2,29.6
93.2,98.7,57.8,44.4,44.4,73.6,73.6,29.9
93.0,105.9,57.4,43.3,43.3,79.9,79.9,31.8
82.2,98.4,57.9,44.5,44.5,78.0,78.0,32.4
74.8,95.0,60.1,47.5,47.5,80.8,80.8,37.1
79.9,105.8,62.1,48.3,48.3,84.1,84.1,38.9
88.2,103.6,65.1,48.8,48.8,86.1,86.1,45.6
106.8,100.9,66.1,51.3,51.3,91.1,91.1,49.0
105.4,98.0,67.6,53.8,53.8,92.9,92.9,53.9
105.7,100.2,68.1,55.1,55.1,96.6,96.6,57.2
103.6,98.8,67.9,58.9,58.9,98.2,98.2,61.5
105.9,100.3,67.2,60.1,60.1,94.3,94.3,66.5
100.2,100.7,67.2,57.4,57.4,95.4,95.4,63.6
94.7,100.0,66.6,55.3,55.3,95.8,95.8,61.3
95.1,99.6,66.4,52.2,52.2,96.4,96.4,54.9
95.7,96.5,66.8,50.2,50.2,95.6,95.6,50.5
92.6,98.5,66.8,49.3,49.3,94.6,94.6,40.6
91.7,99.6,67.0,47.7,47.7,87.2,87.2,31.0
92.4,97.8,65.5,47.0,47.0,84.0,84.0,30.9
92.0,97.4,59.1,49.2,49.2,80.2,80.2,25.4
92.7,97.9,54.8,44.1,44.1,84.5,84.5,22.1
92.2,97.1,53.6,44.7,44.7,84.4,84.4,25.1
93.5,94.6,52.1,43.7,43.7,90.9,90.9,45.7
88.7,99.7,51.9,41.4,41.4,95.3,95.3,63.1
88.5,99.5,51.5,39.7,39.7,93.3,93.3,64.2
87.9,102.1,51.7,41.1,41.1,92.2,92.2,63.9
86.9,104.8,52.8,40.7,40.7,90.6,90.6,63.7
85.4,108.4,53.6,44.4,44.4,83.2,83.2,65.6
84.8,111.1,55.0,41.4,41.4,71.9,71.9,37.2
88.2,104.9,52.7,41.4,41.4,72.5,72.5,35.5
85.8,101.9,51.5,42.4,42.4,74.3,74.3,28.5
73.1,101.3,50.7,36.7,36.7,79.1,79.1,25.4
79.7,111.6,49.2,42.8,42.8,74.6,74.6,27.6
89.4,110.9,48.3,42.8,42.8,76.1,76.1,24.2
101.9,104.4,48.1,46.9,46.9,76.0,76.0,23.8
102.5,101.2,50.7,45.2,45.2,78.5,78.5,21.5
105.7,96.8,51.6,46.1,46.1,77.6,77.6,22.0
104.4,96.5,52.0,44.9,44.9,80.0,80.0,21.5
103.6,96.4,54.1,45.0,45.0,81.4,81.4,19.9
98.3,100.0,53.7,44.1,44.1,83.7,83.7,20.1
99.8,100.8,54.8,43.9,43.9,82.6,82.6,21.0
95.2,100.3,53.3,44.4,44.4,83.2,83.2,21.0
92.8,101.5,53.7,43.6,43.6,84.8,84.8,20.3
90.5,100.2,55.5,43.0,43.0,85.5,85.5,20.2
90.7,101.0,57.0,43.5,43.5,83.9,83.9,20.8
91.0,102.2,57.3,43.6,43.6,83.5,83.5,20.8
90.7,97.4,58.4,43.5,43.5,84.4,84.4,20.9
90.8,96.7,58.9,43.9,43.9,84.4,84.4,20.8
91.5,96.0,59.8,43.9,43.9,85.2,85.2,21.8
93.2,94.1,60.2,43.0,43.0,85.6,85.6,21.8
95.3,92.8,59.9,43.8,43.8,85.4,85.4,21.1
95.6,90.8,60.1,47.9,47.9,81.8,81.8,22.6
92.0,96.8,62.7,49.7,49.7,82.6,82.6,22.4
92.7,98.1,53.9,48.0,48.0,84.4,84.4,23.7
94.4,100.5,53.8,45.4,45.4,87.0,87.0,23.7
91.9,103.2,54.6,43.8,43.8,86.3,86.3,26.5
86.2,106.5,54.4,49.1,49.1,80.5,80.5,29.5
77.1,98.7,55.2,48.4,48.4,82.7,82.7,31.7
79.2,100.3,55.8,47.5,47.5,87.1,87.1,34.6
81.5,111.6,56.8,47.6,47.6,90.9,90.9,34.2
98.7,104.4,57.8,48.2,48.2,90.8,90.8,34.4
106.6,101.9,60.0,46.9,46.9,90.7,90.7,35.8
104.7,106.6,60.5,47.3,47.3,91.0,91.0,37.4
103.2,103.1,62.0,46.5,46.5,92.0,92.0,37.1
102.1,99.7,57.9,49.2,49.2,92.7,92.7,37.4
99.0,105.7,59.6,45.9,45.9,92.8,92.8,37.5
95.4,102.5,59.6,45.8,45.8,92.6,92.6,37.9
93.7,102.5,57.5,49.5,49.5,91.8,91.8,37.9
92.8,101.9,62.0,45.9,45.9,90.7,90.7,38.6
90.5,100.3,59.6,48.2,48.2,91.1,91.1,39.6
84.5,101.3,62.6,45.4,45.4,90.9,90.9,40.9
85.9,101.3,60.8,47.8,47.8,91.9,91.9,42.3
87.9,98.3,59.8,48.5,48.5,91.9,91.9,42.9
87.1,96.7,61.1,48.5,48.5,91.0,91.0,43.0
89.8,95.3,62.3,49.3,49.3,90.6,90.6,43.5
92.2,92.5,60.5,46.9,46.9,98.1,98.1,42.0
89.0,96.7,60.1,47.4,47.4,96.9,96.9,42.4
92.5,96.6,59.8,47.9,47.9,97.1,97.1,42.4
91.2,97.8,64.1,48.5,48.5,99.1,99.1,44.4
93.3,99.5,64.4,48.3,48.3,98.2,98.2,47.5
90.2,104.0,64.6,50.9,50.9,96.4,96.4,50.6
91.1,100.4,64.7,50.7,50.7,98.5,98.5,52.4
83.3,98.8,65.7,51.7,51.7,100.4,100.4,54.1
75.9,97.2,64.0,53.6,53.6,105.6,105.6,55.2
78.4,106.5,64.2,54.2,54.2,108.8,108.8,60.2
92.1,107.3,65.5,53.4,53.4,111.9,111.9,65.3
102.8,103.7,65.5,55.2,55.2,111.6,111.6,70.3
103.2,106.5,65.3,57.6,57.6,112.0,112.0,73.9
106.8,95.9,65.5,56.6,56.6,111.3,111.3,75.8
105.7,103.0,66.0,57.1,57.1,109.2,109.2,76.3
103.1,99.3,66.0,54.9,54.9,110.2,110.2,76.4
99.3,100.8,65.7,55.2,55.2,108.1,108.1,76.0
98.2,99.0,66.4,55.2,55.2,108.4,108.4,74.3
95.0,96.5,65.1,55.8,55.8,106.8,106.8,70.3
92.8,99.7,67.1,55.4,55.4,105.8,105.8,67.2
91.4,101.6,69.4,55.0,55.0,99.9,99.9,61.0
86.4,98.0,67.5,51.6,51.6,86.5,86.5,60.1
87.6,97.6,64.3,45.9,45.9,87.9,87.9,56.2
88.8,94.4,57.3,44.6,44.6,86.4,86.4,49.0
88.0,93.8,56.7,42.7,42.7,86.5,86.5,37.2
93.1,90.6,55.7,42.9,42.9,86.9,86.9,32.0
92.1,89.4,54.9,39.5,39.5,91.5,91.5,34.2
95.5,89.3,54.0,42.8,42.8,77.8,77.8,29.0
87.5,95.5,55.6,43.1,43.1,77.0,77.0,34.4
91.0,96.8,54.1,42.4,42.4,77.5,77.5,33.4
92.3,97.8,54.5,42.2,42.2,118.6,118.6,71.3
86.8,96.6,54.9,40.6,40.6,81.5,81.5,31.3
79.4,79.6,54.7,41.4,41.4,90.0,90.0,36.9
77.7,91.8,55.7,43.6,43.6,90.2,90.2,38.8
84.8,106.7,59.4,43.0,43.0,92.0,92.0,42.6
97.4,96.0,61.0,43.8,43.8,97.4,97.4,43.1
102.3,108.3,61.5,47.1,47.1,100.9,100.9,45.4
102.9,104.3,62.0,47.1,47.1,103.8,103.8,43.9
107.7,100.1,61.7,49.6,49.6,101.9,101.9,47.8
106.9,98.2,61.9,50.5,50.5,104.5,104.5,47.7
106.9,93.9,61.8,53.2,53.2,106.0,106.0,54.1
104.6,94.9,64.0,51.9,51.9,111.1,111.1,55.4
100.7,95.9,65.1,52.9,52.9,108.1,108.1,57.6
99.8,94.7,65.4,53.5,53.5,107.8,107.8,61.9
98.2,95.4,66.1,55.5,55.5,105.4,105.4,63.5
94.5,94.1,65.5,57.1,57.1,104.0,104.0,63.5
92.6,96.7,65.8,57.4,57.4,106.1,106.1,66.6
91.7,96.4,65.4,57.0,57.0,107.7,107.7,67.8
91.1,96.5,65.3,57.4,57.4,109.1,109.1,68.7
90.4,92.6,65.2,57.6,57.6,109.9,109.9,70.4
91.7,90.7,64.2,58.2,58.2,109.6,109.6,70.7
91.5,89.4,64.1,58.1,58.1,110.5,110.5,72.0
91.7,88.9,64.9,56.7,56.7,110.2,110.2,74.2
92.4,90.1,64.9,55.8,55.8,114.3,114.3,73.2
89.7,91.7,65.3,55.3,55.3,114.9,114.9,75.3
85.8,88.8,62.0,53.5,53.5,118.9,118.9,79.5
79.1,86.0,61.7,52.4,52.4,122.5,122.5,79.5
81.7,100.3,61.4,57.7,57.7,120.3,120.3,77.7
87.9,82.2,63.8,56.9,56.9,120.8,120.8,78.5
99.7,97.9,63.3,60.7,60.7,118.9,118.9,80.6
99.9,104.6,63.6,61.0,61.0,119.1,119.1,81.9
98.0,115.0,62.1,59.8,59.8,119.5,119.5,82.6
100.5,116.0,62.4,59.5,59.5,119.3,119.3,82.5
100.5,114.5,65.0,59.3,59.3,119.8,119.8,81.5
98.3,117.2,64.3,59.7,59.7,119.0,119.0,81.5
98.3,109.0,61.6,59.5,59.5,116.0,116.0,82.8
100.7,101.9,62.5,60.1,60.1,116.7,116.7,82.2
98.6,102.3,63.4,59.5,59.5,115.7,115.7,83.0
97.1,99.3,63.1,59.7,59.7,116.4,116.4,82.6
100.3,96.4,62.8,59.5,59.5,117.6,117.6,82.8
98.6,95.4,62.2,59.4,59.4,116.5,116.5,81.5
97.8,97.3,62.1,56.2,56.2,117.1,117.1,81.4
95.1,99.9,62.0,55.9,55.9,116.3,116.3,80.9
94.9,97.8,62.9,59.5,59.5,112.4,112.4,80.7
91.1,95.9,64.3,59.0,59.0,112.9,112.9,79.9
90.4,97.1,64.3,59.0,59.0,114.4,114.4,78.6
92.1,92.0,63.7,59.7,59.7,115.4,115.4,80.2
89.9,93.8,64.1,59.9,59.9,115.5,115.5,80.7
90.3,90.1,64.0,60.2,60.2,114.4,114.4,78.8
93.1,90.1,63.8,60.9,60.9,112.9,112.9,79.0
95.7,88.3,64.4,61.5,61.5,113.6,113.6,77.1
95.9,89.5,64.7,61.0,61.0,113.3,113.3,77.7
96.2,85.2,64.9,61.2,61.2,114.6,114.6,80.3
94.9,85.3,65.2,59.9,59.9,117.4,117.4,79.5
88.2,93.1,67.7,60.0,60.0,118.1,118.1,78.5
80.8,84.2,65.7,58.9,58.9,119.2,119.2,78.7
80.1,90.1,67.6,58.7,58.7,120.6,120.6,77.7
86.8,107.1,67.0,58.7,58.7,120.7,120.7,78.3
98.2,96.3,67.3,58.7,58.7,121.7,121.7,77.9
102.1,106.2,68.1,59.3,59.3,122.3,122.3,77.1
99.5,116.1,64.6,58.7,58.7,121.3,121.3,77.8
98.2,115.6,64.5,58.3,58.3,122.1,122.1,77.4
100.7,114.7,66.5,56.9,56.9,120.8,120.8,77.7
100.3,105.6,66.4,57.0,57.0,119.4,119.4,78.3
99.9,101.5,67.1,57.3,57.3,117.7,117.7,79.3
101.3,100.2,64.9,58.6,58.6,118.6,118.6,78.5
98.7,98.6,67.5,57.3,57.3,118.5,118.5,78.7
102.0,98.3,65.7,57.6,57.6,119.6,119.6,78.8
101.3,95.5,65.3,58.0,58.0,118.5,118.5,78.8
99.8,96.3,65.4,58.2,58.2,118.0,118.0,79.6
96.8,96.9,64.9,58.8,58.8,118.3,118.3,79.0
98.0,100.9,65.1,58.7,58.7,117.7,117.7,78.7
98.7,95.2,64.8,58.7,58.7,117.9,117.9,78.4
96.2,96.9,65.4,58.4,58.4,118.8,118.8,78.1
95.9,96.6,65.3,58.5,58.5,117.8,117.8,78.1
94.5,96.5,65.4,58.0,58.0,117.5,117.5,77.4
93.0,94.6,65.7,64.2,64.2,109.8,109.8,77.7
92.6,95.4,65.6,60.1,60.1,113.5,113.5,77.1
92.0,95.4,65.4,60.1,60.1,114.1,114.1,76.8
91.3,93.6,65.0,57.2,57.2,117.3,117.3,77.0
90.4,94.0,65.2,58.4,58.4,117.8,117.8,76.5
83.9,87.4,65.9,58.4,58.4,117.0,117.0,76.5
84.2,73.6,66.4,58.6,58.6,116.7,116.7,76.9
91.7,101.8,66.4,58.3,58.3,117.3,117.3,76.1
97.9,100.1,68.3,60.0,60.0,111.4,111.4,75.7
101.7,108.7,67.8,59.3,59.3,110.8,110.8,76.1
104.7,106.1,65.9,60.0,60.0,109.7,109.7,76.8
106.0,103.9,64.5,60.9,60.9,109.1,109.1,72.9
101.5,100.0,63.4,62.2,62.2,109.2,109.2,77.2
106.3,93.8,64.0,56.7,56.7,115.7,115.7,77.9
102.7,93.6,64.3,56.1,56.1,115.6,115.6,78.9
101.6,95.8,66.1,55.3,55.3,118.2,118.2,77.6
100.7,94.9,66.9,59.8,59.8,113.0,113.0,77.6
94.5,101.1,67.9,59.6,59.6,114.9,114.9,77.1
97.9,97.7,67.4,54.5,54.5,121.9,121.9,77.3
94.9,95.8,68.1,54.0,54.0,121.6,121.6,77.6
94.8,95.2,68.5,54.8,54.8,122.8,122.8,75.8
93.8,93.7,68.2,54.2,54.2,122.2,122.2,76.4
92.9,94.2,66.1,61.0,61.0,114.0,114.0,77.2
91.5,92.9,65.8,60.3,60.3,115.9,115.9,77.0
91.6,87.0,65.7,61.0,61.0,114.5,114.5,78.0
85.8,85.1,66.4,61.4,61.4,113.8,113.8,77.3
84.1,69.6,66.9,56.3,56.3,120.1,120.1,77.1
86.6,183.4,68.0,57.5,57.5,118.4,118.4,76.3
99.2,100.9,68.0,58.7,58.7,113.5,113.5,74.0
97.5,116.3,69.5,60.1,60.1,108.4,108.4,74.8
100.3,115.9,68.2,62.5,62.5,106.3,106.3,73.8
99.5,112.0,69.3,61.6,61.6,104.3,104.3,72.4
96.1,109.7,69.4,61.8,61.8,100.3,100.3,72.5
97.3,109.7,65.1,57.0,57.0,106.1,106.1,70.1
101.6,101.2,67.9,54.8,54.8,99.1,99.1,65.5
99.2,94.3,67.6,51.0,51.0,91.7,91.7,60.7
95.5,94.7,64.3,47.7,47.7,93.1,93.1,58.9
94.9,99.5,62.0,46.7,46.7,94.5,94.5,53.9
94.7,94.7,60.8,46.7,46.7,92.3,92.3,55.4
94.8,96.9,62.5,46.1,46.1,92.6,92.6,52.0
93.2,96.9,62.1,44.9,44.9,91.6,91.6,44.0
93.1,96.2,64.0,44.8,44.8,87.7,87.7,39.3
91.5,93.5,64.3,44.1,44.1,88.9,88.9,37.3
89.1,95.6,62.6,45.4,45.4,91.9,91.9,37.5
89.1,94.8,61.3,47.8,47.8,88.4,88.4,35.2
89.5,88.8,60.6,47.7,47.7,90.7,90.7,29.4
90.3,96.0,59.8,45.8,45.8,88.7,88.7,38.8
82.5,95.1,59.7,45.2,45.2,85.7,85.7,32.2
82.6,66.3,59.0,45.0,45.0,83.0,83.0,39.6
97.3,99.5,58.0,44.9,44.9,77.7,77.7,34.2
96.9,107.6,57.6,45.1,45.1,77.3,77.3,32.6
98.8,108.6,58.7,44.0,44.0,84.4,84.4,36.5
98.6,102.3,60.8,45.5,45.5,88.5,88.5,36.9
96.8,102.9,59.0,44.9,44.9,96.6,96.6,37.9
105.5,97.1,59.7,46.6,46.6,100.9,100.9,36.7
100.8,94.7,60.7,48.2,48.2,100.9,100.9,38.4
101.9,94.4,60.5,49.6,49.6,101.4,101.4,46.5
102.7,91.8,64.6,48.7,48.7,103.4,103.4,47.0
101.4,92.5,63.8,51.5,51.5,102.1,102.1,49.8
101.3,88.8,66.1,54.4,54.4,99.0,99.0,52.2
97.1,86.9,65.5,54.8,54.8,104.7,104.7,56.7
92.2,92.1,66.5,58.1,58.1,100.0,100.0,61.4
92.4,85.7,68.1,57.8,57.8,102.9,102.9,65.9
91.4,91.5,68.6,58.9,58.9,103.4,103.4,67.6
91.8,85.1,69.0,57.5,57.5,103.7,103.7,74.5
91.3,104.8,70.2,65.0,65.0,96.4,96.4,70.5
91.2,108.0,69.8,62.1,62.1,99.4,99.4,70.1
99.2,104.3,68.0,58.0,58.0,107.2,107.2,71.4
102.9,102.7,68.7,64.2,64.2,99.7,99.7,77.1
102.7,97.7,62.8,61.4,61.4,103.8,103.8,76.8
102.3,101.9,62.5,60.6,60.6,104.2,104.2,76.7
96.9,102.8,64.4,58.7,58.7,108.5,108.5,73.9
94.8,102.9,65.6,57.9,57.9,111.3,111.3,73.2
94.1,105.2,65.7,61.8,61.8,105.1,105.1,72.4
94.1,102.8,65.7,60.9,60.9,105.5,105.5,72.0
92.4,102.1,65.8,59.4,59.4,107.2,107.2,71.3
92.2,102.6,65.8,56.2,56.2,113.0,113.0,71.6
91.7,98.1,66.3,56.7,56.7,111.1,111.1,72.4
93.2,97.4,66.6,56.8,56.8,106.9,106.9,75.2
92.4,99.8,67.8,56.9,56.9,105.5,105.5,74.6
92.8,99.2,66.8,57.6,57.6,103.8,103.8,72.9
94.6,97.8,67.1,57.1,57.1,104.7,104.7,71.8
91.1,101.9,66.7,56.5,56.5,99.1,99.1,74.8
90.8,102.3,67.4,56.1,56.1,96.4,96.4,75.7
91.2,101.5,67.2,54.3,54.3,98.0,98.0,71.8
92.1,104.4,68.1,53.5,53.5,99.1,99.1,67.6
89.2,106.1,67.9,52.8,52.8,97.6,97.6,65.9
88.6,109.7,68.4,52.8,52.8,95.9,95.9,65.2
90.8,107.7,68.3,53.2,53.2,96.7,96.7,64.4
93.8,107.5,68.5,51.2,51.2,97.3,97.3,63.5
89.0,96.6,67.4,54.6,54.6,95.3,95.3,55.8
78.4,96.5,71.0,52.8,52.8,93.5,93.5,55.6
81.8,98.0,66.8,54.5,54.5,93.6,93.6,56.1
87.9,92.9,67.0,54.7,54.7,93.0,93.0,52.4
100.0,101.2,66.1,57.5,57.5,93.0,93.0,55.4
109.1,104.4,66.6,56.7,56.7,95.1,95.1,54.8
106.9,105.4,66.4,57.0,57.0,98.6,98.6,62.9
107.7,103.3,66.9,56.4,56.4,98.7,98.7,65.2
108.8,98.7,68.9,56.4,56.4,99.2,99.2,66.7
109.6,98.6,67.9,62.4,62.4,96.3,96.3,65.2
110.4,96.2,67.2,62.9,62.9,98.4,98.4,66.4
107.2,99.7,67.3,62.6,62.6,99.0,99.0,67.2
104.0,97.7,68.4,60.4,60.4,99.0,99.0,66.4
102.5,95.9,67.9,59.6,59.6,99.2,99.2,65.0
102.3,97.6,68.3,59.6,59.6,97.8,97.8,65.5
101.1,98.3,68.5,59.2,59.2,97.3,97.3,65.6
97.4,98.3,68.0,59.0,59.0,98.1,98.1,67.3
97.7,101.1,67.9,60.1,60.1,98.9,98.9,68.4
96.8,99.1,66.6,57.5,57.5,103.2,103.2,68.0
88.9,98.3,67.0,58.0,58.0,101.8,101.8,68.8
89.2,95.3,67.2,58.4,58.4,101.7,101.7,68.4
89.2,92.8,67.2,57.6,57.6,100.7,100.7,68.7
91.8,92.8,68.0,59.2,59.2,97.2,97.2,69.8
92.8,90.3,68.0,58.0,58.0,99.7,99.7,69.4
94.8,89.0,67.7,58.7,58.7,98.2,98.2,69.7
94.5,88.3,67.4,58.7,58.7,98.0,98.0,69.5
90.4,95.1,67.8,59.3,59.3,98.6,98.6,69.3
95.8,93.7,68.0,59.2,59.2,98.4,98.4,69.7
87.3,100.4,68.3,61.5,61.5,97.5,97.5,69.2
92.3,102.9,66.9,60.5,60.5,97.2,97.2,70.5
93.2,93.4,68.2,60.1,60.1,97.6,97.6,70.8
81.3,121.7,67.3,60.4,60.4,99.1,99.1,72.1
75.7,87.7,67.7,61.8,61.8,99.0,99.0,72.7
82.6,99.3,67.9,62.0,62.0,99.0,99.0,73.9
95.9,97.6,68.3,62.7,62.7,97.8,97.8,75.4
101.4,107.6,68.3,62.8,62.8,100.9,100.9,74.0
102.5,103.3,66.5,62.8,62.8,100.9,100.9,73.9
101.7,101.2,66.4,64.0,64.0,102.4,102.4,73.4
100.4,99.6,66.1,63.0,63.0,103.1,103.1,72.7
99.1,97.5,66.3,62.3,62.3,103.2,103.2,73.2
98.3,94.2,65.2,63.1,63.1,101.5,101.5,73.5
92.9,99.1,65.6,60.3,60.3,106.9,106.9,72.7
95.4,98.9,66.1,60.0,60.0,106.9,106.9,75.0
94.0,99.1,64.8,63.1,63.1,102.9,102.9,75.2
93.6,98.8,65.0,62.2,62.2,103.2,103.2,76.3
92.9,97.6,65.1,62.2,62.2,104.0,104.0,77.1
92.3,96.5,65.5,62.1,62.1,105.0,105.0,77.0
92.1,95.4,65.2,62.1,62.1,105.9,105.9,77.4
92.4,91.6,64.6,61.7,61.7,105.8,105.8,77.4
94.5,90.8,64.3,61.6,61.6,105.5,105.5,77.7
96.6,87.7,64.8,61.5,61.5,104.4,104.4,77.3
96.9,88.3,65.3,62.0,62.0,104.2,104.2,77.3
95.6,90.8,66.1,61.8,61.8,104.4,104.4,77.4
91.0,91.2,65.6,62.4,62.4,105.2,105.2,77.4
83.1,88.8,65.4,62.0,62.0,106.7,106.7,77.8
78.4,90.5,65.6,62.1,62.1,107.1,107.1,77.9
79.2,103.8,66.0,62.1,62.1,107.3,107.3,78.5
98.0,100.0,65.5,61.7,61.7,108.7,108.7,78.0
102.3,107.4,69.1,59.1,59.1,108.9,108.9,77.7
106.0,101.4,68.8,59.3,59.3,108.1,108.1,78.2
109.6,97.7,68.8,59.6,59.6,107.7,107.7,77.9
109.3,95.0,68.7,59.0,59.0,107.8,107.8,78.5
105.8,95.1,68.8,59.0,59.0,107.2,107.2,79.9
104.2,97.8,68.5,59.7,59.7,107.1,107.1,80.2
103.6,94.3,66.2,61.4,61.4,105.8,105.8,79.4
103.0,98.4,66.0,61.9,61.9,105.0,105.0,78.9
95.9,98.4,66.9,61.5,61.5,103.7,103.7,79.1
94.6,99.1,67.0,61.8,61.8,103.2,103.2,77.3
92.4,98.6,66.6,60.6,60.6,104.8,104.8,77.3
92.8,95.8,66.3,60.4,60.4,103.8,103.8,74.6
92.2,98.4,66.0,60.3,60.3,100.4,100.4,76.8
93.3,92.4,66.4,56.1,56.1,101.0,101.0,75.9
94.4,94.0,65.6,56.5,56.5,96.8,96.8,71.7
96.0,90.1,66.7,51.8,51.8,92.4,92.4,61.9
98.5,88.2,63.8,48.4,48.4,88.1,88.1,53.6
97.8,92.0,66.6,46.5,46.5,86.6,86.6,46.5
96.8,93.2,65.4,44.5,44.5,83.8,83.8,42.3
90.2,101.5,63.3,46.0,46.0,82.0,82.0,36.7
86.4,93.3,62.6,45.8,45.8,81.2,81.2,32.9
80.8,80.6,62.2,46.3,46.3,82.0,82.0,31.8
78.1,94.6,62.2,46.7,46.7,83.0,83.0,29.6
81.6,103.3,61.5,46.6,46.6,83.4,83.4,28.1
89.7,107.4,61.5,47.2,47.2,83.9,83.9,27.6
101.3,102.4,61.5,46.8,46.8,86.0,86.0,26.3
108.0,99.9,60.9,47.7,47.7,84.9,84.9,26.0
104.6,102.7,60.4,48.3,48.3,85.6,85.6,25.9
106.8,97.0,60.2,47.3,47.3,87.6,87.6,26.1
109.6,96.5,56.7,46.3,46.3,89.4,89.4,27.1
103.7,98.0,56.5,45.3,45.3,87.9,87.9,26.5
102.4,97.9,56.4,45.0,45.0,87.3,87.3,26.1
98.2,98.3,57.0,44.5,44.5,89.7,89.7,27.4
95.2,104.0,57.3,43.9,43.9,88.4,88.4,27.8
92.9,100.9,56.0,44.2,44.2,88.3,88.3,27.1
92.3,101.0,56.0,44.8,44.8,88.0,88.0,26.3
91.5,100.4,55.2,44.4,44.4,84.1,84.1,26.0
91.9,97.5,54.8,44.5,44.5,84.2,84.2,26.5
90.6,95.4,54.6,45.1,45.1,83.2,83.2,27.5
91.2,92.2,54.1,44.3,44.3,81.7,81.7,31.4
96.0,90.1,54.2,44.2,44.2,76.3,76.3,26.9
99.0,89.1,54.2,42.5,42.5,74.5,74.5,23.0
99.9,90.6,54.6,41.6,41.6,116.9,116.9,79.9
98.6,92.4,54.3,41.1,41.1,117.6,117.6,85.1
97.3,96.3,54.1,40.5,40.5,117.1,117.1,94.6
94.7,98.4,54.4,41.4,41.4,114.9,114.9,94.6
94.0,99.5,54.1,41.4,41.4,113.2,113.2,82.9
90.0,97.2,54.2,41.8,41.8,115.9,115.9,84.9
85.1,155.2,54.3,42.0,42.0,75.0,75.0,25.2
80.9,92.8,54.6,43.4,43.4,77.2,77.2,21.7
81.0,104.9,55.1,48.5,48.5,77.7,77.7,25.6
100.6,86.5,55.5,44.7,44.7,85.4,85.4,25.7
102.0,108.0,55.7,45.3,45.3,86.6,86.6,23.0
106.8,106.0,56.3,44.9,44.9,89.9,89.9,23.1
107.5,102.7,57.5,45.5,45.5,89.1,89.1,20.8
110.2,95.9,59.6,45.6,45.6,91.3,91.3,21.8
109.6,92.9,60.8,46.7,46.7,91.5,91.5,22.8
107.3,95.5,62.2,45.4,45.4,90.9,90.9,24.2
105.3,97.2,61.9,45.9,45.9,91.0,91.0,27.5
100.2,98.8,61.4,45.4,45.4,91.0,91.0,25.8
97.8,95.9,62.1,45.3,45.3,92.6,92.6,24.7
96.6,97.7,61.5,45.1,45.1,91.9,91.9,21.6
96.4,99.9,60.5,45.5,45.5,93.2,93.2,20.5
95.0,100.2,60.2,45.6,45.6,90.9,90.9,18.4
92.8,99.8,62.0,42.5,42.5,90.8,90.8,20.5
92.0,98.3,58.7,45.2,45.2,89.5,89.5,20.5
93.6,96.5,58.2,44.7,44.7,89.7,89.7,22.1
95.1,95.5,56.1,44.2,44.2,88.9,88.9,22.5
100.1,90.1,56.5,44.8,44.8,86.9,86.9,22.9
100.8,91.0,55.9,45.7,45.7,82.7,82.7,24.4
101.1,92.5,59.6,46.6,46.6,74.3,74.3,16.5
101.5,95.2,57.5,45.2,45.2,74.4,74.4,19.6
101.0,96.3,57.4,45.1,45.1,106.7,106.7,62.8
94.3,100.4,55.5,46.1,46.1,78.4,78.4,22.7
89.7,98.2,55.5,44.1,44.1,84.0,84.0,23.4
86.6,82.3,56.1,47.3,47.3,83.8,83.8,22.5
81.8,146.9,56.1,46.7,46.7,87.3,87.3,20.8
92.9,99.9,55.3,49.6,49.6,87.0,87.0,19.7
98.6,102.4,56.7,51.7,51.7,87.7,87.7,20.1
103.6,99.4,58.9,50.0,50.0,87.2,87.2,19.7
104.5,98.0,60.4,49.8,49.8,87.8,87.8,20.4
108.9,94.7,61.7,48.6,48.6,88.1,88.1,21.5
108.4,90.0,62.1,47.6,47.6,93.6,93.6,20.5
106.3,93.5,60.6,48.1,48.1,91.9,91.9,21.0
105.1,94.7,61.3,47.9,47.9,92.0,92.0,21.4
100.3,97.2,63.3,48.1,48.1,83.6,83.6,25.8
97.9,97.7,63.3,48.1,48.1,88.0,88.0,22.5
96.7,98.6,63.9,47.5,47.5,85.2,85.2,24.6
95.2,98.9,63.7,48.0,48.0,85.2,85.2,25.9
92.9,96.8,63.0,48.5,48.5,88.3,88.3,24.2
89.8,97.3,63.8,48.8,48.8,89.4,89.4,25.6
92.1,92.5,64.0,48.3,48.3,87.0,87.0,28.8
92.4,92.5,63.6,49.2,49.2,87.7,87.7,27.0
91.5,92.6,63.8,48.7,48.7,87.7,87.7,27.3
92.9,93.2,63.9,49.1,49.1,86.9,86.9,27.4
97.9,90.9,63.6,49.9,49.9,87.6,87.6,27.9
98.9,90.6,63.2,49.5,49.5,86.8,86.8,28.6
101.3,89.8,61.8,49.1,49.1,88.6,88.6,28.6
100.2,93.0,60.7,48.5,48.5,92.7,92.7,28.4
91.4,100.1,60.3,49.0,49.0,94.2,94.2,32.5
91.6,93.3,58.7,47.0,47.0,101.6,101.6,34.2
85.1,84.5,58.3,47.7,47.7,104.2,104.2,33.8
79.2,90.1,59.2,49.1,49.1,104.6,104.6,36.6
79.9,89.4,60.0,53.2,53.2,102.9,102.9,40.0
86.2,98.1,62.3,54.3,54.3,104.3,104.3,36.4
100.2,93.7,66.7,54.1,54.1,106.1,106.1,42.0
103.3,97.6,62.8,53.6,53.6,107.1,107.1,43.2
105.6,106.1,63.3,52.6,52.6,108.5,108.5,43.6
105.2,106.0,63.7,58.4,58.4,102.3,102.3,45.4
105.0,104.2,64.9,58.4,58.4,102.6,102.6,48.4
105.3,106.5,65.6,58.2,58.2,103.6,103.6,49.0
104.8,100.9,64.8,57.9,57.9,104.4,104.4,49.7
105.2,101.7,68.0,56.0,56.0,104.1,104.1,51.2
104.3,96.6,67.9,55.8,55.8,105.2,105.2,52.7
104.4,93.0,68.5,56.1,56.1,106.7,106.7,53.6
103.6,89.1,67.7,57.1,57.1,106.8,106.8,56.0
101.4,87.5,67.7,58.3,58.3,104.4,104.4,57.6
97.6,92.1,65.1,59.4,59.4,104.3,104.3,58.6
95.4,91.2,65.4,59.1,59.1,104.8,104.8,58.6
95.0,92.7,64.4,59.4,59.4,105.7,105.7,60.4
92.6,91.3,64.5,59.0,59.0,107.0,107.0,61.2
92.4,89.6,65.1,60.0,60.0,108.1,108.1,62.5
94.1,88.4,67.2,58.2,58.2,108.5,108.5,63.3
93.8,86.7,67.9,58.9,58.9,109.7,109.7,64.3
97.3,86.2,68.7,59.2,59.2,109.1,109.1,66.0
97.6,83.8,66.6,60.2,60.2,109.1,109.1,66.6
96.7,87.5,68.4,59.1,59.1,108.7,108.7,66.0
94.3,90.7,68.9,59.3,59.3,108.1,108.1,68.3
83.6,87.3,71.7,59.1,59.1,109.9,109.9,71.9
81.8,88.7,68.6,57.5,57.5,115.4,115.4,70.8
82.8,95.7,69.0,63.3,63.3,109.0,109.0,71.8
89.6,102.2,69.6,57.1,57.1,115.7,115.7,72.1
99.8,104.9,69.7,56.6,56.6,116.4,116.4,71.9
103.9,108.9,70.0,61.6,61.6,110.1,110.1,72.9
104.0,109.8,69.7,55.5,55.5,117.0,117.0,73.7
103.7,105.3,69.7,61.7,61.7,109.7,109.7,73.8
103.6,101.8,70.2,55.3,55.3,116.5,116.5,73.7
105.1,99.7,69.7,55.1,55.1,115.9,115.9,75.0
103.8,99.9,69.0,61.4,61.4,108.6,108.6,74.0
100.3,97.9,68.8,63.5,63.5,104.4,104.4,74.5
101.5,94.6,69.1,60.7,60.7,109.0,109.0,74.3
99.4,98.4,70.0,54.1,54.1,116.4,116.4,74.8
96.2,93.7,69.2,61.0,61.0,109.0,109.0,75.5
95.8,96.6,68.6,54.8,54.8,116.0,116.0,76.3
94.2,98.9,68.2,56.3,56.3,115.9,115.9,76.2
92.8,95.2,67.4,56.9,56.9,115.0,115.0,75.7
92.6,94.9,68.1,57.3,57.3,115.2,115.2,75.7
96.3,91.5,68.0,57.0,57.0,115.4,115.4,75.5
97.2,92.9,67.9,57.5,57.5,116.0,116.0,75.4
100.1,86.5,68.6,57.1,57.1,116.4,116.4,75.6
97.6,88.9,68.4,56.2,56.2,115.7,115.7,75.9
100.6,88.0,68.5,55.8,55.8,115.2,115.2,76.0
99.2,89.9,69.1,55.9,55.9,115.0,115.0,76.0
94.9,96.9,69.4,61.0,61.0,108.9,108.9,76.0
96.7,94.9,70.2,64.8,64.8,103.1,103.1,79.0
93.8,97.5,69.3,63.9,63.9,105.1,105.1,79.2
88.6,92.6,69.0,65.0,65.0,105.7,105.7,79.1
78.7,92.5,68.6,64.0,64.0,106.9,106.9,80.2
79.4,98.5,68.5,60.3,60.3,112.6,112.6,80.1
81.5,104.2,68.6,53.9,53.9,119.2,119.2,80.4
100.7,103.9,68.5,63.9,63.9,108.9,108.9,79.7
104.5,101.9,69.0,60.7,60.7,112.6,112.6,79.5
110.5,98.8,69.2,63.6,63.6,109.4,109.4,79.5
105.2,102.1,68.7,64.7,64.7,108.8,108.8,79.3
106.0,102.2,68.4,59.8,59.8,113.6,113.6,79.2
102.8,100.8,67.9,60.9,60.9,113.1,113.1,79.2
100.1,103.7,68.5,60.1,60.1,111.1,111.1,80.3
97.4,103.9,70.5,64.4,64.4,107.4,107.4,79.9
96.0,100.5,69.4,64.2,64.2,107.0,107.0,80.8
94.8,102.1,70.1,63.7,63.7,105.5,105.5,81.1
93.4,102.1,70.3,63.6,63.6,106.0,106.0,80.8
90.7,100.5,71.6,63.1,63.1,106.0,106.0,80.5
88.9,100.0,72.6,62.7,62.7,104.7,104.7,80.7
88.9,100.2,72.9,64.3,64.3,102.9,102.9,80.4
91.7,98.2,72.7,64.9,64.9,103.1,103.1,80.1
92.1,99.0,73.4,64.7,64.7,100.5,100.5,81.1
92.7,94.6,73.3,62.9,62.9,101.9,101.9,80.0
88.8,99.7,73.1,59.3,59.3,104.0,104.0,80.1
95.0,92.4,72.0,60.3,60.3,101.3,101.3,78.5
97.6,91.8,69.8,62.6,62.6,98.7,98.7,80.1
93.4,95.1,67.9,63.6,63.6,97.4,97.4,78.8
89.1,103.5,68.3,61.6,61.6,101.3,101.3,78.0
93.8,100.9,72.6,60.5,60.5,101.7,101.7,78.2
87.8,103.7,71.6,60.7,60.7,102.1,102.1,78.4
91.2,103.7,72.4,62.8,62.8,102.3,102.3,78.1
91.3,103.7,74.5,62.5,62.5,104.6,104.6,77.0
81.8,91.7,71.2,64.8,64.8,100.5,100.5,77.2
78.2,101.3,71.4,66.1,66.1,100.5,100.5,76.6
81.0,101.1,72.3,65.7,65.7,102.6,102.6,77.5
99.9,105.3,72.3,64.4,64.4,103.8,103.8,77.7
107.1,100.9,73.4,64.7,64.7,102.7,102.7,78.5
108.4,99.9,72.8,63.9,63.9,104.6,104.6,77.6
108.2,92.8,72.5,63.7,63.7,103.4,103.4,77.7
109.1,93.5,72.4,63.7,63.7,102.2,102.2,78.5
105.3,94.8,73.0,64.5,64.5,98.0,98.0,77.0
104.7,98.3,72.9,62.0,62.0,97.6,97.6,76.9
105.6,97.7,71.5,57.5,57.5,99.2,99.2,75.2
104.3,94.2,68.2,56.0,56.0,97.6,97.6,69.3
99.0,94.5,68.1,49.5,49.5,97.2,97.2,60.0
95.1,98.6,66.5,46.4,46.4,90.5,90.5,52.9
91.1,97.2,64.5,43.8,43.8,86.5,86.5,46.2
88.4,98.8,59.9,45.7,45.7,88.2,88.2,34.1
87.4,97.6,56.8,45.1,45.1,87.6,87.6,27.5
90.9,95.1,57.0,44.0,44.0,86.0,86.0,25.7
92.7,95.7,56.7,44.5,44.5,83.2,83.2,28.9
92.3,96.0,57.0,44.0,44.0,83.3,83.3,31.3
95.0,94.7,57.5,45.5,45.5,82.5,82.5,32.1
92.7,95.3,58.0,49.0,49.0,86.1,86.1,30.6
89.5,98.3,59.7,46.1,46.1,89.9,89.9,35.7
82.5,80.5,58.9,49.0,49.0,97.0,97.0,39.0
80.2,101.7,61.7,49.7,49.7,106.7,106.7,42.0
88.9,122.2,61.9,50.7,50.7,102.4,102.4,44.0
100.2,103.5,62.5,50.7,50.7,105.3,105.3,45.5
104.4,102.2,61.9,54.2,54.2,105.5,105.5,47.0
106.5,98.3,62.4,54.3,54.3,106.0,106.0,54.0
110.8,92.4,64.0,56.3,56.3,107.0,107.0,57.0
104.3,94.3,65.9,57.3,57.3,108.2,108.2,62.7
104.3,97.2,65.7,57.2,57.2,109.0,109.0,66.6
102.0,96.9,65.3,57.8,57.8,113.2,113.2,73.0
101.5,94.9,65.8,58.8,58.8,113.1,113.1,75.7
102.3,96.0,64.9,58.0,58.0,113.7,113.7,78.1
104.4,102.0,65.9,58.0,58.0,112.9,112.9,77.8
105.1,103.5,65.9,57.6,57.6,112.7,112.7,77.0
108.9,100.1,65.8,58.4,58.4,111.4,111.4,79.2
109.5,97.0,65.1,58.0,58.0,111.4,111.4,79.7
106.2,98.7,63.3,58.3,58.3,114.8,114.8,75.4
104.4,101.0,63.1,59.0,59.0,113.4,113.4,76.4
101.4,99.4,65.2,58.8,58.8,114.6,114.6,75.5
95.3,102.2,65.3,57.1,57.1,114.2,114.2,79.1
94.4,103.8,66.0,56.5,56.5,115.2,115.2,79.7
92.7,98.9,66.4,59.6,59.6,111.4,111.4,79.9
92.9,98.7,66.1,59.5,59.5,111.9,111.9,79.7
92.6,97.9,66.0,59.9,59.9,108.8,108.8,79.7
93.9,95.1,66.0,60.2,60.2,107.9,107.9,79.1
92.5,99.4,65.9,55.6,55.6,113.5,113.5,79.2
93.8,98.5,66.4,56.0,56.0,114.0,114.0,78.6
95.8,97.8,67.1,61.6,61.6,106.2,106.2,73.8
96.8,96.0,67.6,62.4,62.4,104.7,104.7,74.0
93.6,100.6,67.8,58.8,58.8,108.3,108.3,74.4
91.6,100.8,67.8,58.4,58.4,105.9,105.9,74.8
85.7,86.8,67.8,57.4,57.4,105.8,105.8,74.4
83.0,133.6,67.6,57.3,57.3,106.9,106.9,74.0
97.4,97.2,66.7,60.2,60.2,105.0,105.0,73.3
100.1,109.3,64.6,62.2,62.2,102.3,102.3,71.3
106.6,104.6,64.5,63.3,63.3,100.2,100.2,71.7
104.1,104.9,65.2,64.9,64.9,97.5,97.5,72.2
104.0,100.1,65.6,64.5,64.5,98.5,98.5,71.4
102.9,97.4,65.9,64.1,64.1,101.9,101.9,70.1
103.0,100.4,65.6,64.9,64.9,101.1,101.1,70.5
101.6,98.7,67.0,64.6,64.6,101.6,101.6,70.7
96.5,101.3,67.2,62.9,62.9,100.5,100.5,70.8
96.8,105.8,68.0,62.1,62.1,99.9,99.9,70.6
94.6,101.7,68.5,61.0,61.0,98.7,98.7,71.3
94.1,103.5,68.5,61.6,61.6,96.5,96.5,71.1
91.2,103.3,68.3,60.5,60.5,96.3,96.3,70.5
92.0,102.8,68.7,59.9,59.9,92.5,92.5,71.8
93.2,103.7,69.0,56.3,56.3,96.5,96.5,72.0
92.5,102.1,68.8,55.5,55.5,96.1,96.1,70.9
92.6,103.3,69.1,56.4,56.4,95.3,95.3,70.6
94.7,97.3,68.2,57.1,57.1,92.9,92.9,71.7
100.3,94.1,70.5,55.7,55.7,93.5,93.5,68.5
101.6,93.0,69.2,55.3,55.3,91.0,91.0,68.1
96.8,100.0,69.3,52.9,52.9,94.0,94.0,65.5
96.4,101.9,68.5,51.4,51.4,92.9,92.9,62.4
98.2,103.7,67.9,49.7,49.7,92.7,92.7,64.2
97.6,103.5,67.8,51.9,51.9,90.6,90.6,59.6
92.1,101.6,67.8,49.6,49.6,92.6,92.6,56.8
88.3,160.3,70.3,52.6,52.6,91.3,91.3,54.4
80.6,93.6,69.6,53.0,53.0,92.6,92.6,47.0
89.0,99.1,69.8,50.7,50.7,93.5,93.5,39.2
99.3,96.5,67.6,51.3,51.3,92.7,92.7,39.0
101.4,109.7,67.7,51.8,51.8,90.8,90.8,39.1
105.3,101.7,67.1,51.2,51.2,91.3,91.3,40.4
103.2,100.1,69.8,52.3,52.3,91.5,91.5,41.9
106.5,102.3,70.8,51.7,51.7,92.4,92.4,44.1
108.0,99.4,67.0,52.2,52.2,94.2,94.2,43.3
106.4,100.6,68.1,53.6,53.6,92.4,92.4,43.9
105.3,107.3,68.0,53.0,53.0,91.1,91.1,45.8
107.4,103.8,67.8,53.5,53.5,91.2,91.2,46.6
107.2,101.0,69.5,53.8,53.8,91.4,91.4,46.2
108.4,98.5,67.6,53.3,53.3,91.8,91.8,46.3
109.3,93.7,67.3,53.2,53.2,94.3,94.3,49.8
105.1,95.8,68.4,53.7,53.7,94.8,94.8,53.2
105.0,99.1,68.9,54.8,54.8,96.2,96.2,56.3
107.5,94.7,68.9,56.0,56.0,96.5,96.5,54.6
103.6,95.1,69.4,54.4,54.4,98.1,98.1,56.1
103.3,98.3,68.5,55.4,55.4,99.6,99.6,58.0
101.8,97.2,68.9,55.5,55.5,100.4,100.4,60.9
103.6,99.4,68.8,55.5,55.5,98.1,98.1,57.5
99.6,98.8,67.7,56.5,56.5,98.6,98.6,58.0
97.2,99.1,68.1,55.2,55.2,98.9,98.9,59.6
95.6,101.2,68.0,55.5,55.5,98.2,98.2,58.7
94.7,99.6,68.3,55.6,55.6,98.2,98.2,58.6
93.2,97.2,68.5,55.1,55.1,97.8,97.8,59.1
93.3,98.8,68.9,54.9,54.9,97.2,97.2,58.8
94.1,96.4,69.5,55.1,55.1,96.5,96.5,58.8
92.4,98.7,69.4,55.2,55.2,92.9,92.9,60.8
93.0,96.7,69.1,55.5,55.5,93.2,93.2,61.1
95.2,96.9,68.6,55.7,55.7,93.8,93.8,60.4
98.4,91.7,68.7,53.8,53.8,94.7,94.7,60.0
98.2,92.9,70.9,54.0,54.0,95.1,95.1,60.5
100.1,93.2,67.8,53.4,53.4,93.4,93.4,62.3
97.4,96.2,69.7,53.5,53.5,92.1,92.1,62.7
93.7,101.9,67.0,54.2,54.2,96.5,96.5,62.2
93.0,103.7,69.2,53.6,53.6,97.5,97.5,63.1
91.8,105.3,70.2,57.1,57.1,93.4,93.4,64.0
93.5,103.7,70.0,59.0,59.0,91.5,91.5,66.4
93.5,104.6,70.0,59.1,59.1,91.7,91.7,67.2
85.3,83.5,68.9,57.1,57.1,98.8,98.8,66.9
81.6,92.8,67.5,61.4,61.4,93.8,93.8,68.5
84.3,104.0,68.1,61.6,61.6,91.6,91.6,69.8
99.3,89.7,67.3,62.3,62.3,91.1,91.1,70.4
106.2,106.2,67.3,61.4,61.4,92.3,92.3,70.4
104.4,107.9,67.8,61.2,61.2,93.6,93.6,72.6
103.9,109.0,67.9,61.5,61.5,94.4,94.4,72.4
104.4,108.4,68.8,61.0,61.0,95.6,95.6,71.9
106.0,103.4,68.8,61.3,61.3,95.5,95.5,71.5
100.9,107.9,69.5,60.6,60.6,94.7,94.7,72.1
101.8,103.6,70.1,60.2,60.2,94.4,94.4,71.7
102.0,101.3,73.6,60.1,60.1,93.5,93.5,72.4
104.6,97.9,74.1,59.2,59.2,93.5,93.5,71.7
105.5,97.2,70.0,59.7,59.7,93.0,93.0,72.3
102.5,96.1,70.3,59.4,59.4,95.2,95.2,71.0
101.5,96.8,69.6,59.1,59.1,94.7,94.7,71.0
106.5,94.2,69.2,58.5,58.5,94.0,94.0,71.0
103.4,94.9,69.3,58.5,58.5,95.4,95.4,70.0
98.7,96.0,69.6,58.4,58.4,92.3,92.3,70.2
101.9,91.6,68.2,57.9,57.9,92.9,92.9,70.8
98.9,93.5,68.7,58.4,58.4,91.5,91.5,69.9
98.4,92.3,68.8,55.2,55.2,94.8,94.8,69.1
95.5,90.3,68.1,54.9,54.9,96.9,96.9,68.7
96.2,96.3,67.8,55.2,55.2,97.7,97.7,68.7
95.0,92.9,67.7,54.5,54.5,97.6,97.6,68.2
95.7,90.2,67.2,54.6,54.6,97.3,97.3,68.4
97.9,87.9,68.3,54.2,54.2,98.0,98.0,68.0
97.6,88.5,68.0,54.8,54.8,97.1,97.1,68.0
99.5,84.5,71.6,55.7,55.7,96.7,96.7,67.4
101.7,85.5,68.6,56.1,56.1,95.9,95.9,67.5
101.6,84.6,69.0,56.8,56.8,94.2,94.2,67.4
99.6,86.5,69.2,56.5,56.5,95.4,95.4,66.9
99.8,89.4,70.9,58.9,58.9,92.2,92.2,64.7
98.0,89.4,71.7,59.4,59.4,92.1,92.1,66.2
95.6,90.5,71.1,59.4,59.4,94.2,94.2,65.1
83.5,83.8,71.2,59.5,59.5,91.8,91.8,67.7
84.7,84.7,71.4,60.1,60.1,94.5,94.5,65.4
87.4,96.3,70.9,60.7,60.7,94.0,94.0,66.4
96.8,100.7,70.4,60.4,60.4,92.5,92.5,66.9
98.8,103.6,69.9,60.2,60.2,93.4,93.4,66.8
97.5,106.3,68.7,60.2,60.2,91.1,91.1,68.8
99.9,106.5,69.0,60.5,60.5,90.1,90.1,69.4
100.8,107.6,68.9,59.2,59.2,91.2,91.2,67.6
101.9,105.9,69.4,58.1,58.1,91.1,91.1,68.1
104.8,98.8,70.5,57.3,57.3,88.9,88.9,67.6
106.1,100.3,70.0,57.9,57.9,86.3,86.3,67.1
103.9,100.7,70.5,56.9,56.9,89.6,89.6,66.7
103.2,99.7,70.2,56.3,56.3,88.8,88.8,65.6
102.6,97.2,70.8,56.2,56.2,86.7,86.7,63.9
103.6,98.9,70.1,55.6,55.6,85.8,85.8,61.6
102.6,100.5,69.5,55.3,55.3,88.7,88.7,58.3
101.3,96.8,68.4,52.8,52.8,89.8,89.8,56.8
98.3,97.4,67.8,51.1,51.1,90.7,90.7,54.1
101.4,94.5,65.1,51.1,51.1,87.8,87.8,50.0
98.0,95.7,64.5,49.2,49.2,87.7,87.7,49.4
94.6,98.9,67.4,48.2,48.2,87.0,87.0,48.0
93.8,98.6,64.1,48.1,48.1,86.8,86.8,46.5
94.2,100.1,65.3,47.7,47.7,87.4,87.4,46.5
92.5,97.3,64.9,48.3,48.3,88.2,88.2,48.2
94.5,93.6,65.9,48.8,48.8,88.9,88.9,52.0
91.1,95.5,64.9,49.0,49.0,90.7,90.7,53.3
92.7,91.4,66.8,50.1,50.1,90.4,90.4,54.0
94.7,91.0,68.1,52.1,52.1,90.4,90.4,53.8
95.8,87.3,69.8,52.7,52.7,90.8,90.8,54.4
97.6,84.2,68.9,56.3,56.3,90.6,90.6,55.2
97.1,84.6,70.7,55.3,55.3,93.4,93.4,56.1
96.7,85.1,70.5,56.5,56.5,93.5,93.5,57.4
96.1,88.2,70.5,58.1,58.1,92.0,92.0,56.7
97.5,90.8,70.9,58.1,58.1,94.5,94.5,58.8
84.8,87.8,70.7,60.0,60.0,89.0,89.0,60.6
84.8,75.0,72.0,60.2,60.2,87.9,87.9,61.5
83.9,91.4,71.6,60.1,60.1,88.5,88.5,61.4
94.9,98.8,70.4,59.4,59.4,89.6,89.6,63.0
97.9,102.0,69.5,59.6,59.6,90.8,90.8,63.2
101.2,101.2,69.1,58.8,58.8,93.2,93.2,64.3
101.6,98.5,67.8,60.3,60.3,92.1,92.1,65.3
101.5,96.4,68.3,59.4,59.4,90.8,90.8,66.6
100.1,94.7,67.4,60.0,60.0,94.3,94.3,64.2
100.1,94.7,69.1,60.4,60.4,94.8,94.8,64.1
97.0,96.1,69.3,61.0,61.0,88.4,88.4,64.3
97.0,93.9,70.4,59.2,59.2,93.7,93.7,64.2
97.5,95.8,70.2,58.9,58.9,93.5,93.5,64.3
94.5,95.2,70.2,58.6,58.6,91.7,91.7,65.1
93.4,95.9,70.0,58.3,58.3,92.0,92.0,65.7
91.8,95.4,69.9,58.9,58.9,90.3,90.3,65.5
92.3,92.3,69.3,56.8,56.8,91.2,91.2,65.3
93.3,91.3,70.3,58.3,58.3,90.0,90.0,65.8
94.5,87.5,70.8,58.4,58.4,89.9,89.9,66.4
96.2,84.7,69.3,58.3,58.3,90.3,90.3,65.9
96.8,84.7,69.6,57.8,57.8,89.1,89.1,66.3
97.9,85.8,69.5,58.0,58.0,89.8,89.8,66.2
97.6,85.9,68.7,58.4,58.4,89.7,89.7,66.5
98.2,87.7,68.2,58.3,58.3,89.2,89.2,66.6
97.0,87.1,68.2,58.2,58.2,88.5,88.5,66.2
95.5,91.0,68.3,58.2,58.2,89.2,89.2,66.4
93.3,164.1,68.4,59.3,59.3,90.8,90.8,64.8
85.8,78.4,68.8,59.9,59.9,94.3,94.3,63.8
80.8,91.5,71.8,57.5,57.5,95.2,95.2,63.9
80.2,107.5,73.5,57.7,57.7,95.9,95.9,63.0
93.8,94.6,71.8,61.4,61.4,89.0,89.0,63.0
102.0,103.2,71.8,62.0,62.0,88.2,88.2,62.7
109.0,102.5,71.8,62.4,62.4,89.4,89.4,62.6
108.0,99.8,72.0,57.3,57.3,95.6,95.6,63.6
107.0,98.9,72.6,58.0,58.0,95.3,95.3,64.6
107.3,95.5,72.3,58.3,58.3,94.4,94.4,65.6
104.0,99.8,68.1,60.7,60.7,93.3,93.3,65.5
102.8,97.1,68.5,60.1,60.1,93.7,93.7,66.6
102.3,99.5,70.8,57.1,57.1,94.5,94.5,65.9
101.8,97.3,71.2,56.4,56.4,94.1,94.1,66.0
98.2,98.8,70.3,57.1,57.1,94.5,94.5,65.8
96.2,97.9,68.3,59.0,59.0,94.6,94.6,64.7
90.8,97.2,70.8,56.2,56.2,92.9,92.9,65.5
89.3,97.3,71.0,55.3,55.3,93.3,93.3,64.6
91.7,97.9,69.2,57.0,57.0,97.1,97.1,62.7
93.8,96.7,68.6,56.4,56.4,96.1,96.1,63.6
95.4,91.8,68.2,57.4,57.4,95.9,95.9,63.2
98.0,89.8,69.3,55.9,55.9,93.6,93.6,65.0
97.8,88.6,69.2,58.1,58.1,92.0,92.0,65.2
97.2,90.6,70.0,57.0,57.0,91.4,91.4,65.2
97.0,93.0,69.6,56.6,56.6,90.2,90.2,65.5
94.4,97.0,69.8,57.8,57.8,89.5,89.5,65.2
92.6,101.8,69.8,59.5,59.5,89.5,89.5,64.8
92.8,103.0,72.4,57.4,57.4,90.0,90.0,62.7
92.7,102.3,72.2,58.8,58.8,89.8,89.8,63.1
92.3,103.5,72.3,59.5,59.5,89.3,89.3,63.7
87.3,83.7,73.1,62.5,62.5,85.8,85.8,63.3
81.3,92.0,72.5,62.7,62.7,86.4,86.4,63.4
89.1,96.3,72.6,62.4,62.4,86.5,86.5,62.8
101.0,98.9,72.0,62.0,62.0,86.7,86.7,63.6
105.8,103.3,71.8,61.7,61.7,86.4,86.4,63.4
107.7,101.8,71.1,61.8,61.8,88.6,88.6,62.9
107.5,98.2,72.0,61.9,61.9,88.0,88.0,63.1
108.5,95.8,73.3,62.0,62.0,90.6,90.6,62.7
107.3,95.8,72.7,60.1,60.1,91.6,91.6,63.4
107.4,93.2,71.4,59.4,59.4,91.3,91.3,64.6
105.2,101.5,71.5,60.2,60.2,91.9,91.9,65.1
106.3,98.3,72.3,59.4,59.4,91.9,91.9,65.8
104.5,98.6,72.7,58.5,58.5,93.0,93.0,65.1
101.3,95.9,72.5,58.7,58.7,91.9,91.9,65.8
102.3,93.4,71.8,56.6,56.6,96.3,96.3,64.5
99.7,97.5,71.2,58.4,58.4,93.5,93.5,64.4
96.7,94.9,71.7,56.0,56.0,96.5,96.5,64.8
94.6,97.3,71.2,56.3,56.3,93.0,93.0,64.5
93.1,94.8,69.4,58.1,58.1,94.6,94.6,62.4
91.4,94.3,69.9,58.8,58.8,94.0,94.0,63.1
95.5,91.5,69.9,58.3,58.3,97.1,97.1,62.9
97.5,89.4,69.8,58.1,58.1,94.9,94.9,62.8
99.0,87.4,69.5,58.7,58.7,94.0,94.0,63.7
100.0,85.0,70.3,59.5,59.5,88.7,88.7,63.1
98.0,86.1,70.6,59.2,59.2,88.5,88.5,63.9
97.6,88.5,70.1,59.6,59.6,86.9,86.9,64.3
92.7,95.7,71.7,58.1,58.1,88.7,88.7,63.4
94.3,97.5,73.3,57.5,57.5,88.3,88.3,62.7
94.3,96.7,73.5,58.8,58.8,87.7,87.7,63.1
93.5,92.9,73.1,61.8,61.8,86.0,86.0,63.4
86.6,86.4,73.4,61.5,61.5,86.3,86.3,62.9
84.3,101.5,72.8,61.5,61.5,88.0,88.0,62.6
97.9,93.5,73.5,61.9,61.9,87.8,87.8,61.9
101.7,96.5,73.3,61.8,61.8,88.1,88.1,62.2
107.6,102.8,73.7,61.5,61.5,88.1,88.1,61.9
107.5,103.6,73.8,61.8,61.8,89.0,89.0,61.9
106.8,102.5,72.5,61.8,61.8,87.9,87.9,62.0
100.7,113.5,73.3,62.2,62.2,88.4,88.4,62.4
103.8,104.2,73.1,61.4,61.4,89.8,89.8,63.0
104.0,104.3,72.5,61.8,61.8,91.0,91.0,62.3
105.7,104.1,74.0,61.3,61.3,88.0,88.0,63.2
106.6,98.2,74.2,61.8,61.8,88.3,88.3,64.5
105.0,103.5,73.6,58.1,58.1,92.7,92.7,64.9
103.6,99.0,73.0,61.4,61.4,90.5,90.5,63.7
104.8,99.0,72.2,57.4,57.4,95.0,95.0,64.0
105.0,97.4,73.0,56.7,56.7,95.9,95.9,64.0
103.4,97.1,71.7,57.0,57.0,95.7,95.7,64.2
101.2,98.7,71.3,56.3,56.3,94.7,94.7,65.0
102.7,100.8,71.7,56.9,56.9,95.0,95.0,65.3
100.6,99.2,68.2,57.9,57.9,94.2,94.2,65.9
97.2,99.2,67.5,57.7,57.7,93.8,93.8,65.3
96.2,100.8,68.0,58.0,58.0,94.5,94.5,64.1
95.2,99.5,70.0,56.8,56.8,93.1,93.1,63.9
96.8,98.1,70.9,55.3,55.3,94.6,94.6,63.4
93.9,99.6,71.7,55.5,55.5,96.4,96.4,62.9
93.0,98.3,72.2,54.9,54.9,96.1,96.1,65.0
91.9,98.0,74.2,55.2,55.2,95.3,95.3,65.8
88.8,97.0,73.0,60.7,60.7,88.2,88.2,66.0
89.5,96.0,74.2,60.5,60.5,86.8,86.8,65.6
93.9,95.1,75.2,61.0,61.0,87.2,87.2,65.2
94.9,94.9,73.3,61.4,61.4,86.2,86.2,65.3
96.7,94.4,73.1,62.2,62.2,87.1,87.1,63.8
97.8,93.0,73.3,63.0,63.0,88.1,88.1,63.5
93.3,98.3,74.1,62.9,62.9,88.3,88.3,62.5
92.1,96.6,76.1,62.4,62.4,87.8,87.8,63.0
92.8,101.9,77.2,61.8,61.8,85.7,85.7,62.5
83.9,78.0,77.6,60.7,60.7,85.4,85.4,62.3
78.6,90.5,76.3,61.5,61.5,85.0,85.0,62.4
91.8,97.5,74.9,61.0,61.0,84.7,84.7,62.0
99.2,101.8,76.3,61.1,61.1,84.3,84.3,61.4
102.3,104.8,75.7,60.5,60.5,84.9,84.9,61.2
105.5,106.0,75.6,60.2,60.2,85.6,85.6,62.4
104.1,101.3,74.0,61.4,61.4,88.1,88.1,63.0
101.7,105.7,72.9,61.3,61.3,89.6,89.6,62.0
105.9,96.9,72.7,62.7,62.7,90.4,90.4,63.1
106.9,96.5,70.8,59.3,59.3,96.3,96.3,63.3
106.9,97.2,67.9,61.2,61.2,94.5,94.5,63.9
107.2,95.8,67.6,59.8,59.8,93.6,93.6,64.4
107.5,95.4,70.6,59.5,59.5,92.7,92.7,64.4
108.3,92.2,72.3,61.6,61.6,89.0,89.0,64.3
107.9,94.9,72.8,60.5,60.5,87.8,87.8,64.4
108.0,97.5,73.3,60.6,60.6,90.3,90.3,64.5
106.3,98.9,72.4,61.0,61.0,90.2,90.2,65.2
109.0,96.7,71.9,61.5,61.5,89.9,89.9,65.2
107.3,99.2,72.6,61.1,61.1,88.1,88.1,64.8
106.7,96.4,72.2,62.0,62.0,89.5,89.5,64.2
106.8,96.9,72.6,62.2,62.2,89.1,89.1,63.9
105.7,94.9,72.5,62.2,62.2,89.3,89.3,63.4
106.5,94.4,72.0,60.9,60.9,89.5,89.5,63.6
105.2,95.7,71.9,61.4,61.4,88.4,88.4,64.1
106.1,97.7,71.5,61.8,61.8,89.6,89.6,63.9
100.2,95.6,71.7,62.4,62.4,89.8,89.8,64.2
96.2,97.0,72.1,61.7,61.7,89.0,89.0,64.4
97.2,97.8,71.5,60.4,60.4,89.5,89.5,65.1
93.7,98.2,72.5,57.0,57.0,92.7,92.7,65.8
92.8,96.8,71.9,56.9,56.9,92.9,92.9,65.5
93.6,92.7,71.7,56.1,56.1,93.2,93.2,65.1
92.9,92.1,71.7,56.5,56.5,93.5,93.5,65.0
93.4,90.2,70.9,55.6,55.6,94.3,94.3,65.0
94.6,86.9,71.3,55.9,55.9,94.3,94.3,64.6
96.6,86.9,70.8,56.0,56.0,95.1,95.1,62.7
96.7,86.0,73.0,56.9,56.9,93.7,93.7,63.4
96.4,87.3,73.5,60.0,60.0,89.1,89.1,62.7
93.6,90.2,72.9,60.5,60.5,88.3,88.3,64.1
94.0,94.7,73.2,61.6,61.6,87.7,87.7,63.4
90.8,98.7,72.0,62.1,62.1,87.0,87.0,63.5
91.4,94.5,72.4,62.3,62.3,88.5,88.5,62.0
85.2,172.8,71.7,61.7,61.7,89.4,89.4,62.3
81.5,97.2,72.4,61.8,61.8,88.7,88.7,62.5
81.1,117.7,71.2,62.2,62.2,88.1,88.1,62.3
94.1,98.5,71.1,61.9,61.9,88.1,88.1,63.2
103.0,105.0,71.7,61.5,61.5,87.2,87.2,63.5
107.9,99.7,71.2,62.8,62.8,87.8,87.8,62.9
108.9,98.0,71.7,61.3,61.3,87.9,87.9,62.3
109.1,94.1,71.2,61.7,61.7,88.8,88.8,62.3
109.2,91.9,71.6,61.5,61.5,89.3,89.3,62.2
108.2,93.4,72.6,61.7,61.7,88.7,88.7,62.7
108.1,98.5,72.8,61.7,61.7,89.4,89.4,64.3
109.7,96.4,71.4,60.8,60.8,88.9,88.9,63.8
109.7,96.1,71.7,61.4,61.4,88.4,88.4,63.3
107.1,97.6,71.7,56.7,56.7,93.0,93.0,64.5
103.2,102.5,72.3,60.1,60.1,86.8,86.8,64.6
100.5,102.4,73.1,60.9,60.9,87.9,87.9,63.9
101.9,100.5,72.6,60.8,60.8,88.3,88.3,63.6
95.8,99.3,70.7,62.3,62.3,87.5,87.5,64.8
96.8,99.0,71.6,61.4,61.4,87.8,87.8,63.8
95.7,100.5,72.7,60.2,60.2,87.4,87.4,62.8
94.9,96.5,72.7,60.3,60.3,86.7,86.7,62.5
92.6,95.8,73.0,55.9,55.9,92.8,92.8,61.8
94.3,94.4,72.9,54.7,54.7,94.0,94.0,61.8
91.3,91.0,72.3,58.9,58.9,89.7,89.7,62.5
95.7,90.3,72.4,55.2,55.2,94.7,94.7,61.5
98.4,90.1,72.5,55.4,55.4,93.4,93.4,61.2
99.0,86.4,72.1,54.8,54.8,89.5,89.5,61.9
98.6,87.1,70.9,55.2,55.2,87.0,87.0,63.6
98.0,90.0,70.4,58.7,58.7,87.9,87.9,64.1
96.0,91.9,71.2,56.7,56.7,86.7,86.7,64.5
86.8,100.4,71.8,56.5,56.5,85.6,85.6,64.7
94.5,96.9,72.1,56.5,56.5,84.2,84.2,65.2
92.0,102.2,72.3,59.7,59.7,81.7,81.7,64.6
89.4,101.5,73.5,56.7,56.7,88.2,88.2,63.1
86.1,83.8,73.1,60.4,60.4,84.8,84.8,61.4
80.8,91.7,73.2,61.1,61.1,86.0,86.0,60.1
80.7,102.2,71.9,60.3,60.3,84.3,84.3,60.6
91.3,105.2,72.1,60.2,60.2,86.1,86.1,60.6
109.4,98.8,72.7,61.1,61.1,87.3,87.3,60.7
106.3,98.6,72.4,60.5,60.5,87.8,87.8,61.4
106.6,96.2,71.9,60.0,60.0,87.8,87.8,62.2
106.3,95.1,72.3,60.1,60.1,88.7,88.7,62.0
103.0,100.2,72.8,60.1,60.1,88.8,88.8,62.0
101.0,101.4,71.8,60.8,60.8,90.9,90.9,61.4
109.9,97.1,70.9,59.7,59.7,90.1,90.1,62.2
107.0,98.2,72.3,61.6,61.6,89.4,89.4,62.5
104.9,96.9,72.5,57.6,57.6,94.5,94.5,61.9
102.8,96.0,72.2,57.1,57.1,92.1,92.1,63.5
98.1,99.1,72.0,57.3,57.3,91.2,91.2,65.3
97.3,96.5,72.3,57.6,57.6,92.6,92.6,62.5
97.3,99.7,73.8,57.1,57.1,93.0,93.0,62.7
95.0,99.9,72.0,59.1,59.1,90.4,90.4,62.9
92.0,97.7,72.7,61.4,61.4,89.3,89.3,62.9
90.2,97.3,73.4,59.1,59.1,90.8,90.8,62.4
93.0,97.0,74.7,58.1,58.1,92.6,92.6,60.8
91.6,95.0,74.4,56.3,56.3,93.4,93.4,62.0
93.0,94.0,72.7,56.2,56.2,93.1,93.1,61.9
93.8,91.7,72.4,56.8,56.8,93.3,93.3,61.6
94.1,89.0,73.0,57.5,57.5,93.8,93.8,61.9
96.5,90.0,72.2,56.8,56.8,94.3,94.3,61.5
93.5,94.3,72.9,57.5,57.5,94.1,94.1,61.4
95.2,92.6,72.0,56.8,56.8,92.9,92.9,61.8
88.4,101.3,71.2,57.7,57.7,89.9,89.9,64.6
91.5,102.5,70.2,58.0,58.0,87.7,87.7,64.6
93.9,104.6,73.2,57.4,57.4,88.1,88.1,64.5
86.4,109.7,70.4,57.2,57.2,88.1,88.1,64.1
87.3,170.6,70.9,56.8,56.8,88.0,88.0,63.6
79.9,98.3,73.0,57.1,57.1,90.5,90.5,61.5
80.7,101.9,72.2,61.0,61.0,87.7,87.7,62.2
87.1,108.6,72.1,60.0,60.0,88.1,88.1,61.5
93.4,106.2,71.9,60.6,60.6,88.4,88.4,61.2
104.6,99.1,72.0,60.8,60.8,88.7,88.7,61.8
105.1,101.0,72.0,61.3,61.3,89.1,89.1,61.5
102.1,102.1,71.0,60.7,60.7,89.0,89.0,61.1
100.5,101.1,71.2,60.1,60.1,87.9,87.9,63.3
96.0,99.2,71.6,59.4,59.4,89.1,89.1,63.3
96.7,101.2,71.1,59.9,59.9,90.4,90.4,63.6
95.8,102.1,71.9,58.5,58.5,89.6,89.6,63.9
92.8,100.4,72.4,59.3,59.3,90.2,90.2,63.5
91.8,99.9,72.2,60.3,60.3,90.4,90.4,63.6
93.1,101.2,72.5,60.1,60.1,91.1,91.1,63.3
92.2,97.9,72.3,59.7,59.7,90.6,90.6,63.3
90.6,100.6,73.0,58.9,58.9,91.2,91.2,63.0
93.3,95.9,72.9,59.4,59.4,89.6,89.6,63.0
94.3,95.2,73.3,59.0,59.0,90.0,90.0,61.9
91.0,99.8,72.8,56.9,56.9,94.2,94.2,61.5
93.8,97.1,73.8,60.7,60.7,89.9,89.9,61.9
95.4,96.0,74.2,61.0,61.0,88.7,88.7,61.9
95.1,101.0,75.0,60.8,60.8,87.6,87.6,61.9
92.1,91.6,74.9,59.8,59.8,87.6,87.6,61.6
83.9,80.7,74.8,60.1,60.1,87.1,87.1,62.2
92.9,92.8,74.3,60.0,60.0,86.1,86.1,61.8
99.3,90.4,73.1,59.5,59.5,86.7,86.7,61.5
100.3,106.7,74.4,59.6,59.6,86.5,86.5,61.3
104.6,98.2,73.8,62.0,62.0,87.2,87.2,61.1
106.7,101.4,73.8,60.5,60.5,87.1,87.1,61.1
102.8,108.1,74.4,60.6,60.6,87.5,87.5,60.9
100.6,105.0,74.0,61.3,61.3,87.5,87.5,62.0
101.9,106.5,73.5,61.2,61.2,87.4,87.4,62.2
102.4,103.7,73.2,61.3,61.3,88.1,88.1,61.9
103.9,101.8,74.7,56.7,56.7,93.0,93.0,62.4
103.7,103.2,74.2,60.5,60.5,88.2,88.2,62.5
102.7,102.4,74.2,55.9,55.9,92.7,92.7,62.9
101.9,100.8,73.9,56.6,56.6,93.7,93.7,62.9
101.9,102.2,73.1,59.9,59.9,88.7,88.7,63.2
100.2,100.1,73.1,57.0,57.0,93.6,93.6,62.3
99.0,100.0,71.7,56.8,56.8,94.4,94.4,61.7
100.6,98.2,70.8,57.2,57.2,94.1,94.1,61.3
101.3,101.1,71.5,56.6,56.6,94.0,94.0,61.5
102.4,98.4,71.8,56.5,56.5,94.7,94.7,62.1
99.0,99.8,71.1,56.2,56.2,94.2,94.2,62.1
99.5,98.9,71.1,59.7,59.7,89.4,89.4,62.1
99.1,97.6,72.1,59.3,59.3,88.1,88.1,61.7
98.0,98.3,72.0,56.6,56.6,89.1,89.1,62.6
96.3,99.6,72.3,58.3,58.3,90.4,90.4,62.3
95.7,99.6,73.8,58.4,58.4,89.8,89.8,62.0
93.7,100.5,72.8,57.9,57.9,88.6,88.6,62.8
93.4,100.0,74.1,59.7,59.7,86.4,86.4,62.7
93.4,97.8,74.8,60.9,60.9,86.1,86.1,62.5
90.9,96.1,72.4,61.1,61.1,86.7,86.7,62.7
92.7,93.9,72.2,60.8,60.8,86.2,86.2,61.3
96.1,93.8,74.4,61.1,61.1,87.4,87.4,61.7
97.2,92.2,75.5,60.9,60.9,86.8,86.8,61.0
95.0,93.4,74.6,61.5,61.5,86.5,86.5,60.8
86.5,86.3,75.1,61.2,61.2,86.3,86.3,60.6
79.0,194.6,75.4,60.3,60.3,86.5,86.5,60.8
91.0,97.1,74.1,60.4,60.4,86.4,86.4,60.3
99.6,104.7,74.7,59.9,59.9,84.7,84.7,59.3
109.1,100.9,74.6,61.5,61.5,84.9,84.9,60.3
106.3,101.2,72.2,62.5,62.5,85.6,85.6,61.5
105.7,96.5,72.0,61.9,61.9,88.7,88.7,59.7
107.5,95.1,72.3,62.4,62.4,88.5,88.5,60.3
107.8,98.1,72.3,62.7,62.7,88.2,88.2,61.0
106.7,97.3,71.8,62.9,62.9,88.3,88.3,61.2
101.1,98.4,71.5,60.4,60.4,90.9,90.9,63.1
103.3,101.4,68.9,61.1,61.1,92.8,92.8,61.4
105.7,96.9,70.8,59.4,59.4,92.6,92.6,62.5
106.1,94.4,68.0,60.2,60.2,92.7,92.7,62.5
106.4,90.4,69.1,58.8,58.8,92.3,92.3,62.4
105.8,91.7,70.8,62.5,62.5,87.5,87.5,62.5
102.9,94.7,72.2,61.1,61.1,86.9,86.9,62.6
104.7,96.1,72.2,60.7,60.7,86.8,86.8,63.1
108.1,91.8,71.5,60.2,60.2,86.2,86.2,63.6
103.7,94.3,72.4,61.7,61.7,84.8,84.8,63.6
105.6,97.2,72.7,61.4,61.4,85.1,85.1,61.7
101.2,96.6,74.5,61.2,61.2,85.7,85.7,61.1
103.9,101.3,74.6,61.1,61.1,85.5,85.5,60.9
105.1,96.6,74.4,61.8,61.8,85.2,85.2,62.1
100.4,97.9,73.3,62.0,62.0,86.2,86.2,62.3
100.9,93.9,73.4,62.1,62.1,85.0,85.0,61.1
98.1,96.7,73.4,61.3,61.3,85.3,85.3,61.0
95.5,99.5,72.6,61.3,61.3,86.3,86.3,61.5
94.5,98.7,71.9,61.8,61.8,87.5,87.5,61.7
92.1,97.6,71.3,61.3,61.3,87.7,87.7,61.8
92.5,95.8,71.1,60.6,60.6,87.3,87.3,61.9
89.9,94.8,72.4,60.1,60.1,86.5,86.5,64.2
92.5,92.6,73.6,60.5,60.5,86.5,86.5,64.5
93.6,93.8,74.4,60.9,60.9,86.6,86.6,64.3
98.5,91.1,74.0,61.4,61.4,87.0,87.0,63.5
94.8,91.9,74.9,62.0,62.0,86.3,86.3,62.2
90.6,96.8,75.3,61.5,61.5,86.8,86.8,61.8
92.8,97.2,75.3,62.5,62.5,85.5,85.5,61.5
93.3,98.6,75.6,60.7,60.7,85.6,85.6,60.8
82.6,82.9,73.7,60.6,60.6,86.0,86.0,61.1
78.1,81.0,73.4,61.7,61.7,85.4,85.4,60.9
85.3,89.7,73.1,62.0,62.0,85.5,85.5,60.4
97.8,89.7,73.2,62.2,62.2,85.2,85.2,59.4
101.3,97.5,73.1,61.0,61.0,84.7,84.7,59.7
103.8,92.5,73.8,60.8,60.8,84.5,84.5,59.7
105.3,94.0,73.6,61.2,61.2,86.0,86.0,60.2
104.6,99.2,73.6,61.3,61.3,85.9,85.9,61.0
105.2,96.7,73.0,59.9,59.9,86.3,86.3,61.3
106.0,95.1,72.5,61.5,61.5,88.4,88.4,60.8
105.2,95.5,72.3,62.2,62.2,88.4,88.4,61.7
101.5,93.6,72.7,62.0,62.0,90.3,90.3,61.5
102.0,98.4,71.7,62.7,62.7,90.7,90.7,62.0
105.7,93.3,71.3,62.2,62.2,88.7,88.7,63.2
103.8,95.8,70.5,62.6,62.6,89.1,89.1,63.4
102.9,96.6,70.8,62.3,62.3,88.7,88.7,62.7
96.6,96.0,70.9,61.8,61.8,88.5,88.5,62.3
94.0,97.3,71.7,61.8,61.8,87.4,87.4,62.5
93.8,99.4,71.1,60.9,60.9,87.9,87.9,62.7
93.9,97.8,72.7,60.6,60.6,86.3,86.3,63.3
92.2,99.5,71.0,60.8,60.8,86.8,86.8,63.1
101.0,97.9,71.5,61.0,61.0,87.4,87.4,62.7
99.7,96.9,72.7,62.8,62.8,86.6,86.6,62.1
96.0,98.2,72.0,62.4,62.4,86.6,86.6,60.6
99.6,98.1,73.1,61.5,61.5,85.1,85.1,59.7
97.7,95.2,72.3,61.1,61.1,84.4,84.4,60.8
96.1,97.9,72.4,61.9,61.9,85.3,85.3,60.9
95.9,96.6,73.2,62.0,62.0,86.2,86.2,59.7
91.8,98.6,73.4,61.1,61.1,87.8,87.8,60.1
93.7,97.3,74.4,61.3,61.3,87.8,87.8,60.1
94.4,95.1,74.1,62.0,62.0,87.3,87.3,60.3
95.7,91.6,74.5,62.1,62.1,85.8,85.8,60.4
96.7,90.2,74.4,62.3,62.3,85.4,85.4,60.6
97.8,88.7,74.6,61.9,61.9,84.9,84.9,60.8
97.9,88.6,73.2,61.5,61.5,85.6,85.6,60.6
101.0,87.1,74.0,60.9,60.9,86.1,86.1,60.6
95.2,95.1,74.4,58.4,58.4,89.2,89.2,59.3
95.7,99.9,70.0,61.1,61.1,89.1,89.1,60.3
96.6,101.8,68.8,64.6,64.6,86.5,86.5,60.9
95.4,107.2,68.6,60.4,60.4,90.1,90.1,62.8
88.6,100.5,68.6,59.3,59.3,88.0,88.0,63.0
82.2,89.7,68.6,61.4,61.4,85.0,85.0,62.7
81.2,96.6,70.1,63.2,63.2,86.4,86.4,59.8
81.0,98.9,71.3,62.0,62.0,84.6,84.6,60.9
83.0,103.0,72.4,60.5,60.5,84.7,84.7,60.9
95.5,101.8,71.8,61.0,61.0,85.4,85.4,61.1
101.8,105.2,72.9,60.4,60.4,87.0,87.0,60.8
106.5,99.2,72.8,61.7,61.7,86.9,86.9,60.6
108.3,97.1,72.9,60.7,60.7,87.3,87.3,60.7
105.8,96.6,74.2,60.1,60.1,87.6,87.6,60.7
107.5,95.7,73.6,60.7,60.7,88.1,88.1,61.3
102.8,97.4,73.5,61.0,61.0,88.0,88.0,61.5
101.5,97.7,73.4,60.7,60.7,88.2,88.2,61.2
101.5,95.3,73.2,59.4,59.4,88.4,88.4,60.4
98.9,99.0,73.9,58.9,58.9,87.9,87.9,60.4
97.7,100.0,73.9,59.0,59.0,87.9,87.9,60.5
94.8,99.5,73.9,58.2,58.2,88.1,88.1,61.3
88.9,97.0,72.4,59.3,59.3,86.8,86.8,62.1
90.1,97.6,73.0,56.1,56.1,88.6,88.6,62.5
94.3,94.1,72.6,56.0,56.0,90.1,90.1,61.2
96.3,93.7,71.6,56.9,56.9,90.6,90.6,61.3
98.3,90.7,72.1,59.4,59.4,87.9,87.9,60.5
100.1,88.5,72.0,61.7,61.7,87.6,87.6,60.9
96.6,88.9,72.6,61.6,61.6,86.7,86.7,60.9
98.3,91.2,73.1,58.0,58.0,88.9,88.9,59.9
96.5,95.8,72.7,59.8,59.8,84.7,84.7,60.8
92.4,101.2,72.9,60.9,60.9,84.6,84.6,60.6
93.4,102.3,73.5,60.7,60.7,84.6,84.6,59.7
91.9,102.3,73.6,60.6,60.6,83.1,83.1,58.5
83.5,85.5,73.7,61.8,61.8,85.5,85.5,58.0
79.0,91.6,73.6,66.3,66.3,82.3,82.3,58.3
90.8,88.4,73.4,62.6,62.6,86.9,86.9,57.9
100.0,101.5,72.6,61.7,61.7,87.5,87.5,57.6
105.1,104.6,73.3,61.5,61.5,87.7,87.7,57.6
106.9,105.1,73.1,65.2,65.2,82.1,82.1,58.2
101.0,111.0,73.3,60.5,60.5,87.4,87.4,57.9
98.6,110.2,73.3,63.7,63.7,83.5,83.5,58.5
101.3,103.6,73.0,61.0,61.0,87.6,87.6,58.9
102.4,103.9,74.0,61.0,61.0,88.3,88.3,58.8
103.0,103.2,74.7,60.1,60.1,87.2,87.2,59.3
104.6,98.7,74.9,60.2,60.2,87.7,87.7,59.1
105.9,98.7,74.3,60.6,60.6,87.7,87.7,59.0
104.5,97.6,74.1,60.3,60.3,88.5,88.5,59.8
104.5,99.4,74.0,60.1,60.1,88.4,88.4,59.0
103.2,102.0,72.2,60.2,60.2,88.8,88.8,59.7
104.7,100.5,71.7,60.1,60.1,89.6,89.6,60.7
100.6,99.7,71.3,59.5,59.5,89.4,89.4,61.2
100.5,98.2,70.8,61.5,61.5,90.6,90.6,60.8
100.7,98.6,70.3,61.7,61.7,88.9,88.9,61.2
99.6,101.5,70.0,61.8,61.8,89.9,89.9,61.3
99.2,97.3,71.3,60.4,60.4,90.1,90.1,61.1
99.0,98.1,71.3,60.1,60.1,88.5,88.5,61.6
97.0,99.3,71.2,59.9,59.9,87.6,87.6,61.4
97.6,99.7,71.5,59.5,59.5,86.2,86.2,61.1
98.0,99.4,72.5,58.8,58.8,86.9,86.9,61.1
94.1,101.2,71.2,60.1,60.1,86.1,86.1,61.2
94.8,101.8,72.7,59.3,59.3,87.1,87.1,61.7
94.7,101.5,72.3,60.4,60.4,86.9,86.9,61.7
92.5,100.7,73.0,60.5,60.5,86.8,86.8,61.6
91.8,100.3,74.1,61.6,61.6,86.8,86.8,61.1
91.1,102.1,74.8,64.4,64.4,84.0,84.0,60.6
90.1,104.5,74.7,66.3,66.3,84.2,84.2,59.9
90.8,103.2,75.1,65.7,65.7,84.0,84.0,59.9
93.3,101.2,74.4,65.2,65.2,84.2,84.2,59.2
84.6,109.4,74.9,66.0,66.0,82.3,82.3,59.3
76.5,83.1,75.2,65.8,65.8,82.0,82.0,59.0
74.9,95.9,76.2,65.9,65.9,82.6,82.6,57.9
92.1,89.0,75.2,66.3,66.3,82.3,82.3,57.6
98.3,103.1,74.2,61.9,61.9,87.2,87.2,57.4
102.9,101.3,74.9,60.6,60.6,84.4,84.4,59.7
104.7,101.1,74.3,60.8,60.8,84.7,84.7,59.9
102.5,100.7,72.3,60.8,60.8,85.4,85.4,60.0
102.7,98.1,72.6,60.3,60.3,88.3,88.3,60.0
105.0,95.8,71.7,60.6,60.6,88.5,88.5,60.8
103.8,98.8,72.5,59.9,59.9,88.9,88.9,61.1
100.9,98.1,71.6,60.2,60.2,89.9,89.9,60.3
100.1,100.0,70.6,59.7,59.7,93.3,93.3,60.8
103.4,98.2,69.5,63.2,63.2,91.0,91.0,61.2
103.0,96.0,69.9,62.3,62.3,91.5,91.5,62.4
104.6,96.2,69.6,62.5,62.5,90.8,90.8,62.0
102.2,95.3,70.3,60.4,60.4,89.4,89.4,62.2
100.0,96.0,70.4,60.5,60.5,91.4,91.4,61.8
98.7,98.2,70.4,61.0,61.0,92.1,92.1,61.7
103.4,96.0,71.5,61.2,61.2,92.6,92.6,61.3
97.9,98.0,72.3,61.5,61.5,93.2,93.2,60.1
97.6,94.3,72.3,61.5,61.5,89.9,89.9,61.2
97.6,96.8,72.0,62.0,62.0,88.5,88.5,61.1
97.3,95.6,72.7,61.9,61.9,89.1,89.1,60.4
97.4,98.7,72.9,61.9,61.9,89.1,89.1,60.8
96.2,97.0,74.1,61.0,61.0,86.0,86.0,60.8
94.5,97.5,72.0,61.9,61.9,88.3,88.3,60.3
92.2,97.2,72.6,63.0,63.0,90.2,90.2,60.1
94.7,96.5,72.1,62.0,62.0,89.7,89.7,60.2
95.1,94.9,70.8,62.3,62.3,87.6,87.6,61.8
93.8,94.5,71.2,60.6,60.6,87.3,87.3,61.5
95.5,93.0,72.0,60.2,60.2,88.1,88.1,60.8
96.0,90.5,72.9,60.1,60.1,87.3,87.3,61.8
95.7,91.5,73.3,59.0,59.0,88.2,88.2,62.1
94.8,92.6,71.0,59.2,59.2,88.2,88.2,61.9
91.2,99.0,70.7,60.8,60.8,87.9,87.9,60.7
91.2,97.4,74.3,60.4,60.4,87.7,87.7,60.5
90.7,101.7,74.5,62.0,62.0,86.5,86.5,59.4
91.1,104.2,73.4,62.0,62.0,87.5,87.5,59.9
85.9,106.7,72.8,61.2,61.2,86.2,86.2,59.7
80.9,87.5,73.8,61.1,61.1,86.6,86.6,59.4
79.6,93.6,73.0,59.9,59.9,84.7,84.7,59.3
83.0,98.9,72.6,60.8,60.8,86.4,86.4,59.1
100.9,87.8,73.3,60.6,60.6,86.8,86.8,58.4
103.2,95.0,72.0,60.7,60.7,87.9,87.9,57.3
104.5,103.8,74.3,60.7,60.7,87.9,87.9,57.4
107.2,93.8,73.5,60.5,60.5,87.8,87.8,58.1
105.3,97.4,71.7,60.7,60.7,86.4,86.4,59.6
103.9,100.4,73.0,60.9,60.9,85.2,85.2,60.2
102.2,98.6,72.5,61.0,61.0,86.1,86.1,59.6
101.5,97.6,72.9,60.0,60.0,85.6,85.6,59.7
102.2,103.0,73.2,60.0,60.0,85.5,85.5,59.4
103.2,99.9,72.7,60.0,60.0,86.5,86.5,59.3
105.3,96.1,72.6,60.0,60.0,86.0,86.0,59.5
105.1,98.8,73.6,60.2,60.2,86.4,86.4,59.5
104.4,98.3,72.7,60.0,60.0,85.8,85.8,60.0
101.4,95.1,72.5,59.8,59.8,86.6,86.6,59.3
100.3,96.9,72.2,60.0,60.0,86.4,86.4,59.5
100.3,99.8,72.4,60.3,60.3,86.2,86.2,59.5
99.5,98.9,72.2,60.4,60.4,85.8,85.8,60.5
97.6,96.4,72.1,59.9,59.9,87.0,87.0,60.2
97.7,94.4,71.9,61.3,61.3,86.8,86.8,60.0
98.0,102.9,72.3,60.6,60.6,87.0,87.0,60.7
96.8,98.6,72.7,61.0,61.0,87.9,87.9,61.0
97.7,98.5,71.3,59.2,59.2,90.6,90.6,60.0
92.2,100.7,71.4,61.6,61.6,87.4,87.4,60.1
95.0,98.6,71.1,61.6,61.6,88.8,88.8,60.6
94.6,97.2,70.0,57.5,57.5,90.9,90.9,60.4
93.0,98.0,71.0,58.1,58.1,90.3,90.3,60.4
92.1,99.6,71.2,59.8,59.8,87.0,87.0,59.9
94.6,94.6,70.7,60.3,60.3,88.0,88.0,59.1
93.4,96.7,72.1,60.8,60.8,86.8,86.8,59.7
93.2,92.7,71.8,61.1,61.1,87.6,87.6,59.7
94.1,91.5,73.2,61.9,61.9,85.3,85.3,60.0
96.4,87.5,73.1,60.7,60.7,84.7,84.7,59.9
98.1,84.7,73.9,60.5,60.5,84.3,84.3,59.5
97.0,87.0,72.4,61.6,61.6,84.9,84.9,59.5
97.7,88.3,72.8,61.6,61.6,84.8,84.8,60.2
95.6,90.6,73.4,61.5,61.5,85.4,85.4,59.7
95.6,93.1,73.4,60.9,60.9,85.1,85.1,59.8
93.0,97.3,73.3,60.7,60.7,84.3,84.3,59.8
88.8,102.7,73.6,60.4,60.4,84.9,84.9,60.0
92.0,103.6,73.3,60.9,60.9,84.3,84.3,59.3
85.9,105.3,73.3,61.0,61.0,85.1,85.1,58.9
82.0,86.4,73.0,61.8,61.8,84.8,84.8,59.1
81.6,93.6,72.1,62.4,62.4,86.2,86.2,58.4
88.4,102.0,71.8,63.5,63.5,87.0,87.0,59.3
99.1,101.1,71.9,63.3,63.3,87.3,87.3,59.1
109.4,93.0,72.2,63.7,63.7,85.8,85.8,59.8
108.2,93.3,72.7,61.5,61.5,85.3,85.3,59.1
109.1,92.8,72.2,61.5,61.5,86.3,86.3,58.1
106.8,95.2,72.3,62.6,62.6,86.0,86.0,58.0
105.5,96.7,72.7,62.0,62.0,87.7,87.7,59.5
106.0,93.0,72.5,62.0,62.0,86.9,86.9,58.6
105.0,101.5,73.4,62.0,62.0,87.1,87.1,58.9
106.2,95.3,73.3,61.3,61.3,87.7,87.7,59.1
103.6,97.3,72.4,61.9,61.9,87.1,87.1,59.4
104.9,102.5,71.5,61.8,61.8,86.0,86.0,59.9
104.2,96.8,73.1,61.9,61.9,86.1,86.1,60.0
101.4,95.9,72.0,61.7,61.7,86.5,86.5,60.1
98.4,97.0,73.3,61.7,61.7,86.3,86.3,59.7
101.4,95.5,73.1,60.8,60.8,87.4,87.4,59.3
101.6,100.8,72.9,61.0,61.0,86.6,86.6,59.1
98.6,98.5,71.2,61.1,61.1,87.1,87.1,60.4
95.1,97.9,72.4,61.1,61.1,88.0,88.0,60.0
94.2,96.6,70.5,60.6,60.6,87.9,87.9,59.3
94.4,97.6,71.3,59.8,59.8,88.6,88.6,59.7
92.6,97.8,71.3,56.5,56.5,90.1,90.1,60.1
91.2,95.4,72.1,56.7,56.7,91.4,91.4,59.8
88.5,94.8,72.7,59.2,59.2,87.7,87.7,59.9
92.7,92.2,73.3,58.8,58.8,86.1,86.1,59.4
95.8,90.7,74.0,58.8,58.8,86.5,86.5,59.2
97.6,89.6,72.9,56.6,56.6,88.4,88.4,59.3
97.6,87.3,74.0,59.6,59.6,85.3,85.3,59.0
97.5,87.8,73.1,60.4,60.4,85.3,85.3,58.9
97.1,90.2,73.2,60.8,60.8,85.7,85.7,58.5
95.8,90.5,73.6,61.6,61.6,84.8,84.8,58.3
91.9,98.2,73.6,62.1,62.1,85.2,85.2,57.8
91.0,97.5,74.3,61.3,61.3,83.7,83.7,57.7
90.2,102.3,75.6,61.7,61.7,84.8,84.8,57.9
89.1,96.9,75.2,61.6,61.6,84.1,84.1,58.4
80.9,90.9,75.2,62.4,62.4,84.4,84.4,58.1
82.4,91.7,75.0,62.2,62.2,85.4,85.4,58.0
93.0,98.8,73.4,62.7,62.7,84.9,84.9,58.0
100.4,106.3,73.5,62.2,62.2,85.2,85.2,57.5
105.1,101.4,73.9,61.9,61.9,85.3,85.3,58.1
105.6,104.0,74.0,61.1,61.1,85.2,85.2,57.8
101.1,101.9,73.2,65.0,65.0,80.6,80.6,57.0
105.3,100.6,73.7,61.4,61.4,87.0,87.0,57.1
103.1,99.3,72.4,61.8,61.8,86.9,86.9,57.5
99.9,104.1,73.2,61.2,61.2,86.8,86.8,57.7
99.3,98.9,73.2,61.5,61.5,86.1,86.1,58.5
106.2,98.0,73.7,60.6,60.6,86.6,86.6,58.2
104.7,96.8,71.5,61.5,61.5,85.9,85.9,59.0
104.5,102.3,72.7,60.9,60.9,86.1,86.1,60.5
103.6,98.1,72.8,61.5,61.5,86.8,86.8,60.7
104.0,99.5,72.6,61.6,61.6,88.0,88.0,61.2
102.2,96.6,73.5,61.8,61.8,87.2,87.2,61.0
100.3,98.6,72.8,61.2,61.2,87.8,87.8,60.4
103.1,98.5,72.8,61.1,61.1,87.1,87.1,60.6
104.2,96.7,72.5,60.6,60.6,85.8,85.8,61.6
100.9,95.5,71.6,60.1,60.1,86.8,86.8,61.1
98.9,93.4,72.4,59.3,59.3,85.7,85.7,59.8
96.9,93.0,72.6,60.0,60.0,86.5,86.5,59.9
95.3,97.2,73.3,56.7,56.7,87.6,87.6,59.4
92.6,97.4,72.5,57.0,57.0,86.8,86.8,61.8
95.1,95.4,73.1,56.9,56.9,86.8,86.8,62.0
92.9,96.3,72.6,57.1,57.1,87.0,87.0,60.2
91.8,93.5,72.1,56.9,56.9,86.0,86.0,60.8
88.6,93.1,72.2,56.7,56.7,85.8,85.8,61.1
90.5,93.7,73.0,57.3,57.3,86.3,86.3,62.6
93.7,94.2,73.3,58.1,58.1,85.8,85.8,61.9
94.1,91.3,73.3,59.7,59.7,83.0,83.0,62.2
94.6,90.6,71.1,60.2,60.2,82.0,82.0,61.8
93.9,91.9,71.9,60.8,60.8,82.0,82.0,61.4
95.4,94.8,74.8,61.5,61.5,81.7,81.7,61.4
92.2,96.0,75.5,61.9,61.9,83.2,83.2,61.8
92.1,101.0,75.8,60.5,60.5,82.6,82.6,59.8
91.2,103.7,75.4,59.5,59.5,82.4,82.4,59.4
88.0,112.1,76.4,60.6,60.6,82.4,82.4,56.9
90.6,98.4,76.6,61.1,61.1,82.7,82.7,56.5
81.5,79.8,75.9,61.0,61.0,83.0,83.0,57.0
79.7,94.2,77.0,61.3,61.3,82.4,82.4,56.4
92.0,82.0,75.4,62.0,62.0,81.2,81.2,56.9
99.4,104.5,76.4,59.6,59.6,81.8,81.8,55.3
104.1,100.6,74.7,60.1,60.1,82.5,82.5,54.8
107.9,95.9,73.7,59.9,59.9,83.3,83.3,58.2
105.6,100.9,72.2,60.2,60.2,85.6,85.6,56.3
106.0,99.5,71.3,59.8,59.8,86.3,86.3,56.6
107.7,93.7,71.0,60.3,60.3,86.2,86.2,57.7
106.1,97.1,71.3,60.8,60.8,84.8,84.8,58.1
106.8,94.7,72.9,60.5,60.5,84.6,84.6,58.3
105.2,96.9,72.9,60.7,60.7,86.1,86.1,57.9
103.8,95.1,71.8,59.7,59.7,85.7,85.7,59.5
98.3,97.9,73.1,64.6,64.6,84.2,84.2,58.1
95.6,99.6,76.4,58.2,58.2,87.3,87.3,57.5
103.0,97.5,76.7,62.8,62.8,84.2,84.2,57.2
96.4,100.2,73.1,60.8,60.8,88.6,88.6,56.9
96.6,97.5,72.8,64.8,64.8,84.0,84.0,58.1
95.1,98.1,72.8,60.8,60.8,85.9,85.9,59.9
91.4,96.7,72.9,60.1,60.1,85.9,85.9,58.3
91.9,93.9,73.4,60.3,60.3,86.4,86.4,58.2
92.1,94.2,73.4,60.2,60.2,84.2,84.2,59.4
92.5,92.1,72.8,59.4,59.4,82.7,82.7,59.6
96.1,89.6,73.6,58.9,58.9,82.7,82.7,59.7
97.5,85.1,73.6,59.5,59.5,84.5,84.5,59.7
96.9,85.4,72.0,58.1,58.1,86.3,86.3,60.0
95.3,89.6,71.9,57.9,57.9,86.8,86.8,59.8
94.0,92.4,72.3,57.7,57.7,86.1,86.1,61.0
91.8,101.9,71.2,57.9,57.9,86.4,86.4,60.4
91.5,105.3,70.9,58.1,58.1,86.8,86.8,59.6
91.7,107.7,71.8,60.0,60.0,83.5,83.5,56.2
88.4,105.9,72.0,59.9,59.9,81.4,81.4,56.8
85.2,158.4,72.4,59.6,59.6,81.1,81.1,58.7
79.7,98.3,72.2,60.5,60.5,81.0,81.0,57.8
81.8,97.7,72.5,60.7,60.7,81.7,81.7,56.5
89.4,97.8,72.6,61.6,61.6,82.7,82.7,56.0
102.1,98.1,73.4,66.1,66.1,80.5,80.5,56.4
109.2,94.4,72.6,61.8,61.8,84.2,84.2,57.1
107.3,97.7,72.6,66.0,66.0,82.5,82.5,57.3
107.0,92.1,73.1,61.5,61.5,84.3,84.3,57.8
107.2,94.3,73.0,61.2,61.2,83.8,83.8,58.8
104.8,94.3,74.3,60.3,60.3,84.3,84.3,58.3
103.1,93.5,74.8,58.8,58.8,86.1,86.1,56.2
103.4,97.6,75.2,59.6,59.6,85.6,85.6,57.4
107.9,94.4,77.5,57.9,57.9,84.1,84.1,58.6
106.1,101.1,72.8,61.5,61.5,85.8,85.8,59.4
104.0,95.1,71.2,60.4,60.4,87.8,87.8,57.2
102.2,96.0,72.9,58.9,58.9,85.5,85.5,57.3
101.0,96.5,73.1,60.4,60.4,85.1,85.1,58.4
95.5,98.2,72.4,59.9,59.9,85.8,85.8,57.8
95.3,96.6,73.4,59.1,59.1,85.3,85.3,59.8
92.7,94.9,74.2,58.3,58.3,84.8,84.8,60.6
92.3,97.3,74.7,57.9,57.9,84.8,84.8,60.1
93.0,91.9,74.5,58.7,58.7,84.3,84.3,61.2
94.3,87.7,73.5,57.4,57.4,85.6,85.6,59.4
98.5,85.5,72.6,60.8,60.8,83.5,83.5,59.6
98.7,83.4,73.1,61.2,61.2,83.7,83.7,60.3
97.8,84.8,72.5,60.8,60.8,83.0,83.0,60.3
94.1,87.4,72.6,59.8,59.8,82.5,82.5,58.5
93.3,90.2,73.5,60.5,60.5,83.0,83.0,60.0
92.3,96.7,73.9,57.6,57.6,83.6,83.6,60.8
92.6,98.1,73.9,59.0,59.0,81.4,81.4,61.1
90.8,100.0,73.8,59.2,59.2,80.1,80.1,60.3
88.0,81.9,73.6,60.7,60.7,80.1,80.1,59.6
81.9,89.8,74.4,60.2,60.2,81.5,81.5,59.7
83.8,96.0,74.7,59.2,59.2,82.6,82.6,58.9
96.3,92.9,73.2,59.8,59.8,83.9,83.9,59.4
104.1,101.7,74.5,60.1,60.1,83.4,83.4,59.1
105.7,101.6,73.6,60.3,60.3,84.6,84.6,58.7
107.4,100.0,74.0,60.6,60.6,82.3,82.3,58.3
105.9,100.2,73.3,61.1,61.1,83.5,83.5,58.4
105.6,97.4,74.8,59.9,59.9,83.1,83.1,59.0
105.5,99.6,75.4,59.1,59.1,84.4,84.4,58.9
106.2,96.3,75.0,59.0,59.0,84.4,84.4,58.8
103.6,98.8,74.3,59.4,59.4,84.8,84.8,58.9
102.4,98.2,72.3,60.2,60.2,84.0,84.0,56.4
102.7,96.4,72.6,60.7,60.7,82.3,82.3,57.0
101.6,95.9,72.2,59.0,59.0,85.7,85.7,58.9
96.9,94.7,73.8,59.5,59.5,83.7,83.7,59.2
93.3,96.9,73.3,57.2,57.2,89.3,89.3,60.5
91.5,98.2,74.2,58.2,58.2,84.7,84.7,60.7
91.2,96.6,74.5,56.3,56.3,87.1,87.1,61.1
91.7,90.4,73.2,55.9,55.9,87.5,87.5,61.2
93.8,87.3,72.0,56.9,56.9,87.1,87.1,61.7
97.5,86.4,72.6,56.4,56.4,87.7,87.7,62.6
98.9,83.5,71.8,57.1,57.1,85.3,85.3,61.3
97.8,85.4,72.4,57.2,57.2,87.1,87.1,61.3
94.7,87.1,71.5,57.8,57.8,85.4,85.4,61.5
95.8,91.1,71.5,58.1,58.1,85.2,85.2,60.4
88.4,97.9,72.0,57.3,57.3,84.8,84.8,60.2
93.2,93.2,71.4,59.3,59.3,83.0,83.0,61.7
93.1,94.2,74.2,58.7,58.7,81.0,81.0,61.2
93.4,94.3,73.7,59.0,59.0,81.3,81.3,60.0
90.1,105.9,73.7,59.0,59.0,81.7,81.7,58.4
89.2,152.9,74.6,60.3,60.3,81.5,81.5,58.4
81.0,95.6,76.5,59.3,59.3,79.3,79.3,58.1
81.7,101.2,74.0,61.5,61.5,82.1,82.1,57.5
85.0,97.8,74.2,65.8,65.8,79.7,79.7,56.9
97.0,105.5,74.2,65.8,65.8,80.4,80.4,54.9
102.9,99.8,77.8,62.8,62.8,80.4,80.4,55.3
105.9,98.7,74.3,65.8,65.8,83.3,83.3,55.6
106.6,102.2,74.3,60.9,60.9,84.0,84.0,56.2
106.0,103.6,74.4,64.3,64.3,84.0,84.0,55.5
101.6,100.7,74.8,60.4,60.4,85.3,85.3,57.2
103.3,101.1,74.0,59.1,59.1,85.3,85.3,57.3
106.1,98.2,73.7,59.3,59.3,86.9,86.9,56.5
103.6,101.5,72.5,58.4,58.4,87.5,87.5,57.1
102.9,99.3,71.9,59.6,59.6,88.2,88.2,57.2
105.0,100.3,71.5,59.8,59.8,87.0,87.0,58.8
104.8,100.9,72.0,59.6,59.6,88.1,88.1,59.0
104.7,99.4,70.4,60.3,60.3,88.1,88.1,58.8
101.5,100.5,70.3,56.8,56.8,89.6,89.6,59.2
103.8,99.0,71.4,57.0,57.0,89.1,89.1,57.8
99.8,100.0,71.1,57.4,57.4,89.5,89.5,58.9
99.5,101.8,70.4,61.2,61.2,87.0,87.0,58.9
99.6,100.5,69.6,59.9,59.9,88.2,88.2,59.7
99.1,100.9,69.3,59.3,59.3,87.3,87.3,59.7
98.1,100.9,69.3,59.4,59.4,86.4,86.4,59.9
99.8,101.4,70.9,59.0,59.0,85.8,85.8,58.3
92.9,102.4,73.6,59.3,59.3,86.1,86.1,58.0
95.7,99.6,73.9,58.3,58.3,87.6,87.6,59.2
95.7,104.1,74.0,60.0,60.0,85.9,85.9,59.0
94.7,103.0,73.8,60.5,60.5,86.1,86.1,59.4
95.6,101.1,74.3,60.1,60.1,88.1,88.1,58.7
91.0,102.3,73.8,60.9,60.9,87.0,87.0,57.1
91.2,100.2,74.0,60.6,60.6,87.4,87.4,57.0
92.1,101.2,74.5,60.9,60.9,86.4,86.4,57.2
91.1,101.4,74.2,61.3,61.3,87.3,87.3,57.8
90.3,103.9,74.7,61.3,61.3,88.0,88.0,58.1
81.0,111.3,74.9,61.6,61.6,89.7,89.7,58.9
75.2,88.4,74.2,66.5,66.5,87.0,87.0,57.7
76.4,98.6,74.9,66.5,66.5,86.8,86.8,57.4
94.7,98.3,75.0,65.7,65.7,86.4,86.4,57.7
104.3,95.8,75.0,61.2,61.2,90.7,90.7,57.7
104.7,95.3,72.4,61.6,61.6,90.0,90.0,58.2
104.5,92.6,72.8,60.8,60.8,87.6,87.6,60.7
104.2,91.0,72.0,61.2,61.2,89.4,89.4,61.4
104.3,91.9,70.5,61.1,61.1,89.7,89.7,62.6
99.2,94.5,71.5,61.2,61.2,88.9,88.9,63.5
104.8,96.1,70.9,61.5,61.5,89.1,89.1,63.8
106.0,94.8,71.1,62.2,62.2,91.7,91.7,61.3
105.6,95.6,71.0,61.5,61.5,91.9,91.9,61.2
106.2,100.0,69.9,61.2,61.2,90.7,90.7,61.9
104.5,97.3,70.0,57.5,57.5,94.4,94.4,61.5
103.1,95.8,69.0,61.4,61.4,93.4,93.4,62.6
106.3,95.9,70.3,58.3,58.3,95.4,95.4,61.7
99.1,97.9,71.1,61.0,61.0,94.0,94.0,60.8
105.8,97.0,71.9,62.0,62.0,90.3,90.3,61.6
106.0,98.5,69.4,62.1,62.1,90.8,90.8,60.6
104.0,97.6,72.4,62.4,62.4,91.7,91.7,60.2
104.9,100.5,70.7,61.3,61.3,92.5,92.5,61.8
102.9,99.3,70.3,63.0,63.0,89.1,89.1,64.6
95.0,102.4,71.4,62.8,62.8,89.3,89.3,63.9
97.1,98.9,71.7,63.8,63.8,88.8,88.8,63.9
95.2,97.4,70.6,63.5,63.5,90.4,90.4,63.4
94.4,99.4,71.6,62.7,62.7,93.6,93.6,60.9
94.2,98.8,72.3,62.5,62.5,91.2,91.2,61.0
90.9,101.0,70.7,62.7,62.7,90.6,90.6,61.2
87.6,100.8,70.3,64.6,64.6,89.6,89.6,61.4
91.0,99.2,73.4,62.8,62.8,91.2,91.2,61.1
90.8,96.4,72.8,61.6,61.6,91.5,91.5,60.3
94.0,95.1,72.7,61.5,61.5,90.9,90.9,61.1
92.5,94.8,72.5,59.0,59.0,95.1,95.1,61.4
93.2,93.6,72.8,58.3,58.3,95.9,95.9,60.9
95.5,92.7,72.1,58.9,58.9,94.2,94.2,61.9
94.9,91.9,72.7,58.9,58.9,94.5,94.5,60.9
94.0,93.5,73.2,58.2,58.2,93.2,93.2,61.2
90.0,95.7,74.2,58.7,58.7,90.3,90.3,62.5
88.2,101.0,72.9,60.1,60.1,88.4,88.4,61.4
88.8,101.0,73.0,59.8,59.8,90.1,90.1,60.9
90.2,106.9,73.6,58.9,58.9,87.8,87.8,60.4
88.5,103.0,73.9,60.6,60.6,86.0,86.0,59.1
79.8,90.5,73.9,60.8,60.8,84.3,84.3,59.7
82.6,84.5,75.0,61.6,61.6,83.6,83.6,58.8
90.8,93.3,74.4,66.5,66.5,81.6,81.6,58.5
98.0,95.3,75.0,65.7,65.7,80.7,80.7,58.3
104.7,96.8,74.3,65.3,65.3,81.3,81.3,58.8
104.6,96.4,73.8,65.5,65.5,82.2,82.2,58.9
104.8,91.3,73.8,64.2,64.2,83.5,83.5,59.7
100.8,99.8,74.0,65.0,65.0,83.2,83.2,59.5
100.2,98.0,73.2,64.8,64.8,85.8,85.8,59.2
102.2,95.9,72.8,62.0,62.0,87.7,87.7,58.6
102.0,98.3,73.1,61.0,61.0,89.7,89.7,60.3
99.6,97.4,71.9,60.7,60.7,90.4,90.4,60.5
101.2,95.8,72.4,60.0,60.0,90.0,90.0,60.1
101.0,95.6,72.8,60.9,60.9,88.4,88.4,60.5
99.6,95.0,71.0,60.8,60.8,90.4,90.4,62.3
100.1,96.5,73.9,60.2,60.2,88.8,88.8,62.6
98.8,96.3,72.6,60.1,60.1,87.3,87.3,62.5
97.0,96.1,72.7,60.5,60.5,89.4,89.4,62.7
97.0,93.3,73.5,60.3,60.3,90.1,90.1,62.1
97.4,93.1,73.4,61.3,61.3,87.9,87.9,62.0
95.2,94.5,73.2,60.7,60.7,88.1,88.1,61.6
92.4,94.4,73.0,57.6,57.6,89.9,89.9,61.7
91.6,96.5,73.4,59.9,59.9,87.8,87.8,61.1
92.2,94.3,73.6,58.9,58.9,88.4,88.4,61.9
91.1,90.4,73.9,59.0,59.0,86.4,86.4,60.4
92.7,88.8,74.8,58.2,58.2,86.6,86.6,60.8
97.9,86.7,73.8,57.4,57.4,88.1,88.1,60.8
99.0,84.3,73.1,57.3,57.3,87.2,87.2,59.8
94.9,85.7,72.7,59.6,59.6,85.9,85.9,60.3
93.6,86.3,72.1,57.4,57.4,86.2,86.2,60.6
93.3,89.2,72.0,60.1,60.1,84.7,84.7,60.9
92.4,89.9,72.3,57.7,57.7,86.3,86.3,61.0
91.8,92.1,72.3,60.8,60.8,85.2,85.2,59.6
87.4,99.8,74.2,60.4,60.4,86.3,86.3,59.2
86.4,100.2,73.9,60.1,60.1,84.7,84.7,59.6
89.3,101.2,72.8,57.6,57.6,89.8,89.8,59.9
91.5,102.8,74.2,61.4,61.4,87.2,87.2,58.0
89.7,105.3,73.9,61.5,61.5,86.0,86.0,59.2
84.1,83.0,72.5,62.2,62.2,85.2,85.2,59.6
79.1,97.6,72.5,61.9,61.9,85.6,85.6,59.5
81.7,98.2,72.0,62.9,62.9,85.5,85.5,59.1
82.6,99.3,71.8,63.1,63.1,86.1,86.1,59.3
103.0,94.5,71.7,63.5,63.5,87.1,87.1,59.0
104.8,95.7,72.3,63.0,63.0,87.0,87.0,58.7
106.0,93.4,71.7,61.7,61.7,87.9,87.9,58.5
105.0,96.6,72.7,60.5,60.5,88.6,88.6,59.0
104.6,99.9,72.6,58.2,58.2,90.9,90.9,59.3
109.0,93.1,72.1,58.4,58.4,92.3,92.3,60.0
103.4,97.8,71.1,58.4,58.4,92.4,92.4,60.2
98.8,99.1,71.4,61.4,61.4,89.4,89.4,59.7
104.6,97.2,71.2,60.9,60.9,88.7,88.7,60.2
98.6,101.2,71.0,60.8,60.8,88.7,88.7,60.1
97.5,95.4,71.6,60.8,60.8,87.6,87.6,60.2
97.5,100.0,71.5,61.5,61.5,89.0,89.0,60.2
96.0,97.5,72.8,57.9,57.9,92.2,92.2,60.3
95.3,99.9,73.3,60.7,60.7,89.9,89.9,60.2
96.7,99.4,72.4,61.5,61.5,91.1,91.1,60.4
93.4,95.7,70.5,59.0,59.0,92.7,92.7,61.1
93.0,96.0,71.8,61.7,61.7,86.9,86.9,61.2
89.7,94.0,72.2,60.8,60.8,87.1,87.1,61.0
93.2,92.9,73.6,57.9,57.9,87.4,87.4,61.1
91.0,92.3,73.0,61.5,61.5,86.0,86.0,60.7
92.6,91.5,72.7,61.2,61.2,87.3,87.3,60.8
94.7,89.0,73.0,57.6,57.6,89.9,89.9,61.1
96.4,89.7,72.9,61.4,61.4,87.5,87.5,60.7
97.3,88.9,73.6,61.3,61.3,86.8,86.8,59.5
94.4,92.9,73.9,61.6,61.6,86.6,86.6,58.7
93.2,95.9,74.0,61.4,61.4,86.6,86.6,58.2
94.7,94.8,73.3,60.7,60.7,87.2,87.2,59.0
79.7,86.3,73.7,61.2,61.2,87.1,87.1,59.9
83.4,81.5,74.3,60.4,60.4,87.4,87.4,59.9
87.3,100.9,73.0,60.9,60.9,86.7,86.7,57.6
96.6,98.8,73.0,61.4,61.4,86.2,86.2,58.0
101.2,98.6,73.2,62.1,62.1,86.1,86.1,58.2
100.0,98.0,72.6,62.2,62.2,85.6,85.6,58.6
101.3,97.3,73.4,61.5,61.5,85.7,85.7,58.4
101.4,101.0,73.0,60.9,60.9,88.0,88.0,58.1
98.8,99.1,72.1,60.7,60.7,88.9,88.9,59.7
99.9,97.6,71.8,57.3,57.3,92.1,92.1,59.7
100.9,95.9,72.2,60.4,60.4,89.6,89.6,60.4
100.3,98.6,72.5,61.3,61.3,89.7,89.7,60.7
100.8,96.9,72.0,61.0,61.0,89.6,89.6,60.8
98.8,99.6,72.6,60.7,60.7,88.7,88.7,61.4
101.5,95.8,71.9,61.3,61.3,88.7,88.7,61.2
99.8,96.1,74.8,59.4,59.4,87.4,87.4,61.4
99.7,99.6,72.2,60.9,60.9,87.5,87.5,62.2
98.9,97.0,72.3,58.2,58.2,89.9,89.9,62.4
96.5,96.2,72.5,57.7,57.7,89.7,89.7,62.1
98.6,93.6,73.7,60.3,60.3,87.5,87.5,61.3
95.4,93.6,73.2,58.3,58.3,89.1,89.1,61.0
93.7,95.6,73.1,58.0,58.0,89.0,89.0,61.2
90.1,95.5,72.6,58.3,58.3,89.3,89.3,61.3
88.3,92.3,72.8,58.4,58.4,89.7,89.7,61.3
89.7,88.7,72.6,57.9,57.9,90.3,90.3,61.0
95.5,89.6,72.1,57.9,57.9,89.6,89.6,60.9
98.0,86.1,72.1,58.5,58.5,89.2,89.2,60.9
99.1,83.4,72.2,58.1,58.1,88.5,88.5,61.5
97.5,85.6,73.2,57.7,57.7,88.6,88.6,61.1
96.7,85.5,71.9,58.2,58.2,86.8,86.8,60.6
94.3,85.5,72.3,61.7,61.7,85.7,85.7,62.2
93.2,87.7,72.1,58.3,58.3,87.3,87.3,61.7
91.7,91.9,73.6,61.0,61.0,83.5,83.5,61.3
90.3,91.2,73.0,62.3,62.3,83.5,83.5,60.8
92.5,94.4,74.7,61.9,61.9,83.7,83.7,59.3
89.9,102.3,74.9,61.8,61.8,84.1,84.1,59.4
87.1,90.2,74.1,62.3,62.3,83.7,83.7,58.5
81.2,92.8,74.1,61.6,61.6,83.9,83.9,58.6
84.5,87.2,73.8,62.3,62.3,84.9,84.9,57.0
96.1,90.7,73.2,62.3,62.3,85.3,85.3,57.2
101.3,101.1,73.5,61.3,61.3,85.0,85.0,57.2
102.1,101.5,74.9,60.7,60.7,84.3,84.3,58.3
101.8,103.8,74.6,61.6,61.6,84.9,84.9,56.9
101.4,102.7,75.4,62.1,62.1,84.7,84.7,58.7
102.7,97.7,75.2,60.6,60.6,87.1,87.1,57.4
103.3,98.4,75.1,61.0,61.0,86.5,86.5,57.9
106.7,101.5,75.5,60.8,60.8,87.4,87.4,59.1
106.4,99.9,73.3,61.3,61.3,88.1,88.1,59.6
104.6,96.2,72.1,58.4,58.4,92.3,92.3,60.5
104.8,95.3,73.3,60.2,60.2,89.6,89.6,61.2
100.9,95.5,73.4,61.3,61.3,88.0,88.0,59.8
99.1,101.4,73.7,60.8,60.8,88.5,88.5,59.6
98.8,98.8,74.2,62.2,62.2,88.4,88.4,58.9
96.9,94.9,74.3,61.5,61.5,88.9,88.9,59.1
96.8,98.7,73.6,61.2,61.2,87.4,87.4,59.8
95.0,97.6,73.6,57.4,57.4,90.9,90.9,61.5
91.8,100.4,73.7,57.8,57.8,90.0,90.0,62.1
91.2,97.3,73.3,57.6,57.6,90.4,90.4,62.1
90.9,92.7,73.0,57.9,57.9,91.1,91.1,61.5
91.5,89.2,73.0,57.7,57.7,89.4,89.4,62.2
94.1,88.6,73.5,57.9,57.9,89.4,89.4,61.9
99.4,85.6,71.9,58.8,58.8,89.7,89.7,61.8
98.4,84.2,72.4,59.1,59.1,88.5,88.5,62.7
98.6,84.1,72.6,59.0,59.0,87.7,87.7,62.3
97.4,87.0,73.3,59.3,59.3,86.6,86.6,63.5
93.5,88.1,73.2,58.7,58.7,85.1,85.1,63.8
94.5,89.1,72.9,57.8,57.8,86.3,86.3,63.4
90.4,92.5,72.8,60.0,60.0,84.1,84.1,61.2
90.6,98.8,73.1,62.1,62.1,82.0,82.0,60.2
87.3,104.2,73.0,61.8,61.8,83.8,83.8,59.7
91.0,103.5,74.5,61.4,61.4,83.8,83.8,59.7
85.0,89.6,74.3,61.6,61.6,83.0,83.0,58.3
82.6,92.1,74.0,62.4,62.4,82.7,82.7,57.7
84.8,91.1,73.5,61.7,61.7,83.7,83.7,58.0
101.0,92.2,72.9,66.9,66.9,81.5,81.5,57.6
105.3,97.2,73.2,62.5,62.5,86.1,86.1,56.6
105.6,98.0,73.2,62.2,62.2,87.0,87.0,56.9
105.4,102.4,73.7,62.3,62.3,86.5,86.5,57.9
106.3,99.2,73.6,62.4,62.4,87.2,87.2,58.1
106.3,93.7,72.3,61.9,61.9,87.1,87.1,58.8
108.0,100.0,72.5,61.2,61.2,87.1,87.1,60.4
107.5,96.6,71.9,60.5,60.5,89.4,89.4,60.6
108.0,92.9,71.8,60.6,60.6,88.5,88.5,60.5
107.7,95.9,72.7,60.5,60.5,88.9,88.9,60.2
108.7,93.6,71.7,60.1,60.1,89.2,89.2,60.9
107.4,94.6,71.7,59.7,59.7,88.6,88.6,60.8
105.6,94.3,71.3,60.6,60.6,91.4,91.4,59.3
103.3,92.1,72.9,60.0,60.0,88.2,88.2,60.2
103.6,98.2,73.1,60.5,60.5,88.4,88.4,59.0
104.4,99.5,73.5,60.4,60.4,85.8,85.8,61.3
100.5,94.5,72.8,60.3,60.3,86.8,86.8,60.4
96.3,94.6,72.2,60.8,60.8,89.2,89.2,60.3
96.5,96.9,72.1,60.6,60.6,89.8,89.8,60.8
94.5,97.7,72.4,60.8,60.8,88.6,88.6,61.3
93.5,96.8,71.6,61.5,61.5,89.0,89.0,61.1
96.3,96.0,73.2,60.1,60.1,87.4,87.4,61.1
97.0,97.2,71.6,58.7,58.7,91.1,91.1,61.4
95.6,98.4,70.9,61.3,61.3,89.4,89.4,61.0
94.5,97.5,71.7,58.0,58.0,88.6,88.6,60.5
89.1,93.7,71.8,59.3,59.3,89.4,89.4,60.8
91.6,92.7,71.9,59.0,59.0,88.6,88.6,60.6
91.7,90.6,71.6,58.7,58.7,90.6,90.6,61.1
92.8,90.8,72.3,60.6,60.6,86.5,86.5,61.1
95.0,88.7,72.9,60.8,60.8,86.9,86.9,61.0
94.2,90.1,73.4,61.5,61.5,86.2,86.2,61.3
93.8,90.3,73.7,61.8,61.8,85.6,85.6,60.8
92.4,92.1,73.5,62.4,62.4,85.3,85.3,60.1
93.6,91.5,74.0,61.8,61.8,86.8,86.8,59.8
92.6,97.4,74.3,61.7,61.7,86.3,86.3,59.8
87.5,101.0,74.1,61.8,61.8,85.6,85.6,60.5
89.4,90.0,74.0,61.6,61.6,84.9,84.9,60.2
83.9,78.0,73.7,62.6,62.6,85.6,85.6,59.7
85.9,96.7,73.7,62.5,62.5,85.8,85.8,59.6
95.3,93.4,73.3,66.5,66.5,82.7,82.7,58.9
101.5,99.2,73.3,61.5,61.5,86.5,86.5,58.8
99.2,98.2,74.4,61.3,61.3,86.1,86.1,58.6
103.0,96.7,74.8,60.4,60.4,87.2,87.2,58.1
108.6,92.4,73.8,62.6,62.6,81.9,81.9,58.9
108.7,98.9,71.9,62.1,62.1,88.6,88.6,56.8
107.9,96.8,71.5,62.2,62.2,89.7,89.7,57.7
107.1,96.8,70.7,59.8,59.8,93.4,93.4,59.1
106.6,92.9,71.3,59.0,59.0,91.6,91.6,60.6
104.9,94.7,71.6,62.0,62.0,89.1,89.1,59.7
102.2,95.3,71.9,58.8,58.8,91.8,91.8,60.4
105.8,98.3,72.2,59.1,59.1,93.3,93.3,59.3
105.5,100.5,71.8,62.6,62.6,89.7,89.7,58.4
103.2,97.5,71.7,62.6,62.6,89.8,89.8,57.8
97.2,97.6,71.9,62.0,62.0,90.6,90.6,58.0
95.5,99.6,71.1,58.7,58.7,94.1,94.1,59.1
95.8,97.0,71.5,58.5,58.5,93.7,93.7,60.7
94.6,96.1,71.8,58.1,58.1,93.0,93.0,61.0
96.2,97.7,73.1,57.8,57.8,92.3,92.3,61.6
93.4,96.2,71.8,58.2,58.2,95.0,95.0,59.9
91.4,92.4,71.5,57.8,57.8,95.0,95.0,60.0
90.5,91.2,70.7,58.7,58.7,92.6,92.6,61.6
91.3,88.5,71.7,57.2,57.2,91.0,91.0,60.8
91.3,88.4,71.8,58.2,58.2,90.1,90.1,61.0
93.5,85.5,72.0,57.6,57.6,89.3,89.3,61.2
93.9,86.3,72.1,58.3,58.3,88.3,88.3,61.2
92.7,86.7,72.1,57.9,57.9,87.7,87.7,61.5
93.7,89.8,72.7,57.6,57.6,88.3,88.3,61.0
91.8,91.5,72.2,60.1,60.1,85.3,85.3,61.0
93.2,95.9,73.2,60.4,60.4,85.4,85.4,60.4
91.9,97.1,74.2,61.5,61.5,84.4,84.4,60.1
89.5,106.4,74.1,60.4,60.4,84.6,84.6,59.5
87.4,107.0,74.0,61.4,61.4,85.3,85.3,58.6
85.3,99.1,73.6,61.5,61.5,83.7,83.7,58.8
82.3,91.3,72.6,61.6,61.6,83.9,83.9,59.1
80.6,90.4,72.4,66.3,66.3,81.8,81.8,58.2
96.2,93.9,73.8,65.6,65.6,82.1,82.1,57.1
99.1,104.8,73.4,65.7,65.7,82.2,82.2,57.1
105.8,103.5,74.1,65.6,65.6,82.4,82.4,56.9
105.0,99.6,74.8,65.6,65.6,81.7,81.7,57.2
105.3,97.8,75.7,64.3,64.3,81.9,81.9,57.6
104.8,100.7,75.2,64.5,64.5,81.6,81.6,58.2
101.6,101.8,74.4,65.3,65.3,84.7,84.7,57.1
107.8,96.2,74.2,65.3,65.3,85.0,85.0,57.5
107.3,98.1,73.2,66.2,66.2,86.2,86.2,57.6
103.8,95.2,72.5,65.6,65.6,86.6,86.6,58.5
102.9,99.3,73.4,60.9,60.9,89.9,89.9,58.8
104.6,100.5,73.7,64.1,64.1,84.4,84.4,60.9
102.9,95.4,73.1,61.5,61.5,91.0,91.0,59.3
104.8,92.2,73.7,60.4,60.4,90.2,90.2,59.8
101.9,99.2,74.4,60.2,60.2,91.3,91.3,60.0
100.0,97.2,73.8,60.3,60.3,88.6,88.6,59.6
101.5,91.4,73.3,60.0,60.0,89.9,89.9,60.7
100.9,92.3,72.3,61.0,61.0,89.3,89.3,59.9
95.5,93.7,72.4,60.3,60.3,87.3,87.3,59.7
94.0,94.3,70.8,61.1,61.1,87.3,87.3,60.3
91.8,95.2,70.2,59.4,59.4,91.0,91.0,61.2
90.7,93.9,70.2,59.0,59.0,92.2,92.2,61.0
90.4,91.8,71.0,59.2,59.2,90.9,90.9,61.8
88.0,92.8,71.3,61.8,61.8,86.6,86.6,61.7
90.0,90.5,71.7,61.0,61.0,86.9,86.9,61.9
95.4,87.8,71.9,61.1,61.1,85.8,85.8,62.3
93.2,89.8,73.1,61.9,61.9,85.6,85.6,60.8
91.2,91.5,73.2,61.4,61.4,86.5,86.5,60.2
90.1,96.4,73.9,62.8,62.8,86.7,86.7,59.2
91.8,101.6,74.2,63.0,63.0,86.0,86.0,58.7
83.4,95.7,73.7,62.4,62.4,86.5,86.5,58.8
79.2,77.2,74.3,66.4,66.4,81.8,81.8,57.7
84.4,93.0,74.2,66.3,66.3,84.0,84.0,56.4
97.8,97.7,74.4,66.6,66.6,82.8,82.8,56.1
105.7,94.4,73.9,66.9,66.9,82.1,82.1,56.1
97.9,96.8,73.8,65.8,65.8,81.8,81.8,56.2
102.0,100.2,75.2,66.0,66.0,82.1,82.1,56.7
102.9,97.7,74.8,65.4,65.4,84.3,84.3,55.9
101.3,95.5,74.4,66.0,66.0,84.9,84.9,56.3
103.0,95.4,74.0,66.1,66.1,85.5,85.5,57.0
103.3,95.2,73.3,65.7,65.7,83.7,83.7,59.0
100.2,95.8,73.3,61.2,61.2,89.0,89.0,59.7
101.6,95.8,72.6,59.9,59.9,89.4,89.4,60.4
99.1,99.2,72.5,60.8,60.8,89.6,89.6,61.3
97.4,95.9,72.1,61.1,61.1,91.6,91.6,59.9
96.1,97.2,71.5,60.6,60.6,90.4,90.4,62.2
95.8,97.8,70.7,61.5,61.5,89.6,89.6,62.6
95.4,96.9,71.0,58.7,58.7,91.2,91.2,63.1
95.9,99.5,71.2,58.7,58.7,92.1,92.1,62.8
108.2,93.1,71.0,61.3,61.3,88.9,88.9,63.5
103.8,97.1,71.6,61.6,61.6,89.7,89.7,61.4
100.5,97.9,71.6,60.9,60.9,87.8,87.8,61.0
99.5,97.0,72.0,60.5,60.5,86.2,86.2,60.8
96.3,98.2,72.1,59.6,59.6,86.5,86.5,60.8
95.5,97.8,71.3,59.8,59.8,87.6,87.6,60.6
92.8,98.9,72.2,60.2,60.2,90.6,90.6,58.2
90.2,96.8,72.6,61.8,61.8,89.3,89.3,58.2
91.4,95.3,73.8,62.0,62.0,89.5,89.5,58.7
91.1,96.4,73.7,61.7,61.7,90.6,90.6,58.7
92.7,94.5,74.3,62.1,62.1,89.5,89.5,58.0
94.2,93.3,75.0,61.0,61.0,89.0,89.0,58.0
95.5,92.1,74.4,61.4,61.4,89.1,89.1,58.2
95.7,93.7,74.9,61.3,61.3,89.3,89.3,58.6
96.5,95.3,75.2,61.8,61.8,86.6,86.6,59.6
86.0,106.2,77.0,60.3,60.3,86.7,86.7,58.4
81.3,74.8,74.3,62.2,62.2,85.9,85.9,57.8
82.8,55.9,76.0,59.8,59.8,83.5,83.5,59.0
94.8,91.0,74.6,64.4,64.4,81.4,81.4,58.4
100.0,105.3,74.7,64.5,64.5,80.8,80.8,56.4
100.8,103.4,75.9,63.4,63.4,80.2,80.2,56.3
99.8,98.1,74.3,64.4,64.4,81.4,81.4,56.1
105.1,96.6,72.9,64.6,64.6,81.3,81.3,57.3
104.5,99.1,71.7,66.1,66.1,84.7,84.7,56.7
101.5,99.6,71.2,61.3,61.3,88.1,88.1,58.0
100.8,99.2,71.4,60.3,60.3,87.9,87.9,58.4
101.1,102.3,72.1,60.7,60.7,86.4,86.4,60.4
104.1,96.4,72.4,60.7,60.7,88.6,88.6,58.9
101.0,97.4,73.0,61.1,61.1,87.6,87.6,58.9
101.3,97.5,72.9,61.2,61.2,87.8,87.8,58.5
98.4,100.5,72.9,61.2,61.2,89.6,89.6,57.9
100.8,97.3,72.4,61.8,61.8,89.3,89.3,58.1
98.4,97.5,71.7,61.8,61.8,88.6,88.6,58.7
96.3,97.8,71.8,61.5,61.5,84.9,84.9,60.8
96.3,94.9,72.0,60.2,60.2,87.6,87.6,60.6
96.8,99.7,72.8,59.8,59.8,87.1,87.1,61.0
95.8,98.8,72.7,60.1,60.1,87.8,87.8,61.1
94.5,94.5,72.1,60.6,60.6,86.6,86.6,61.0
96.2,91.5,73.3,59.2,59.2,86.9,86.9,60.7
95.2,95.0,72.2,56.7,56.7,89.3,89.3,60.1
91.8,96.4,72.4,57.0,57.0,90.8,90.8,60.2
91.7,97.1,70.5,61.4,61.4,84.4,84.4,60.2
91.4,93.9,71.2,61.6,61.6,85.0,85.0,59.9
93.7,88.9,71.8,59.7,59.7,87.7,87.7,59.1
96.0,89.2,72.0,58.9,58.9,89.0,89.0,60.0
96.9,87.3,72.8,58.8,58.8,87.3,87.3,59.7
96.7,88.2,71.3,58.5,58.5,86.6,86.6,59.3
96.0,87.1,71.4,57.8,57.8,87.0,87.0,58.8
94.4,91.4,71.5,57.7,57.7,87.0,87.0,59.1
89.4,94.4,71.7,57.7,57.7,85.7,85.7,59.8
88.8,98.5,71.8,57.3,57.3,86.3,86.3,59.4
85.4,103.5,71.7,59.6,59.6,84.8,84.8,58.9
89.4,105.8,72.4,58.7,58.7,83.4,83.4,58.5
90.1,107.8,72.2,59.1,59.1,83.5,83.5,59.7
91.6,111.9,73.7,59.0,59.0,84.1,84.1,56.6
89.7,106.8,72.8,59.8,59.8,84.5,84.5,55.9
87.1,79.2,73.2,60.2,60.2,85.0,85.0,54.8
80.6,89.9,71.6,61.2,61.2,84.7,84.7,55.2
80.9,105.4,73.9,60.0,60.0,86.4,86.4,56.0
91.1,105.8,71.9,60.7,60.7,86.7,86.7,57.6
101.5,97.5,70.9,62.8,62.8,85.5,85.5,58.4
102.5,98.2,71.9,62.5,62.5,85.8,85.8,58.3
97.6,102.2,72.4,60.9,60.9,85.3,85.3,58.2
96.3,99.5,73.7,60.1,60.1,86.7,86.7,57.5
97.0,98.4,71.6,60.8,60.8,88.4,88.4,57.7
95.4,100.5,72.2,61.1,61.1,86.5,86.5,58.3
101.1,98.7,72.6,59.8,59.8,87.1,87.1,58.7
97.2,98.0,71.9,61.3,61.3,89.5,89.5,57.9
96.6,98.9,71.2,61.1,61.1,88.1,88.1,57.7
94.1,96.8,71.5,61.0,61.0,86.7,86.7,59.3
91.6,98.1,72.4,61.1,61.1,86.1,86.1,59.3
91.4,96.7,72.6,57.8,57.8,89.0,89.0,59.7
91.9,95.6,72.8,59.0,59.0,86.9,86.9,59.2
92.0,94.4,72.5,62.1,62.1,85.2,85.2,59.7
92.5,94.2,72.4,60.4,60.4,87.0,87.0,60.1
93.3,89.8,72.9,59.5,59.5,89.3,89.3,59.8
93.1,89.7,72.4,59.7,59.7,86.8,86.8,58.9
94.0,89.2,73.4,60.9,60.9,84.9,84.9,59.6
92.6,91.3,72.9,60.8,60.8,85.7,85.7,59.4
88.5,97.9,73.0,60.3,60.3,85.3,85.3,59.8
87.7,99.8,73.6,60.3,60.3,85.6,85.6,59.8
86.8,103.0,71.9,58.7,58.7,86.9,86.9,59.5
87.3,108.2,72.6,60.4,60.4,85.3,85.3,59.4
88.9,103.4,73.0,59.8,59.8,83.8,83.8,59.3
82.6,93.0,73.3,61.2,61.2,83.7,83.7,58.5
83.6,93.4,74.8,60.4,60.4,84.0,84.0,58.7
87.7,99.1,71.7,62.6,62.6,83.3,83.3,58.4
99.1,84.5,71.7,63.0,63.0,84.0,84.0,57.6
101.1,102.4,72.2,63.0,63.0,83.7,83.7,58.4
107.9,92.2,73.3,61.3,61.3,84.5,84.5,58.3
108.5,92.5,73.1,61.4,61.4,84.9,84.9,57.9
106.3,98.1,72.5,61.2,61.2,86.4,86.4,57.4
106.8,98.5,73.2,60.5,60.5,87.4,87.4,58.5
106.9,94.9,71.8,60.3,60.3,88.2,88.2,58.1
106.5,92.4,72.4,60.5,60.5,88.1,88.1,58.4
105.7,96.7,73.4,59.8,59.8,86.5,86.5,59.4
105.8,96.5,72.1,61.1,61.1,86.5,86.5,58.9
106.6,92.5,72.5,60.7,60.7,86.5,86.5,58.5
107.0,98.6,72.8,60.8,60.8,86.6,86.6,58.7
108.6,97.1,73.5,59.6,59.6,87.6,87.6,59.3
104.2,98.4,71.2,60.7,60.7,87.2,87.2,59.8
105.5,96.0,70.0,63.7,63.7,87.0,87.0,60.5
104.8,95.8,72.1,61.2,61.2,86.5,86.5,60.2
106.2,98.9,73.5,60.4,60.4,83.6,83.6,60.3
104.8,97.7,72.6,60.1,60.1,86.5,86.5,59.6
104.6,96.3,71.8,61.0,61.0,88.0,88.0,58.8
101.7,96.0,71.1,61.2,61.2,87.3,87.3,59.5
97.3,95.6,71.3,61.2,61.2,88.0,88.0,59.6
97.2,97.7,72.4,61.2,61.2,87.1,87.1,60.2
95.7,100.6,72.5,60.8,60.8,86.5,86.5,60.4
95.8,97.1,72.4,60.9,60.9,87.7,87.7,59.9
96.6,97.8,71.6,59.6,59.6,88.2,88.2,59.3
95.5,97.7,72.7,60.5,60.5,86.9,86.9,59.0
91.3,96.6,71.8,60.6,60.6,86.6,86.6,59.8
91.8,93.7,73.3,60.9,60.9,86.4,86.4,60.3
92.5,93.6,73.4,61.1,61.1,86.5,86.5,58.8
92.1,94.2,73.6,60.2,60.2,86.7,86.7,58.4
94.6,93.4,73.4,60.6,60.6,87.5,87.5,57.8
95.8,90.7,74.5,59.0,59.0,84.9,84.9,58.3
92.6,89.7,74.7,60.1,60.1,86.1,86.1,58.2
92.5,91.6,74.9,59.6,59.6,85.4,85.4,59.1
92.5,93.3,73.7,60.3,60.3,86.0,86.0,58.9
91.1,98.5,74.1,60.2,60.2,84.9,84.9,58.9
90.0,106.2,74.1,59.2,59.2,83.0,83.0,58.6
94.7,88.1,73.9,59.9,59.9,82.3,82.3,60.1
79.1,86.5,74.3,63.6,63.6,81.0,81.0,59.4
84.5,87.5,75.8,60.0,60.0,83.9,83.9,59.2
94.2,88.2,75.3,63.0,63.0,79.9,79.9,59.3
95.8,103.7,75.1,59.4,59.4,84.5,84.5,56.7
103.7,98.9,76.1,59.2,59.2,84.0,84.0,56.5
99.2,101.9,74.6,60.8,60.8,84.6,84.6,57.1
100.1,100.3,74.1,63.4,63.4,81.9,81.9,56.5
98.2,99.9,73.9,63.6,63.6,81.9,81.9,57.0
99.4,96.4,74.4,60.3,60.3,86.0,86.0,56.8
97.9,99.2,74.5,60.0,60.0,86.4,86.4,57.1
98.1,98.0,73.3,61.4,61.4,86.1,86.1,58.4
97.4,100.0,72.5,61.8,61.8,86.0,86.0,58.6
96.4,96.5,73.5,60.5,60.5,86.5,86.5,58.5
93.8,98.3,71.8,61.7,61.7,86.3,86.3,59.0
96.3,103.5,73.5,60.2,60.2,86.3,86.3,59.3
96.0,102.6,73.3,60.4,60.4,86.1,86.1,59.5
94.3,97.4,72.7,60.5,60.5,86.6,86.6,59.3
93.7,100.4,73.5,60.2,60.2,85.8,85.8,58.3
95.2,99.1,73.2,60.6,60.6,85.4,85.4,59.3
92.2,97.7,72.7,61.2,61.2,85.0,85.0,60.2
92.6,97.7,72.7,61.5,61.5,85.6,85.6,59.7
94.1,96.0,73.1,59.5,59.5,85.5,85.5,60.2
93.3,92.6,73.1,59.3,59.3,86.6,86.6,60.1
92.0,96.3,72.4,57.7,57.7,90.1,90.1,60.4
90.4,95.5,71.6,57.1,57.1,90.9,90.9,61.0
90.7,98.0,71.7,56.9,56.9,90.4,90.4,60.1
91.7,98.8,72.4,57.4,57.4,90.6,90.6,59.7
92.2,98.6,72.5,57.4,57.4,89.8,89.8,60.4
91.0,95.5,72.1,58.8,58.8,85.3,85.3,60.2
87.7,93.8,72.3,59.0,59.0,85.0,85.0,60.2
89.3,90.3,72.8,59.5,59.5,84.5,84.5,59.8
91.9,90.4,73.0,58.7,58.7,85.4,85.4,59.4
93.6,88.8,73.3,60.8,60.8,84.4,84.4,58.6
93.3,89.9,74.7,61.5,61.5,83.9,83.9,58.3
92.7,92.4,74.4,61.4,61.4,84.2,84.2,58.1
92.4,93.7,74.8,60.6,60.6,83.9,83.9,57.5
90.2,98.3,74.5,61.2,61.2,83.7,83.7,59.0
87.9,104.7,74.4,60.5,60.5,83.1,83.1,58.9
90.6,102.2,73.9,59.8,59.8,83.8,83.8,58.4
86.1,86.6,74.4,60.8,60.8,82.8,82.8,58.2
82.0,82.6,76.2,58.7,58.7,82.6,82.6,57.5
87.1,55.2,74.1,65.4,65.4,80.6,80.6,57.5
96.7,97.7,77.4,62.3,62.3,79.9,79.9,57.0
101.8,96.5,76.0,62.4,62.4,79.9,79.9,57.2
100.7,99.6,76.4,63.4,63.4,80.3,80.3,58.1
100.6,101.0,74.2,61.1,61.1,82.4,82.4,56.8
104.1,98.8,73.8,61.3,61.3,84.2,84.2,55.7
103.2,97.2,72.4,61.3,61.3,85.3,85.3,56.8
103.7,91.7,71.2,61.3,61.3,84.7,84.7,57.9
103.0,94.8,72.3,60.1,60.1,85.1,85.1,57.8
101.8,102.4,72.8,65.2,65.2,83.1,83.1,57.8
102.6,95.3,72.2,60.3,60.3,85.4,85.4,58.0
101.7,96.9,72.5,60.5,60.5,86.2,86.2,57.6
100.1,96.4,72.1,60.0,60.0,85.3,85.3,58.4
101.9,96.9,72.0,59.7,59.7,85.5,85.5,59.2
99.5,97.6,72.0,59.7,59.7,85.4,85.4,59.7
101.3,94.7,73.1,59.3,59.3,85.0,85.0,59.5
98.5,94.6,72.4,60.0,60.0,85.9,85.9,59.5
97.5,96.2,71.7,58.9,58.9,86.7,86.7,59.6
101.5,93.5,71.8,60.9,60.9,84.4,84.4,60.0
96.2,93.2,71.4,60.5,60.5,87.8,87.8,60.6
96.5,93.9,71.3,60.4,60.4,86.3,86.3,60.6
94.0,94.2,72.0,59.2,59.2,85.5,85.5,60.5
92.2,94.0,72.1,59.2,59.2,86.2,86.2,60.2
90.3,92.8,72.3,59.7,59.7,86.3,86.3,60.4
91.8,91.0,73.0,59.6,59.6,87.0,87.0,59.7
91.6,90.6,73.5,59.4,59.4,86.2,86.2,60.3
93.4,89.5,72.9,59.8,59.8,86.7,86.7,60.4
94.2,88.7,73.1,60.5,60.5,85.5,85.5,60.5
93.0,88.9,74.2,59.4,59.4,84.5,84.5,60.8
93.0,90.2,73.6,60.0,60.0,83.7,83.7,60.1
93.4,90.8,73.5,59.7,59.7,83.9,83.9,59.9
93.5,98.5,74.0,58.7,58.7,83.1,83.1,59.7
90.2,104.7,74.2,59.6,59.6,83.4,83.4,58.7
88.9,75.2,74.1,58.5,58.5,84.2,84.2,59.0
78.7,79.5,74.4,60.0,60.0,82.9,82.9,59.4
85.4,87.7,76.1,62.4,62.4,80.1,80.1,59.6
96.1,86.0,75.1,63.4,63.4,80.4,80.4,58.8
98.7,98.2,75.5,58.7,58.7,83.5,83.5,58.8
100.9,97.2,74.2,59.3,59.3,83.8,83.8,59.1
100.1,93.7,74.5,59.8,59.8,83.7,83.7,58.8
100.4,96.0,74.4,58.9,58.9,84.8,84.8,58.7
99.4,96.6,73.9,58.9,58.9,85.2,85.2,58.7
98.3,96.8,74.3,59.6,59.6,86.5,86.5,57.3
100.4,97.4,72.9,61.0,61.0,86.6,86.6,57.4
96.3,95.3,73.0,60.3,60.3,87.2,87.2,57.7
97.1,98.6,74.4,59.2,59.2,87.5,87.5,57.6
98.5,96.6,72.7,60.3,60.3,85.6,85.6,58.5
95.8,99.6,74.4,58.4,58.4,85.5,85.5,59.4
96.4,96.4,74.2,58.0,58.0,86.5,86.5,58.3
97.0,98.0,74.1,58.6,58.6,84.3,84.3,59.8
98.0,100.8,72.9,59.0,59.0,85.1,85.1,59.7
95.1,99.7,73.7,58.5,58.5,85.2,85.2,59.7
97.2,98.6,72.0,59.1,59.1,84.8,84.8,59.9
97.0,96.0,73.8,58.2,58.2,83.5,83.5,60.4
96.5,101.0,73.1,58.7,58.7,83.3,83.3,60.4
96.3,98.6,72.3,56.9,56.9,88.5,88.5,61.0
94.6,99.3,72.4,56.9,56.9,88.6,88.6,60.4
98.0,94.0,72.5,58.1,58.1,86.5,86.5,60.1
95.9,94.5,72.9,57.7,57.7,85.1,85.1,61.2
94.0,99.5,73.6,57.7,57.7,86.6,86.6,60.9
90.5,100.9,73.9,56.5,56.5,88.7,88.7,60.6
90.1,94.3,74.1,57.0,57.0,88.3,88.3,60.9
90.0,94.4,74.1,56.5,56.5,87.8,87.8,60.9
92.4,89.8,73.0,57.0,57.0,87.9,87.9,61.1
96.2,88.6,73.6,56.1,56.1,88.1,88.1,61.0
94.5,86.2,73.9,56.9,56.9,85.7,85.7,60.5
97.1,87.5,73.8,57.7,57.7,85.9,85.9,60.4
94.9,87.1,72.5,58.6,58.6,85.8,85.8,59.8
93.9,87.9,72.4,60.0,60.0,85.1,85.1,59.0
93.4,88.9,73.2,60.0,60.0,84.0,84.0,58.6
92.3,92.1,75.2,59.5,59.5,83.2,83.2,57.6
92.3,96.1,76.0,59.3,59.3,83.9,83.9,57.2
91.2,100.1,75.5,59.9,59.9,82.8,82.8,57.3
89.0,106.8,74.2,59.6,59.6,82.8,82.8,58.2
89.4,104.8,74.2,59.7,59.7,81.5,81.5,58.2
87.5,82.8,74.8,59.2,59.2,81.5,81.5,58.2
81.8,81.4,75.1,59.7,59.7,82.5,82.5,57.8
89.2,92.0,74.4,60.4,60.4,82.4,82.4,58.6
97.1,85.2,73.7,60.7,60.7,84.5,84.5,58.5
103.7,100.8,74.2,64.9,64.9,80.7,80.7,58.4
101.4,99.9,74.6,64.7,64.7,80.3,80.3,58.6
104.5,97.3,73.9,65.2,65.2,80.8,80.8,58.9
105.4,99.7,74.5,60.7,60.7,83.2,83.2,58.1
105.6,96.7,73.5,60.3,60.3,85.1,85.1,57.6
105.1,96.6,72.5,60.9,60.9,85.1,85.1,57.7
104.5,93.6,72.7,60.1,60.1,85.2,85.2,58.2
102.9,97.6,72.7,60.2,60.2,85.3,85.3,57.9
106.8,93.3,73.8,64.2,64.2,83.5,83.5,57.6
105.8,95.6,72.8,65.2,65.2,83.4,83.4,57.9
107.8,93.8,73.1,64.7,64.7,84.2,84.2,57.4
105.4,94.9,72.8,64.5,64.5,85.0,85.0,57.8
102.9,97.2,71.7,61.0,61.0,89.6,89.6,58.5
106.0,90.7,72.8,61.7,61.7,87.3,87.3,58.9
104.1,96.2,73.1,60.7,60.7,86.1,86.1,58.3
102.5,98.8,75.0,59.6,59.6,85.7,85.7,57.9
99.7,100.4,73.8,61.0,61.0,85.6,85.6,59.7
99.8,98.9,73.1,61.5,61.5,86.1,86.1,57.5
96.6,98.5,74.4,59.6,59.6,86.9,86.9,59.1
95.4,98.6,74.7,60.1,60.1,86.1,86.1,57.2
100.3,99.9,75.0,60.0,60.0,86.0,86.0,57.4
101.1,97.3,74.6,59.5,59.5,86.0,86.0,57.7
100.6,99.9,74.4,59.4,59.4,86.7,86.7,57.4
98.2,99.2,72.2,60.4,60.4,86.6,86.6,57.5
99.9,98.1,70.3,60.5,60.5,86.6,86.6,57.7
100.2,100.1,70.9,59.8,59.8,86.4,86.4,57.7
100.1,98.8,72.5,59.4,59.4,86.3,86.3,57.7
98.5,99.2,72.2,59.8,59.8,85.9,85.9,58.5
96.9,99.7,75.8,58.5,58.5,85.0,85.0,57.8
99.0,98.6,75.2,59.0,59.0,86.7,86.7,55.3
95.5,100.5,73.1,61.7,61.7,86.8,86.8,56.3
100.5,98.9,73.3,60.8,60.8,89.2,89.2,54.8
97.6,95.8,74.5,65.5,65.5,84.7,84.7,55.0
95.7,101.3,77.0,63.7,63.7,84.6,84.6,54.6
98.6,97.1,74.7,66.1,66.1,83.3,83.3,55.0
104.2,94.9,74.1,66.5,66.5,82.7,82.7,56.0
98.9,93.8,77.5,63.4,63.4,82.8,82.8,55.0
104.0,102.2,76.7,64.6,64.6,83.7,83.7,55.2
106.5,101.0,74.0,66.0,66.0,85.3,85.3,56.3
107.3,101.1,70.8,68.3,68.3,87.6,87.6,56.5
109.0,98.4,71.3,62.0,62.0,89.3,89.3,59.0
111.5,92.3,68.5,63.7,63.7,88.4,88.4,59.2
108.3,93.2,67.6,64.1,64.1,88.9,88.9,59.1
111.0,87.7,71.7,63.1,63.1,88.7,88.7,58.2
107.2,88.0,71.9,61.6,61.6,88.5,88.5,59.9
108.6,94.4,72.6,62.0,62.0,88.3,88.3,59.0
109.5,91.9,73.3,60.7,60.7,89.4,89.4,58.1
108.2,93.3,76.2,61.2,61.2,88.7,88.7,58.0
107.9,96.8,76.4,64.5,64.5,86.0,86.0,58.2
106.8,96.5,76.8,63.9,63.9,85.7,85.7,58.4
103.1,95.7,73.9,66.7,66.7,85.6,85.6,58.0
103.2,95.5,76.7,64.1,64.1,86.0,86.0,58.6
98.1,95.3,77.7,63.9,63.9,85.9,85.9,58.5
98.7,97.5,71.5,62.9,62.9,89.1,89.1,58.3
98.1,93.7,72.6,62.7,62.7,89.5,89.5,57.1
97.8,97.5,74.3,61.6,61.6,90.1,90.1,57.3
96.7,92.3,76.3,60.3,60.3,88.1,88.1,56.4
93.4,91.1,75.4,64.7,64.7,85.1,85.1,56.0
91.1,91.1,74.9,60.6,60.6,88.2,88.2,55.4
94.5,94.4,75.6,61.0,61.0,87.6,87.6,56.1
93.0,97.5,75.1,62.1,62.1,87.5,87.5,56.1
91.6,94.4,74.3,61.5,61.5,87.4,87.4,55.2
91.9,93.2,74.3,61.6,61.6,87.0,87.0,55.6
90.4,94.6,74.6,60.7,60.7,87.5,87.5,55.9
90.6,93.5,74.1,60.7,60.7,86.9,86.9,56.0
93.3,91.1,74.3,57.5,57.5,90.2,90.2,58.3
95.9,89.8,72.3,57.7,57.7,89.6,89.6,59.7
95.6,87.3,72.4,60.2,60.2,87.3,87.3,59.5
94.8,91.2,71.8,60.8,60.8,87.1,87.1,60.0
90.1,94.7,72.6,59.9,59.9,85.9,85.9,59.4
89.5,98.7,72.3,60.0,60.0,85.5,85.5,59.1
89.6,103.4,73.0,59.4,59.4,84.9,84.9,59.2
85.5,111.8,74.2,60.0,60.0,83.5,83.5,57.6
89.5,111.8,76.1,58.9,58.9,84.0,84.0,57.6
93.2,102.3,76.5,58.9,58.9,84.5,84.5,56.1
81.3,92.8,75.7,60.3,60.3,85.7,85.7,54.9
85.4,92.0,72.8,61.6,61.6,87.2,87.2,54.1
91.4,92.6,73.0,65.0,65.0,84.3,84.3,54.4
102.0,95.6,72.6,64.9,64.9,82.7,82.7,56.2
107.3,92.5,71.9,65.2,65.2,82.9,82.9,56.6
106.3,97.2,69.5,61.3,61.3,86.6,86.6,55.0
106.2,95.7,71.6,62.7,62.7,87.4,87.4,55.3
105.6,96.9,72.3,63.1,63.1,86.6,86.6,55.0
107.0,96.7,73.6,62.1,62.1,86.6,86.6,55.2
106.9,99.2,74.1,62.4,62.4,86.1,86.1,55.1
105.5,96.3,73.6,62.3,62.3,87.1,87.1,54.1
103.0,97.1,69.6,62.3,62.3,87.2,87.2,54.5
105.9,97.0,69.6,65.5,65.5,83.9,83.9,56.6
102.8,96.8,74.9,63.4,63.4,83.7,83.7,56.4
103.2,96.9,73.8,61.6,61.6,85.5,85.5,55.6
103.4,100.2,72.8,61.5,61.5,86.1,86.1,56.4
103.6,97.1,73.6,61.4,61.4,88.1,88.1,55.1
103.6,98.7,73.7,60.4,60.4,88.0,88.0,55.2
100.3,96.2,73.3,64.0,64.0,85.8,85.8,55.2
100.8,97.5,73.3,63.7,63.7,84.6,84.6,57.7
100.6,97.6,74.0,59.6,59.6,86.8,86.8,57.8
98.7,94.7,74.6,59.9,59.9,87.2,87.2,57.6
97.2,94.2,75.0,59.8,59.8,88.1,88.1,57.8
95.3,97.5,73.7,58.5,58.5,87.1,87.1,58.1
98.0,92.8,73.6,59.4,59.4,86.9,86.9,57.9
95.5,96.4,73.3,59.6,59.6,86.1,86.1,58.1
95.7,97.5,73.9,59.0,59.0,85.8,85.8,58.2
94.0,99.4,74.0,58.5,58.5,85.9,85.9,57.9
90.9,96.2,74.1,58.9,58.9,83.6,83.6,58.9
91.0,94.2,74.9,58.6,58.6,84.3,84.3,58.9
92.6,91.4,74.6,58.2,58.2,84.3,84.3,58.9
94.6,89.7,74.5,57.8,57.8,85.1,85.1,57.8
96.6,89.3,75.1,57.2,57.2,86.0,86.0,58.9
99.6,90.1,74.0,57.7,57.7,84.3,84.3,59.6
99.0,89.0,73.8,58.2,58.2,84.1,84.1,59.4
96.0,91.6,73.6,58.1,58.1,84.5,84.5,58.5
95.0,92.5,73.2,58.5,58.5,84.6,84.6,58.9
94.5,94.2,73.8,58.7,58.7,84.3,84.3,58.9
93.6,97.0,73.9,59.1,59.1,85.4,85.4,57.6
91.6,101.4,74.7,57.5,57.5,84.4,84.4,58.9
87.2,104.3,75.4,58.7,58.7,83.4,83.4,58.0
90.6,105.5,75.8,59.3,59.3,83.0,83.0,57.3
90.1,106.7,75.0,58.9,58.9,83.5,83.5,56.8
90.7,107.5,74.2,59.7,59.7,84.5,84.5,56.9
92.9,100.1,73.5,59.7,59.7,84.3,84.3,56.3
79.3,88.8,73.9,60.7,60.7,84.4,84.4,56.4
84.0,90.2,73.7,60.9,60.9,84.6,84.6,56.3
96.2,103.2,73.9,61.2,61.2,85.7,85.7,57.0
106.8,87.5,74.5,62.0,62.0,84.7,84.7,55.3
104.0,90.5,73.1,62.0,62.0,84.8,84.8,55.2
106.0,91.2,73.2,61.9,61.9,84.1,84.1,56.1
105.9,94.9,73.6,60.0,60.0,84.5,84.5,56.6
106.9,93.7,74.2,63.5,63.5,80.9,80.9,57.3
103.3,93.9,74.5,63.1,63.1,81.7,81.7,57.0
106.6,96.0,73.5,60.5,60.5,84.7,84.7,58.2
104.1,95.2,73.4,61.4,61.4,84.4,84.4,58.7
104.6,92.8,73.1,60.9,60.9,84.4,84.4,58.1
105.1,94.9,73.7,60.4,60.4,84.6,84.6,58.1
106.7,96.4,73.8,59.3,59.3,85.9,85.9,57.8
99.7,96.9,72.3,59.5,59.5,84.5,84.5,59.7
98.6,95.0,73.4,59.7,59.7,85.3,85.3,58.3
98.8,96.5,72.9,59.2,59.2,84.5,84.5,58.0
98.5,97.1,73.0,59.6,59.6,84.7,84.7,58.5
95.3,95.7,73.5,60.0,60.0,84.4,84.4,58.4
97.4,95.6,73.0,61.1,61.1,83.0,83.0,60.0
95.6,97.0,72.8,60.5,60.5,82.9,82.9,59.5
96.0,97.5,72.4,59.8,59.8,83.3,83.3,60.3
93.1,94.1,72.7,60.1,60.1,83.9,83.9,59.2
92.0,92.5,73.3,59.8,59.8,83.4,83.4,59.0
90.5,92.0,74.8,58.3,58.3,83.4,83.4,58.5
92.4,89.8,74.4,58.5,58.5,82.3,82.3,58.5
96.7,89.4,74.1,59.2,59.2,82.1,82.1,58.6
95.7,89.7,75.2,59.3,59.3,82.7,82.7,59.5
94.0,89.4,74.8,59.6,59.6,82.4,82.4,59.5
91.9,92.9,74.9,58.9,58.9,82.7,82.7,58.9
93.7,93.6,73.2,59.7,59.7,82.3,82.3,56.1
96.6,99.9,73.3,60.0,60.0,81.5,81.5,56.2
90.0,88.3,73.1,59.9,59.9,82.0,82.0,55.7
79.2,84.6,72.3,61.3,61.3,82.3,82.3,55.5
81.9,80.4,72.2,61.3,61.3,82.5,82.5,55.2
91.2,84.6,72.2,61.4,61.4,82.9,82.9,54.9
100.6,85.7,72.3,62.9,62.9,83.3,83.3,56.8
103.9,101.9,72.2,62.3,62.3,82.9,82.9,57.2
103.7,100.7,72.1,62.6,62.6,83.4,83.4,56.4
100.5,101.0,72.0,61.7,61.7,84.7,84.7,58.5
100.6,99.8,72.3,60.6,60.6,85.0,85.0,56.9
104.6,101.4,71.9,60.4,60.4,84.4,84.4,58.3
103.6,100.2,72.8,59.4,59.4,85.4,85.4,57.9
105.7,97.3,72.0,59.5,59.5,84.7,84.7,59.8
105.1,102.4,73.0,59.5,59.5,84.7,84.7,58.3
105.1,98.6,74.5,59.2,59.2,84.7,84.7,60.0
104.6,95.6,74.8,58.3,58.3,85.0,85.0,59.5
105.7,97.1,73.2,58.9,58.9,83.7,83.7,59.3
106.1,97.5,74.2,58.3,58.3,85.8,85.8,60.7
104.3,96.2,72.0,59.6,59.6,86.4,86.4,60.2
104.5,97.7,71.8,60.3,60.3,86.2,86.2,58.2
103.4,97.8,72.8,59.6,59.6,86.2,86.2,58.2
103.9,99.3,72.9,59.6,59.6,85.6,85.6,59.5
100.3,98.3,74.3,57.7,57.7,85.1,85.1,59.9
98.7,100.7,72.5,59.2,59.2,85.5,85.5,58.3
107.6,93.8,73.9,59.2,59.2,86.0,86.0,58.8
103.3,96.8,73.2,58.6,58.6,86.2,86.2,58.5
98.6,96.9,72.3,59.0,59.0,85.9,85.9,59.0
95.9,97.4,72.5,58.8,58.8,84.1,84.1,60.6
95.0,98.3,72.5,58.3,58.3,84.2,84.2,59.7
93.4,98.8,71.9,59.8,59.8,84.2,84.2,60.7
89.6,96.6,73.7,59.2,59.2,82.9,82.9,60.6
91.6,93.8,73.6,58.9,58.9,82.4,82.4,61.0
91.6,92.8,74.3,58.8,58.8,81.8,81.8,60.1
92.9,90.6,75.5,58.4,58.4,82.2,82.2,60.4
94.6,89.3,74.9,58.9,58.9,82.6,82.6,61.0
94.1,89.7,74.6,59.3,59.3,82.1,82.1,59.7
93.7,88.7,74.8,59.8,59.8,83.4,83.4,59.6
92.7,89.8,73.9,59.0,59.0,83.7,83.7,59.8
91.3,93.4,74.7,58.4,58.4,84.1,84.1,57.1
91.1,93.1,75.0,58.1,58.1,82.8,82.8,56.4
90.4,99.4,74.8,57.6,57.6,83.3,83.3,56.3
91.1,98.2,74.3,57.6,57.6,84.1,84.1,56.0
89.4,100.9,74.2,57.2,57.2,82.1,82.1,56.3
88.8,106.5,74.0,57.8,57.8,81.7,81.7,56.1
85.1,110.0,73.6,58.9,58.9,83.4,83.4,56.1
84.8,103.9,75.3,57.9,57.9,82.8,82.8,55.6
76.7,90.3,73.3,59.5,59.5,83.3,83.3,55.1
79.4,93.9,74.7,58.6,58.6,84.1,84.1,54.7
84.9,96.2,74.8,58.7,58.7,83.9,83.9,55.2
92.6,100.5,75.0,58.9,58.9,83.8,83.8,54.7
102.9,99.8,75.8,58.9,58.9,83.8,83.8,54.2
100.1,101.1,75.0,58.8,58.8,82.6,82.6,56.4
101.5,102.1,73.9,58.8,58.8,82.3,82.3,57.6
100.6,101.3,73.9,58.6,58.6,83.0,83.0,57.0
101.8,97.2,73.8,58.3,58.3,84.0,84.0,56.8
102.3,98.9,73.6,58.2,58.2,83.3,83.3,56.9
99.9,95.6,72.8,59.8,59.8,83.3,83.3,57.5
99.7,100.7,71.7,60.3,60.3,82.9,82.9,58.1
103.2,97.1,71.7,59.8,59.8,84.7,84.7,57.8
102.2,98.8,70.8,61.6,61.6,83.8,83.8,57.6
101.1,96.8,72.2,59.7,59.7,82.9,82.9,57.2
96.3,98.7,74.7,58.4,58.4,82.6,82.6,57.4
97.3,98.4,73.7,59.2,59.2,82.4,82.4,58.4
93.9,100.6,72.8,59.6,59.6,83.0,83.0,57.7
101.7,98.3,72.9,59.6,59.6,82.4,82.4,57.8
96.4,98.0,70.5,60.4,60.4,84.5,84.5,57.1
97.8,94.7,70.2,60.8,60.8,84.0,84.0,58.6
93.3,98.6,71.3,60.3,60.3,83.3,83.3,59.3
91.4,99.1,72.6,60.3,60.3,85.1,85.1,60.0
91.4,93.9,72.3,59.1,59.1,86.5,86.5,59.8
90.4,92.7,72.3,58.6,58.6,85.3,85.3,59.6
90.3,91.5,72.4,57.7,57.7,84.3,84.3,59.4
92.3,89.9,73.2,57.1,57.1,84.4,84.4,59.3
95.2,89.4,73.8,58.7,58.7,83.8,83.8,59.6
95.9,88.2,73.8,59.3,59.3,83.5,83.5,59.0
94.5,87.3,74.3,58.6,58.6,83.6,83.6,58.3
94.8,89.6,74.3,58.2,58.2,83.1,83.1,58.5
94.5,90.6,73.7,59.7,59.7,83.2,83.2,58.5
95.6,90.0,70.0,59.9,59.9,84.1,84.1,58.4
94.8,95.4,69.8,60.6,60.6,83.2,83.2,58.4
93.7,98.6,73.8,59.8,59.8,83.6,83.6,59.0
92.4,99.7,73.9,59.1,59.1,83.7,83.7,59.1
93.0,105.5,75.6,56.7,56.7,82.9,82.9,57.8
92.3,99.1,75.1,58.2,58.2,85.2,85.2,58.2
79.1,90.2,75.8,58.3,58.3,84.5,84.5,58.2
82.1,91.8,75.7,57.6,57.6,83.8,83.8,58.1
90.9,90.3,76.1,58.5,58.5,84.6,84.6,56.9
108.1,88.1,76.0,58.6,58.6,83.7,83.7,57.7
105.8,98.4,75.2,59.0,59.0,85.2,85.2,58.4
110.6,90.8,73.5,59.7,59.7,85.1,85.1,56.9
107.5,94.7,71.3,60.9,60.9,86.8,86.8,56.8
108.1,91.6,72.6,59.5,59.5,85.6,85.6,57.5
108.6,96.0,73.6,59.2,59.2,85.6,85.6,57.3
104.9,95.0,73.3,58.3,58.3,84.1,84.1,57.0
103.2,96.8,72.0,58.7,58.7,83.8,83.8,58.4
98.6,97.7,72.9,58.2,58.2,85.2,85.2,58.9
105.6,96.4,69.9,61.0,61.0,86.9,86.9,57.9
95.4,98.1,72.3,62.0,62.0,88.2,88.2,56.7
99.5,96.7,71.9,61.9,61.9,87.4,87.4,58.0
100.2,94.8,72.1,61.7,61.7,88.0,88.0,58.6
100.0,95.1,71.6,61.9,61.9,86.7,86.7,58.9
95.7,97.4,71.3,62.3,62.3,86.9,86.9,58.6
96.3,93.0,69.9,61.5,61.5,86.4,86.4,59.0
97.0,93.6,70.2,61.7,61.7,86.9,86.9,59.0
99.1,89.8,71.8,61.0,61.0,86.3,86.3,59.8
99.3,87.6,72.2,61.2,61.2,86.1,86.1,59.9
99.0,84.6,71.9,61.1,61.1,85.6,85.6,59.7
96.0,86.6,70.6,60.4,60.4,86.7,86.7,58.4
96.3,86.2,71.6,60.5,60.5,84.8,84.8,58.4
95.6,86.9,70.8,61.2,61.2,85.5,85.5,59.3
95.4,90.4,71.6,60.2,60.2,86.6,86.6,59.0
95.5,90.6,71.6,60.5,60.5,85.4,85.4,58.7
94.5,95.9,72.8,60.5,60.5,85.5,85.5,58.4
92.5,99.2,72.7,61.2,61.2,85.4,85.4,58.3
90.4,102.8,72.3,60.6,60.6,87.5,87.5,57.3
82.9,84.7,72.3,59.8,59.8,87.7,87.7,57.0
81.7,83.0,73.4,59.5,59.5,88.9,88.9,56.5
89.0,52.2,72.5,59.9,59.9,88.6,88.6,56.4
97.2,101.3,72.5,60.2,60.2,89.1,89.1,55.8
105.8,91.8,71.6,61.2,61.2,88.6,88.6,55.9
105.6,98.8,72.9,60.1,60.1,89.6,89.6,56.2
106.2,103.5,72.5,59.9,59.9,89.3,89.3,56.6
104.8,105.7,72.6,60.7,60.7,88.2,88.2,57.4
104.5,105.6,72.0,60.4,60.4,88.3,88.3,57.7
105.4,101.7,71.3,60.6,60.6,88.5,88.5,58.0
104.4,99.9,71.6,59.1,59.1,87.8,87.8,59.2
104.7,104.6,72.8,58.0,58.0,86.2,86.2,60.8
104.7,101.3,73.4,56.9,56.9,87.3,87.3,59.8
103.8,100.4,73.0,58.2,58.2,86.9,86.9,59.6
105.4,104.0,72.6,59.1,59.1,86.8,86.8,59.1
105.5,103.2,73.1,58.1,58.1,87.0,87.0,59.5
106.1,96.3,72.4,56.7,56.7,88.3,88.3,58.7
106.5,103.1,73.3,57.0,57.0,86.5,86.5,59.6
106.0,98.9,74.0,58.1,58.1,85.7,85.7,59.3
105.7,98.0,72.6,58.6,58.6,85.7,85.7,59.6
106.7,96.1,74.4,59.0,59.0,85.4,85.4,59.2
105.2,101.0,73.6,59.1,59.1,86.4,86.4,58.4
105.2,95.0,74.4,58.4,58.4,88.4,88.4,57.9
105.5,96.9,74.0,59.0,59.0,87.7,87.7,57.6
105.9,94.7,74.6,58.0,58.0,87.1,87.1,58.4
107.0,96.3,74.6,57.8,57.8,88.3,88.3,57.8
104.7,96.2,74.2,57.9,57.9,87.1,87.1,59.0
103.4,96.5,73.6,58.0,58.0,87.0,87.0,58.7
103.8,94.8,73.7,56.9,56.9,87.5,87.5,59.1
98.0,95.7,73.4,56.8,56.8,87.3,87.3,60.1
102.0,93.2,75.2,57.1,57.1,85.9,85.9,59.6
97.8,95.6,75.4,56.6,56.6,86.2,86.2,60.1
97.5,95.0,74.9,56.3,56.3,86.2,86.2,59.6
91.5,96.5,74.9,56.4,56.4,86.7,86.7,59.3
87.9,97.1,75.0,56.3,56.3,87.1,87.1,59.3
87.6,96.8,75.5,55.5,55.5,86.9,86.9,58.9
88.1,95.2,75.5,55.5,55.5,88.0,88.0,58.6
90.8,92.9,75.9,55.0,55.0,88.2,88.2,58.9
94.0,91.0,75.5,56.3,56.3,88.9,88.9,59.9
96.8,88.9,75.6,56.5,56.5,88.7,88.7,60.1
95.8,89.0,74.2,57.4,57.4,88.4,88.4,58.8
96.3,90.9,73.9,55.3,55.3,87.2,87.2,59.7
96.9,89.4,73.9,55.6,55.6,88.3,88.3,58.8
96.0,94.4,73.9,55.7,55.7,87.8,87.8,57.8
94.8,95.7,73.8,57.8,57.8,86.6,86.6,56.3
91.3,100.8,76.2,56.1,56.1,87.3,87.3,57.4
87.9,104.2,74.1,57.0,57.0,88.8,88.8,57.3
87.8,109.0,75.4,57.8,57.8,88.0,88.0,57.0
89.6,107.0,76.6,56.5,56.5,90.0,90.0,56.3
82.4,90.6,78.8,55.2,55.2,90.0,90.0,55.3
82.5,88.0,79.4,56.3,56.3,90.7,90.7,54.9
88.4,97.9,78.7,56.7,56.7,89.6,89.6,54.1
96.1,94.8,78.1,57.3,57.3,90.4,90.4,55.2
100.9,106.2,78.6,56.5,56.5,90.7,90.7,54.4
99.8,104.8,78.5,56.9,56.9,89.9,89.9,54.9
102.4,104.1,77.4,60.4,60.4,87.1,87.1,53.1
101.5,107.8,78.0,61.1,61.1,88.1,88.1,53.0
101.8,107.1,74.5,61.5,61.5,87.5,87.5,53.6
102.8,109.1,77.1,61.0,61.0,87.0,87.0,53.3
102.2,106.1,77.9,57.4,57.4,91.3,91.3,54.3
100.7,109.9,78.0,58.3,58.3,90.3,90.3,55.8
100.0,105.7,76.7,58.3,58.3,91.0,91.0,55.8
100.7,102.5,75.9,58.1,58.1,90.8,90.8,56.2
99.8,104.2,75.5,59.7,59.7,89.7,89.7,56.3
98.7,102.7,76.6,59.5,59.5,90.2,90.2,56.9
100.7,98.7,75.5,59.1,59.1,90.1,90.1,56.7
101.8,102.2,76.2,58.6,58.6,89.6,89.6,57.0
101.4,97.8,75.0,62.5,62.5,86.7,86.7,57.4
104.3,94.3,73.2,60.6,60.6,90.3,90.3,57.3
105.5,98.7,72.4,62.1,62.1,89.6,89.6,57.7
99.6,105.0,73.5,62.1,62.1,90.0,90.0,58.3
98.5,104.0,70.9,63.3,63.3,88.8,88.8,59.5
100.3,104.1,72.0,63.6,63.6,88.6,88.6,58.6
100.8,102.1,72.6,60.9,60.9,87.8,87.8,58.1
100.7,101.7,72.9,60.1,60.1,87.9,87.9,57.3
99.0,102.1,74.3,60.0,60.0,88.8,88.8,56.2
100.5,100.3,75.6,58.6,58.6,91.7,91.7,55.1
94.6,101.7,77.7,60.2,60.2,90.0,90.0,54.9
94.6,99.8,74.9,60.8,60.8,89.7,89.7,54.9
95.3,99.0,75.0,61.6,61.6,88.9,88.9,54.7
95.9,101.7,74.3,61.1,61.1,89.5,89.5,54.8
95.1,101.6,74.7,61.9,61.9,88.2,88.2,55.0
95.4,100.0,78.7,61.6,61.6,88.3,88.3,54.6
93.2,98.9,78.0,62.7,62.7,87.8,87.8,54.3
89.7,101.0,77.8,62.5,62.5,87.8,87.8,54.8
90.9,99.7,75.3,65.5,65.5,88.2,88.2,54.6
86.4,106.5,80.5,61.2,61.2,87.2,87.2,55.0
79.2,102.7,76.4,64.1,64.1,86.5,86.5,54.5
92.7,92.9,78.4,62.2,62.2,85.2,85.2,56.8
96.5,103.1,81.2,61.0,61.0,84.5,84.5,57.0
103.2,97.5,80.7,59.6,59.6,87.5,87.5,57.2
100.8,102.1,80.3,59.1,59.1,87.9,87.9,57.5
103.1,97.6,80.7,57.2,57.2,88.5,88.5,56.8
103.3,98.6,80.2,56.6,56.6,88.3,88.3,58.5
103.3,99.7,77.5,58.4,58.4,88.3,88.3,59.4
100.5,100.6,77.5,58.5,58.5,87.4,87.4,60.0
103.0,99.5,76.3,60.8,60.8,86.8,86.8,59.9
105.4,97.3,76.2,59.1,59.1,88.1,88.1,60.4
104.2,94.9,76.8,57.5,57.5,88.2,88.2,60.2
104.2,96.4,77.1,57.9,57.9,88.8,88.8,59.6
104.6,97.8,77.1,60.1,60.1,86.7,86.7,59.4
102.3,94.6,77.8,60.4,60.4,89.0,89.0,57.7
103.1,95.3,76.5,60.6,60.6,90.8,90.8,56.6
104.3,94.6,76.6,60.5,60.5,91.5,91.5,56.1
103.4,95.7,76.7,60.4,60.4,91.5,91.5,56.4
99.3,97.3,76.0,60.7,60.7,91.5,91.5,56.7
100.9,100.4,74.3,61.4,61.4,89.9,89.9,57.0
98.7,98.5,76.6,61.1,61.1,91.6,91.6,57.1
95.4,97.8,74.5,61.1,61.1,90.9,90.9,56.8
96.7,97.5,75.5,59.9,59.9,89.7,89.7,56.0
96.1,97.3,75.4,59.9,59.9,90.0,90.0,56.3
94.4,97.6,75.8,60.0,60.0,89.1,89.1,55.7
94.1,99.9,75.5,59.8,59.8,87.7,87.7,58.3
94.4,99.6,75.3,57.8,57.8,90.9,90.9,58.4
92.3,98.8,74.6,57.6,57.6,89.9,89.9,58.7
90.2,98.1,76.9,58.4,58.4,88.9,88.9,58.7
92.4,95.8,77.1,58.2,58.2,88.0,88.0,58.7
93.1,93.9,75.3,61.3,61.3,86.2,86.2,58.0
93.4,92.2,75.6,61.6,61.6,88.6,88.6,55.9
93.8,92.3,75.7,57.9,57.9,92.1,92.1,57.2
96.2,89.6,75.9,57.2,57.2,92.0,92.0,56.9
94.9,89.1,75.3,56.8,56.8,93.4,93.4,55.6
94.4,90.1,76.6,58.4,58.4,90.5,90.5,57.6
93.5,93.2,75.5,58.0,58.0,89.8,89.8,57.0
92.7,94.7,76.4,57.6,57.6,89.8,89.8,57.0
92.7,97.5,76.7,57.2,57.2,91.5,91.5,57.0
93.2,99.1,74.8,57.2,57.2,91.8,91.8,56.9
91.1,109.2,74.7,57.0,57.0,91.3,91.3,57.0
91.5,106.2,75.0,55.7,55.7,92.0,92.0,56.3
83.8,96.9,75.0,55.7,55.7,91.6,91.6,55.9
80.9,87.5,74.7,55.7,55.7,90.6,90.6,55.9
89.8,91.1,77.2,57.8,57.8,88.9,88.9,56.3
98.2,92.0,77.0,59.0,59.0,88.3,88.3,57.4
108.8,91.4,75.8,59.3,59.3,88.8,88.8,57.7
106.9,94.2,75.3,60.1,60.1,88.4,88.4,57.8
107.7,92.7,74.1,58.7,58.7,88.9,88.9,57.4
106.5,94.3,74.3,58.2,58.2,89.2,89.2,56.1
106.2,99.1,76.0,59.1,59.1,89.4,89.4,58.4
105.6,98.0,76.6,58.9,58.9,88.9,88.9,58.8
105.1,97.1,75.7,60.4,60.4,89.3,89.3,58.5
106.3,99.0,76.0,59.8,59.8,89.4,89.4,56.0
105.0,97.7,77.7,58.9,58.9,88.8,88.8,56.0
103.3,96.4,76.1,59.6,59.6,88.9,88.9,56.6
105.6,97.8,76.8,58.4,58.4,88.8,88.8,56.9
103.7,97.5,76.4,58.0,58.0,89.1,89.1,56.9
100.7,94.1,74.9,57.3,57.3,90.0,90.0,57.1
100.6,95.0,74.4,56.6,56.6,90.1,90.1,57.5
102.3,94.7,75.1,56.0,56.0,90.5,90.5,58.1
100.1,92.1,75.8,57.4,57.4,90.4,90.4,57.7
98.2,96.2,75.9,56.9,56.9,91.0,91.0,57.6
95.6,96.9,75.0,57.0,57.0,91.3,91.3,57.4
93.7,96.7,75.6,56.4,56.4,91.2,91.2,57.9
93.9,97.0,76.0,56.7,56.7,91.3,91.3,57.8
93.8,96.5,76.5,56.8,56.8,90.9,90.9,57.7
93.1,96.2,76.4,57.4,57.4,92.0,92.0,56.7
93.0,93.3,76.4,57.0,57.0,90.7,90.7,56.5
94.3,91.7,76.4,56.4,56.4,91.2,91.2,56.6
93.7,90.0,76.8,57.7,57.7,91.8,91.8,56.2
99.6,88.1,76.9,56.3,56.3,91.7,91.7,57.2
99.4,87.5,76.8,56.3,56.3,91.2,91.2,57.4
98.4,86.1,74.8,57.4,57.4,91.8,91.8,57.0
97.2,90.3,74.8,56.4,56.4,91.8,91.8,57.9
96.7,91.5,75.3,56.8,56.8,91.1,91.1,58.3
91.3,101.2,75.5,56.0,56.0,91.5,91.5,57.0
90.8,101.1,75.5,56.0,56.0,91.2,91.2,56.7
89.1,105.3,75.6,56.4,56.4,91.4,91.4,57.3
89.6,109.3,76.3,57.0,57.0,90.2,90.2,57.9
88.5,114.6,75.3,57.0,57.0,91.3,91.3,58.0
89.4,115.2,74.3,56.8,56.8,92.2,92.2,58.0
88.9,108.1,75.5,56.4,56.4,91.8,91.8,57.6
86.0,92.0,76.8,56.5,56.5,91.5,91.5,57.3
81.1,83.4,77.2,56.8,56.8,91.8,91.8,57.7
85.1,84.6,76.4,56.6,56.6,93.0,93.0,57.4
89.5,97.1,76.7,57.3,57.3,90.2,90.2,58.5
98.8,107.3,75.8,58.4,58.4,89.7,89.7,58.9
106.8,93.7,76.1,57.5,57.5,90.2,90.2,57.1
105.9,97.2,75.5,58.7,58.7,91.4,91.4,57.2
103.2,94.8,76.7,56.1,56.1,92.2,92.2,57.1
104.2,96.7,74.7,56.7,56.7,92.0,92.0,55.9
101.9,98.3,75.3,57.4,57.4,92.0,92.0,55.8
105.3,97.2,73.9,56.7,56.7,92.6,92.6,58.5
103.7,94.3,74.3,56.8,56.8,91.8,91.8,55.8
100.8,93.8,73.6,56.8,56.8,92.7,92.7,55.8
99.4,94.9,72.5,56.4,56.4,91.2,91.2,57.1
97.9,98.7,73.9,55.5,55.5,91.6,91.6,57.6
99.8,94.6,74.0,55.6,55.6,91.5,91.5,58.4
97.7,96.1,74.9,54.9,54.9,91.8,91.8,57.9
95.0,95.4,74.8,55.2,55.2,90.5,90.5,57.8
93.4,94.5,72.9,55.3,55.3,90.8,90.8,57.7
91.9,97.2,72.4,55.4,55.4,91.9,91.9,57.3
91.1,95.1,73.7,55.1,55.1,92.5,92.5,60.1
91.2,93.0,72.8,55.7,55.7,92.7,92.7,60.0
93.1,90.4,72.1,55.4,55.4,92.3,92.3,56.6
95.6,88.4,72.3,55.5,55.5,91.9,91.9,56.4
95.4,88.0,72.9,54.8,54.8,92.6,92.6,59.9
96.2,87.9,73.3,54.2,54.2,92.3,92.3,60.2
96.2,90.7,73.0,53.8,53.8,92.8,92.8,59.8
94.4,95.0,73.0,54.1,54.1,92.4,92.4,59.3
93.7,99.1,72.3,54.3,54.3,91.1,91.1,60.3
93.1,101.0,72.5,54.6,54.6,91.0,91.0,60.4
94.6,106.5,73.0,54.4,54.4,90.5,90.5,60.5
91.4,99.6,75.5,54.5,54.5,90.8,90.8,60.1
82.4,90.3,74.8,55.4,55.4,90.1,90.1,60.1
78.2,86.2,76.0,55.9,55.9,89.6,89.6,60.1
89.1,100.4,76.7,54.9,54.9,88.7,88.7,57.6
96.5,100.6,76.5,54.6,54.6,88.4,88.4,60.6
107.3,97.1,75.8,54.6,54.6,90.1,90.1,60.1
104.8,98.3,73.4,54.9,54.9,91.2,91.2,59.7
108.0,93.8,73.6,53.6,53.6,91.0,91.0,60.3
106.1,95.3,73.9,53.5,53.5,92.0,92.0,59.7
107.9,97.8,72.8,53.2,53.2,93.3,93.3,59.8
107.1,94.7,72.9,53.5,53.5,93.2,93.2,60.3
105.8,94.0,72.9,54.1,54.1,92.5,92.5,60.6
102.8,97.9,72.6,53.9,53.9,92.6,92.6,61.1
101.6,95.6,72.7,54.1,54.1,91.9,91.9,59.8
104.4,95.3,72.3,54.3,54.3,92.0,92.0,60.0
105.4,92.9,72.3,55.8,55.8,92.1,92.1,61.0
101.6,97.2,71.8,55.7,55.7,92.1,92.1,59.9
101.7,94.1,71.6,55.9,55.9,92.1,92.1,60.0
100.5,96.5,71.5,54.9,54.9,92.7,92.7,60.5
102.6,96.5,71.3,55.3,55.3,92.8,92.8,61.0
100.1,95.8,71.2,55.6,55.6,92.6,92.6,62.1
98.0,95.7,71.9,54.6,54.6,93.2,93.2,60.5
94.8,96.6,72.4,54.1,54.1,93.5,93.5,60.6
93.6,97.1,72.5,53.5,53.5,94.9,94.9,60.9
92.2,96.1,73.3,53.7,53.7,94.9,94.9,60.9
89.2,94.6,74.1,54.0,54.0,94.8,94.8,60.7
93.5,93.3,74.8,54.7,54.7,92.2,92.2,60.7
90.1,92.7,75.2,54.9,54.9,92.2,92.2,60.6
93.0,91.8,76.2,55.2,55.2,92.8,92.8,59.7
97.2,87.6,78.9,56.1,56.1,92.8,92.8,59.0
96.4,89.3,79.0,57.0,57.0,91.8,91.8,59.2
95.4,90.4,79.0,56.9,56.9,91.6,91.6,59.6
93.9,93.9,79.9,57.0,57.0,90.7,90.7,61.0
92.6,98.9,79.4,56.5,56.5,90.2,90.2,61.2
91.7,102.0,79.3,55.1,55.1,89.9,89.9,61.9
90.7,106.4,79.9,56.6,56.6,89.4,89.4,61.5
91.8,100.3,79.6,56.4,56.4,87.5,87.5,61.3
80.2,80.0,79.9,56.4,56.4,87.2,87.2,60.2
79.1,89.8,79.9,56.3,56.3,86.5,86.5,60.3
88.0,100.9,80.2,56.2,56.2,87.4,87.4,60.0
99.6,93.0,79.9,55.8,55.8,87.2,87.2,59.6
108.7,98.6,79.5,55.7,55.7,86.9,86.9,60.7
107.7,97.6,79.3,56.5,56.5,87.7,87.7,60.3
107.4,98.0,78.3,56.5,56.5,89.3,89.3,58.8
106.8,96.4,78.5,56.4,56.4,88.3,88.3,58.9
106.0,94.4,78.8,55.7,55.7,89.3,89.3,58.5
106.4,97.5,78.6,56.7,56.7,88.2,88.2,57.8
106.0,97.4,79.1,56.8,56.8,87.8,87.8,58.2
106.3,91.6,78.6,55.9,55.9,88.3,88.3,58.2
106.3,96.7,79.3,55.0,55.0,89.9,89.9,58.6
107.6,93.4,77.9,54.6,54.6,90.1,90.1,59.1
106.4,92.8,77.5,54.5,54.5,91.4,91.4,60.1
105.8,94.1,79.1,54.0,54.0,90.6,90.6,59.7
105.7,97.3,77.8,53.9,53.9,91.1,91.1,59.8
104.0,97.1,75.5,54.3,54.3,92.7,92.7,60.2
100.7,96.4,74.5,54.1,54.1,91.5,91.5,60.8
100.6,95.9,76.7,55.3,55.3,90.7,90.7,61.5
97.5,96.8,76.9,55.7,55.7,90.7,90.7,61.2
97.0,98.5,73.7,55.8,55.8,91.0,91.0,60.2
97.7,97.4,73.6,57.9,57.9,87.3,87.3,59.3
97.0,95.9,72.2,57.3,57.3,88.9,88.9,59.3
92.5,96.3,75.6,56.9,56.9,87.3,87.3,59.6
92.5,95.8,73.9,58.3,58.3,87.0,87.0,59.9
90.3,95.5,74.3,58.1,58.1,86.6,86.6,60.2
91.1,94.0,73.6,57.9,57.9,86.9,86.9,59.6
90.6,91.7,73.6,57.8,57.8,88.3,88.3,58.8
94.5,89.0,75.6,56.8,56.8,89.6,89.6,59.4
97.7,87.1,73.8,57.3,57.3,90.2,90.2,60.6
95.6,89.2,76.1,55.2,55.2,90.6,90.6,60.5
93.8,89.5,76.2,55.0,55.0,90.6,90.6,60.2
93.3,91.7,75.9,57.3,57.3,89.9,89.9,59.2
91.9,95.1,77.1,57.6,57.6,87.1,87.1,59.4
90.1,100.8,77.7,57.4,57.4,87.1,87.1,59.0
90.0,102.5,76.2,57.3,57.3,88.0,88.0,59.4
91.5,102.1,77.5,57.7,57.7,86.0,86.0,58.6
84.5,84.7,77.3,57.5,57.5,85.5,85.5,58.9
82.1,86.1,78.5,56.2,56.2,86.0,86.0,59.0
89.4,91.7,78.5,56.6,56.6,86.7,86.7,59.6
97.1,99.0,78.7,56.1,56.1,88.3,88.3,59.7
107.3,92.6,78.1,56.7,56.7,87.6,87.6,58.7
105.2,96.9,77.6,57.2,57.2,87.9,87.9,58.5
108.1,94.0,76.7,57.4,57.4,88.5,88.5,57.5
107.5,92.4,77.5,57.5,57.5,88.8,88.8,57.1
106.7,94.7,77.2,58.0,58.0,88.8,88.8,56.1
107.5,90.7,77.0,57.3,57.3,89.4,89.4,56.1
107.0,96.1,76.3,58.5,58.5,89.3,89.3,56.7
106.4,93.5,76.3,57.7,57.7,89.6,89.6,56.4
105.6,94.2,76.2,57.1,57.1,89.0,89.0,56.9
104.7,96.6,75.4,58.2,58.2,89.7,89.7,56.9
103.7,94.0,76.3,57.2,57.2,89.8,89.8,57.3
103.7,98.0,73.4,57.8,57.8,89.4,89.4,57.6
105.4,93.4,75.9,57.8,57.8,90.5,90.5,56.9
99.7,95.0,76.2,57.6,57.6,90.9,90.9,57.0
98.9,93.4,75.8,57.9,57.9,90.1,90.1,57.6
97.2,95.8,76.2,57.5,57.5,89.2,89.2,58.8
93.3,95.3,73.8,57.3,57.3,89.3,89.3,58.0
92.6,94.7,73.4,57.7,57.7,89.1,89.1,58.0
92.5,93.7,73.2,58.5,58.5,89.5,89.5,57.9
91.7,93.0,73.1,59.1,59.1,88.5,88.5,57.5
90.8,91.1,75.7,59.2,59.2,88.6,88.6,57.8
90.0,89.0,74.6,58.9,58.9,88.2,88.2,58.7
92.6,89.2,75.2,59.2,59.2,86.1,86.1,58.8
94.1,87.6,73.4,60.7,60.7,85.5,85.5,58.8
94.3,84.4,73.9,59.3,59.3,85.4,85.4,59.0
92.7,86.4,73.3,59.0,59.0,85.9,85.9,58.6
93.2,89.0,73.5,58.3,58.3,86.1,86.1,59.0
92.9,90.7,74.3,58.4,58.4,84.4,84.4,60.4
92.3,93.1,75.5,58.2,58.2,84.9,84.9,59.8
91.8,96.0,75.3,58.7,58.7,84.2,84.2,60.1
90.6,101.7,77.0,58.3,58.3,84.3,84.3,59.6
90.5,107.8,77.6,57.2,57.2,85.0,85.0,58.9
90.5,99.5,79.0,57.6,57.6,84.6,84.6,58.9
82.4,89.2,78.7,58.1,58.1,85.0,85.0,58.5
81.5,95.5,78.8,58.2,58.2,84.3,84.3,57.8
87.7,95.2,78.0,58.4,58.4,85.4,85.4,57.7
96.2,99.8,78.4,57.9,57.9,87.5,87.5,57.3
104.0,92.6,77.3,57.6,57.6,88.2,88.2,54.5
106.8,94.0,77.0,58.5,58.5,88.2,88.2,54.2
108.9,94.2,76.7,59.0,59.0,86.6,86.6,54.6
107.8,95.7,76.8,58.4,58.4,87.4,87.4,56.6
107.5,92.0,76.7,58.2,58.2,87.8,87.8,56.8
106.8,94.3,75.9,59.1,59.1,88.9,88.9,54.3
108.6,89.3,75.3,59.6,59.6,88.1,88.1,56.4
105.7,94.1,75.1,59.1,59.1,87.4,87.4,57.0
105.6,93.9,74.4,58.5,58.5,88.1,88.1,56.5
103.0,93.2,73.7,59.8,59.8,87.7,87.7,56.3
101.9,95.6,71.4,59.4,59.4,89.3,89.3,57.7
108.3,89.6,73.8,58.8,58.8,88.1,88.1,57.9
102.2,95.9,75.3,59.2,59.2,88.8,88.8,58.2
101.7,94.9,73.4,59.5,59.5,90.6,90.6,57.2
99.4,97.3,75.1,59.5,59.5,88.9,88.9,56.3
96.0,94.7,75.8,58.9,58.9,87.8,87.8,57.0
100.6,95.5,75.9,58.5,58.5,88.4,88.4,56.9
101.6,93.2,76.1,58.9,58.9,89.3,89.3,57.0
98.9,92.8,75.5,59.5,59.5,88.7,88.7,56.8
98.0,94.4,75.3,59.4,59.4,88.2,88.2,57.0
93.1,94.4,75.4,59.1,59.1,88.5,88.5,57.2
93.6,95.2,75.9,59.8,59.8,88.4,88.4,58.0
88.9,93.3,76.1,58.4,58.4,88.4,88.4,57.4
89.8,93.0,76.4,56.8,56.8,89.1,89.1,56.6
91.4,90.5,78.8,55.7,55.7,88.1,88.1,56.7
93.3,87.7,78.0,56.9,56.9,85.0,85.0,56.8
93.2,87.6,74.4,57.3,57.3,85.0,85.0,57.0
95.1,88.8,75.3,57.8,57.8,86.3,86.3,57.5
95.2,91.8,74.9,57.8,57.8,87.6,87.6,57.6
90.3,97.9,74.8,58.3,58.3,87.3,87.3,57.7
92.2,101.5,74.9,59.1,59.1,86.4,86.4,57.8
89.1,109.4,74.6,58.6,58.6,84.9,84.9,57.4
93.4,95.0,75.2,58.2,58.2,88.1,88.1,56.7
80.1,89.9,73.8,59.3,59.3,87.5,87.5,58.9
80.6,88.3,74.3,59.0,59.0,87.4,87.4,58.7
89.0,90.2,74.2,59.8,59.8,88.0,88.0,56.0
95.4,92.5,74.5,59.4,59.4,88.7,88.7,56.3
104.3,99.9,74.8,59.0,59.0,88.2,88.2,56.8
102.3,101.7,74.9,58.5,58.5,89.0,89.0,57.0
98.3,101.7,74.0,58.5,58.5,88.9,88.9,57.5
102.4,99.3,73.8,58.9,58.9,89.6,89.6,57.0
103.0,101.5,74.1,58.7,58.7,88.7,88.7,57.7
98.5,106.0,74.3,58.8,58.8,87.8,87.8,59.9
102.7,101.7,74.8,58.9,58.9,88.0,88.0,59.9
97.7,100.2,75.3,59.3,59.3,87.8,87.8,59.8
97.7,101.2,74.6,59.7,59.7,87.6,87.6,59.9
96.2,101.5,74.3,60.3,60.3,87.8,87.8,59.9
92.0,98.4,74.0,60.3,60.3,88.0,88.0,60.9
93.9,98.8,74.5,60.3,60.3,87.7,87.7,61.2
92.2,100.6,74.1,61.0,61.0,87.1,87.1,61.4
90.1,100.6,75.4,60.2,60.2,86.6,86.6,60.8
90.9,100.5,75.1,60.9,60.9,87.3,87.3,60.6
89.0,100.8,75.9,58.9,58.9,86.9,86.9,60.5
88.7,100.6,77.0,58.2,58.2,87.5,87.5,59.9
85.7,100.4,76.5,57.7,57.7,88.3,88.3,59.7
87.5,100.8,76.4,57.2,57.2,87.6,87.6,58.9
89.1,98.6,75.2,58.5,58.5,88.0,88.0,59.3
91.2,98.9,73.3,58.9,58.9,87.7,87.7,59.4
91.2,100.2,73.6,58.8,58.8,88.5,88.5,59.3
92.2,97.2,71.7,59.1,59.1,88.4,88.4,59.5
92.7,98.6,71.7,58.4,58.4,88.1,88.1,59.6
91.8,98.3,71.8,59.2,59.2,87.6,87.6,59.8
79.8,94.1,71.7,59.7,59.7,87.7,87.7,59.4
75.3,83.7,76.6,57.7,57.7,87.0,87.0,59.7
87.2,93.6,76.6,58.3,58.3,86.7,86.7,60.0
92.0,108.8,75.8,57.7,57.7,86.3,86.3,59.0
98.1,104.6,75.2,58.1,58.1,85.8,85.8,59.0
96.3,107.5,74.1,57.8,57.8,86.2,86.2,58.4
98.3,107.9,74.3,59.3,59.3,85.7,85.7,59.2
98.2,109.0,73.0,59.1,59.1,87.0,87.0,58.7
96.6,102.8,70.8,59.3,59.3,86.9,86.9,58.8
97.2,104.8,72.5,59.4,59.4,87.6,87.6,59.6
98.0,103.4,72.3,59.5,59.5,87.1,87.1,59.8
99.0,105.3,72.6,59.3,59.3,87.0,87.0,60.2
99.4,104.8,73.4,59.5,59.5,86.9,86.9,59.2
98.3,102.7,72.9,59.9,59.9,87.3,87.3,59.6
98.7,104.3,72.7,60.5,60.5,87.3,87.3,59.1
97.7,101.2,73.4,59.3,59.3,87.4,87.4,58.9
98.0,97.5,74.0,59.4,59.4,87.2,87.2,58.9
97.9,98.9,73.9,59.9,59.9,88.2,88.2,58.6
95.2,101.2,74.2,58.7,58.7,87.3,87.3,59.4
93.2,101.0,71.2,59.3,59.3,88.1,88.1,58.6
96.1,100.8,74.3,59.7,59.7,87.7,87.7,58.1
94.3,100.0,74.3,60.2,60.2,87.3,87.3,58.4
92.4,100.9,70.9,59.7,59.7,87.0,87.0,58.2
88.0,102.7,72.6,58.5,58.5,85.4,85.4,59.3
90.6,100.2,72.0,58.5,58.5,86.4,86.4,58.9
89.8,101.9,71.5,58.8,58.8,87.8,87.8,59.6
86.9,101.7,74.4,58.6,58.6,88.9,88.9,60.2
88.7,99.7,74.2,58.6,58.6,87.6,87.6,59.9
89.6,99.6,76.1,57.4,57.4,86.6,86.6,60.3
90.5,98.6,75.4,58.2,58.2,87.2,87.2,60.4
89.9,100.1,76.0,58.5,58.5,87.5,87.5,59.6
91.9,99.1,73.8,57.3,57.3,87.7,87.7,59.7
94.4,95.8,74.3,57.0,57.0,88.7,88.7,59.5
97.1,95.3,73.6,57.6,57.6,87.4,87.4,60.0
97.9,94.7,75.8,57.9,57.9,87.6,87.6,60.1
97.8,98.5,76.1,57.5,57.5,88.0,88.0,59.7
93.3,102.7,75.2,58.7,58.7,87.5,87.5,59.7
92.9,104.1,75.3,58.5,58.5,86.3,86.3,59.9
93.1,107.5,75.9,59.1,59.1,86.4,86.4,59.7
91.5,91.9,75.8,59.9,59.9,87.6,87.6,57.8
79.6,99.8,74.3,59.4,59.4,87.9,87.9,57.8
88.5,88.6,75.3,61.5,61.5,87.7,87.7,58.4
93.6,95.6,74.6,61.3,61.3,88.1,88.1,58.6
103.0,100.5,74.4,60.8,60.8,88.2,88.2,59.1
108.1,101.2,74.6,60.5,60.5,88.1,88.1,58.1
107.9,100.2,75.0,60.7,60.7,88.1,88.1,58.6
107.7,99.5,74.6,61.1,61.1,87.9,87.9,58.3
107.9,104.4,74.7,60.3,60.3,88.6,88.6,57.8
105.7,102.5,75.2,60.4,60.4,88.1,88.1,57.8
107.5,98.5,75.4,60.0,60.0,87.0,87.0,57.9
105.9,101.3,75.7,59.3,59.3,86.5,86.5,58.1
102.5,98.3,74.5,59.9,59.9,87.1,87.1,59.0
107.8,97.1,75.8,59.9,59.9,87.2,87.2,59.1
105.5,94.8,75.4,59.1,59.1,86.9,86.9,58.5
107.9,96.0,74.9,58.5,58.5,88.6,88.6,58.6
104.9,94.2,75.5,58.3,58.3,88.1,88.1,59.0
103.1,95.5,74.7,58.7,58.7,89.4,89.4,58.5
103.1,100.1,74.9,59.1,59.1,88.6,88.6,58.8
103.8,94.6,75.5,58.6,58.6,88.1,88.1,58.6
101.6,95.3,74.7,59.1,59.1,88.9,88.9,60.1
99.3,96.1,77.7,58.6,58.6,88.9,88.9,59.1
100.3,91.7,77.4,58.4,58.4,89.2,89.2,59.3
95.1,98.2,76.9,57.3,57.3,90.2,90.2,57.6
93.6,97.3,75.7,57.3,57.3,91.7,91.7,57.3
90.7,96.7,75.2,57.2,57.2,90.1,90.1,57.5
90.2,96.1,74.5,57.4,57.4,90.9,90.9,57.5
91.0,100.2,76.1,57.0,57.0,93.7,93.7,59.4
93.0,97.9,77.1,56.5,56.5,92.8,92.8,59.6
93.7,95.0,76.4,58.5,58.5,88.6,88.6,58.9
91.9,97.0,76.4,58.3,58.3,87.6,87.6,58.3
95.3,95.3,77.0,58.3,58.3,87.5,87.5,57.6
96.7,91.4,77.8,57.3,57.3,87.7,87.7,57.0
96.7,93.5,77.4,57.8,57.8,87.2,87.2,56.6
94.1,96.0,76.0,59.7,59.7,87.6,87.6,57.4
93.1,100.1,75.3,59.2,59.2,86.6,86.6,57.6
94.3,100.3,74.9,60.1,60.1,87.6,87.6,57.9
95.2,103.0,75.6,60.4,60.4,88.0,88.0,58.3
86.0,111.2,76.6,58.6,58.6,86.5,86.5,58.6
86.0,92.3,75.6,58.2,58.2,86.6,86.6,58.1
80.1,88.8,75.7,58.2,58.2,86.3,86.3,58.6
80.8,87.4,74.1,59.1,59.1,87.5,87.5,58.9
86.6,91.0,73.7,58.8,58.8,87.9,87.9,58.9
98.4,83.9,73.4,59.1,59.1,90.1,90.1,58.8
100.5,89.1,73.9,59.2,59.2,90.2,90.2,58.8
101.7,94.6,74.4,58.7,58.7,90.6,90.6,58.7
105.5,101.0,74.9,58.7,58.7,90.9,90.9,58.3
107.8,99.6,76.0,57.3,57.3,90.7,90.7,58.4
107.7,99.9,77.0,56.6,56.6,90.1,90.1,58.3
107.9,101.9,76.5,57.2,57.2,89.4,89.4,58.1
106.4,99.7,76.2,57.1,57.1,88.2,88.2,57.9
108.6,99.2,76.2,57.6,57.6,87.5,87.5,57.7
107.5,97.0,76.0,58.7,58.7,87.0,87.0,57.9
107.9,96.9,77.0,59.0,59.0,86.9,86.9,58.2
106.2,97.7,75.8,59.7,59.7,89.5,89.5,58.0
106.2,95.8,76.7,59.3,59.3,88.9,88.9,58.1
105.2,95.3,74.1,58.8,58.8,88.9,88.9,59.0
107.6,94.2,73.7,59.1,59.1,89.0,89.0,59.1
103.8,94.2,76.3,59.3,59.3,89.2,89.2,58.8
102.3,93.5,76.6,59.7,59.7,88.2,88.2,58.9
98.0,96.0,76.9,61.1,61.1,88.0,88.0,59.2
95.3,95.9,77.0,59.0,59.0,90.1,90.1,59.3
96.8,95.3,76.3,59.2,59.2,89.0,89.0,59.4
93.3,96.5,73.4,59.2,59.2,88.4,88.4,60.4
91.3,97.6,72.9,59.3,59.3,89.3,89.3,60.0
91.2,95.5,73.9,59.1,59.1,90.5,90.5,60.4
90.1,91.9,75.2,59.5,59.5,90.7,90.7,59.1
92.2,89.5,75.3,59.0,59.0,91.7,91.7,59.1
95.0,86.5,74.3,59.7,59.7,91.3,91.3,60.1
100.0,84.6,74.7,59.3,59.3,91.1,91.1,59.5
98.5,85.9,74.5,58.8,58.8,90.1,90.1,59.5
97.4,88.6,73.9,59.2,59.2,89.0,89.0,59.9
97.4,91.2,74.4,58.8,58.8,85.7,85.7,60.5
95.3,94.6,74.4,59.6,59.6,85.1,85.1,60.5
94.6,101.6,74.6,60.4,60.4,84.8,84.8,59.7
84.7,107.9,75.9,60.3,60.3,84.6,84.6,59.9
83.5,89.7,75.0,61.1,61.1,84.8,84.8,59.6
79.4,98.0,74.1,61.2,61.2,85.3,85.3,59.3
84.3,101.5,73.9,60.9,60.9,86.4,86.4,58.8
87.1,100.4,74.8,61.0,61.0,86.8,86.8,59.1
99.5,99.9,71.9,61.3,61.3,87.4,87.4,59.3
102.6,104.0,72.2,60.9,60.9,87.5,87.5,59.6
104.5,101.7,73.1,60.1,60.1,88.6,88.6,59.0
107.1,98.3,72.6,60.3,60.3,88.2,88.2,59.7
107.2,101.9,74.9,59.1,59.1,89.3,89.3,57.0
107.7,102.1,72.5,58.8,58.8,89.5,89.5,57.2
106.0,100.3,73.5,60.2,60.2,89.5,89.5,57.2
104.9,98.5,74.0,59.8,59.8,87.9,87.9,57.7
101.9,98.6,73.8,59.7,59.7,88.6,88.6,57.7
100.5,95.9,73.6,59.4,59.4,89.3,89.3,57.6
99.5,101.1,72.5,59.0,59.0,91.4,91.4,56.2
97.8,98.1,75.1,58.4,58.4,91.2,91.2,56.6
102.0,93.8,69.7,61.8,61.8,92.3,92.3,58.1
99.1,98.1,71.5,59.0,59.0,92.5,92.5,58.1
97.4,98.0,70.9,59.8,59.8,90.9,90.9,59.8
94.4,97.0,73.1,59.0,59.0,89.9,89.9,60.1
92.6,95.4,73.4,58.1,58.1,89.1,89.1,60.6
92.6,94.7,74.0,58.5,58.5,89.1,89.1,60.4
92.2,92.3,72.6,60.3,60.3,89.3,89.3,61.0
94.0,88.8,73.3,61.6,61.6,89.2,89.2,59.8
96.2,87.1,73.4,62.0,62.0,90.2,90.2,59.8
95.7,88.2,73.1,60.9,60.9,89.9,89.9,59.7
95.6,88.0,74.4,60.8,60.8,87.9,87.9,60.4
96.5,91.1,76.1,58.1,58.1,88.5,88.5,59.8
93.2,92.6,75.4,57.6,57.6,88.4,88.4,59.6
91.7,98.3,76.2,57.9,57.9,87.9,87.9,58.7
89.7,100.9,76.3,57.1,57.1,87.1,87.1,58.0
91.4,106.2,76.8,57.1,57.1,87.2,87.2,58.5
85.2,80.8,77.6,56.6,56.6,87.0,87.0,56.2
80.7,93.4,76.0,59.1,59.1,86.1,86.1,57.4
82.0,103.6,69.5,59.1,59.1,87.0,87.0,57.9
100.0,100.5,68.4,59.5,59.5,89.0,89.0,58.6
102.0,106.8,69.0,59.3,59.3,87.2,87.2,59.6
105.2,102.5,74.7,59.7,59.7,86.2,86.2,58.1
105.7,102.5,74.6,59.7,59.7,86.5,86.5,58.8
108.9,97.8,71.4,60.0,60.0,89.4,89.4,56.2
108.8,96.1,71.1,60.5,60.5,89.2,89.2,55.9
106.4,99.4,75.1,59.9,59.9,89.1,89.1,55.8
107.5,92.5,74.5,61.1,61.1,89.8,89.8,55.7
103.4,98.6,75.2,60.8,60.8,91.0,91.0,56.2
102.6,97.2,72.0,58.6,58.6,89.2,89.2,56.5
101.2,95.0,75.5,57.9,57.9,89.0,89.0,57.1
100.0,95.8,71.5,58.3,58.3,87.2,87.2,58.6
99.4,95.9,72.2,58.5,58.5,88.7,88.7,57.2
104.6,95.4,73.3,59.8,59.8,89.2,89.2,57.2
106.0,98.8,76.1,58.1,58.1,90.2,90.2,57.8
102.7,99.2,75.2,57.3,57.3,89.0,89.0,57.5
103.0,93.3,75.0,57.4,57.4,87.7,87.7,58.8
101.3,94.9,74.3,59.2,59.2,88.6,88.6,60.4
101.9,94.4,74.3,58.7,58.7,87.6,87.6,60.5
100.2,96.7,73.8,58.8,58.8,87.8,87.8,60.2
97.0,98.7,75.5,59.3,59.3,87.3,87.3,59.9
94.1,99.8,75.8,58.4,58.4,86.9,86.9,59.5
91.2,98.1,76.5,57.3,57.3,87.8,87.8,59.4
91.6,100.1,77.5,57.9,57.9,88.2,88.2,59.5
92.4,95.5,77.6,58.0,58.0,89.9,89.9,57.8
94.5,97.6,77.3,57.3,57.3,90.4,90.4,57.4
94.9,96.1,77.9,57.5,57.5,90.5,90.5,57.6
96.3,94.8,78.2,57.9,57.9,89.7,89.7,58.2
94.1,100.0,78.0,58.5,58.5,89.9,89.9,57.5
93.9,103.4,76.7,59.8,59.8,88.8,88.8,58.5
88.9,111.8,78.4,58.8,58.8,88.6,88.6,57.6
89.5,111.0,77.5,58.5,58.5,88.2,88.2,57.4
84.6,90.3,77.4,58.4,58.4,87.5,87.5,56.8
78.8,93.3,75.3,59.6,59.6,87.2,87.2,57.1
86.7,95.3,77.0,58.8,58.8,87.2,87.2,57.1
95.1,90.3,76.7,58.7,58.7,87.3,87.3,56.7
102.6,97.3,76.3,58.6,58.6,88.6,88.6,56.7
104.9,103.4,76.9,58.7,58.7,89.3,89.3,57.3
103.8,100.7,75.9,58.5,58.5,91.7,91.7,56.8
105.2,100.0,75.3,58.7,58.7,91.4,91.4,56.4
108.5,95.3,75.4,58.3,58.3,91.9,91.9,56.3
108.2,95.5,76.5,58.7,58.7,91.2,91.2,56.8
107.4,95.6,76.7,58.0,58.0,92.5,92.5,56.3
106.7,97.1,76.4,58.3,58.3,91.7,91.7,56.6
106.5,93.3,74.5,57.9,57.9,91.7,91.7,57.6
106.2,99.0,75.9,58.2,58.2,91.9,91.9,57.4
106.1,94.9,76.4,58.2,58.2,92.5,92.5,56.9
104.0,98.1,75.3,58.6,58.6,92.1,92.1,57.2
101.9,94.9,75.3,58.4,58.4,92.1,92.1,56.6
102.7,100.6,76.0,58.5,58.5,91.0,91.0,57.6
102.1,99.8,75.2,57.5,57.5,93.5,93.5,57.6
98.7,98.4,74.7,59.1,59.1,90.8,90.8,57.7
100.4,99.9,75.6,58.7,58.7,91.0,91.0,56.7
99.2,99.4,74.8,58.7,58.7,92.8,92.8,55.4
98.0,100.3,75.1,59.0,59.0,92.2,92.2,55.2
95.3,97.3,75.1,59.5,59.5,92.3,92.3,55.6
94.3,97.7,75.7,59.2,59.2,91.5,91.5,55.9
95.1,98.7,73.2,59.5,59.5,90.6,90.6,56.2
92.3,101.0,74.6,59.3,59.3,91.1,91.1,56.1
90.0,98.1,75.5,58.7,58.7,91.2,91.2,56.3
90.3,98.7,76.1,58.6,58.6,90.9,90.9,56.7
90.8,97.6,76.2,58.8,58.8,90.4,90.4,56.7
89.7,96.3,76.8,58.6,58.6,90.9,90.9,56.4
92.3,98.9,77.4,58.5,58.5,91.1,91.1,56.6
94.8,94.4,75.4,59.2,59.2,91.2,91.2,57.0
96.3,94.1,75.2,60.6,60.6,90.7,90.7,56.8
96.8,96.5,75.8,60.5,60.5,91.1,91.1,56.1
96.2,102.7,76.2,60.4,60.4,91.2,91.2,56.4
87.2,106.3,76.6,61.1,61.1,90.7,90.7,56.5
82.3,84.5,74.5,60.5,60.5,90.4,90.4,56.3
79.1,91.2,76.3,61.1,61.1,88.9,88.9,55.6
90.2,87.7,75.8,59.2,59.2,90.7,90.7,55.5
96.7,104.4,75.8,58.7,58.7,91.7,91.7,55.1
105.3,92.6,76.8,57.9,57.9,92.8,92.8,57.0
105.5,91.7,77.4,58.0,58.0,92.5,92.5,56.9
107.6,95.3,76.3,58.2,58.2,94.6,94.6,55.3
106.1,96.2,74.1,58.7,58.7,94.6,94.6,55.7
105.8,96.6,73.9,57.9,57.9,95.9,95.9,55.5
107.2,93.0,76.4,58.3,58.3,94.9,94.9,55.6
104.3,98.4,74.0,58.2,58.2,95.0,95.0,57.3
105.8,95.6,74.8,58.2,58.2,94.7,94.7,57.1
105.6,95.3,75.0,58.5,58.5,95.3,95.3,56.8
104.0,96.3,74.6,58.5,58.5,94.8,94.8,56.8
105.0,96.3,77.4,58.8,58.8,94.4,94.4,56.4
105.5,94.9,74.6,58.4,58.4,96.2,96.2,56.3
102.2,97.9,73.2,57.6,57.6,95.4,95.4,56.5
102.8,94.4,75.2,57.0,57.0,94.0,94.0,57.2
100.6,97.3,74.8,57.3,57.3,94.0,94.0,57.5
97.0,102.2,75.8,58.9,58.9,93.5,93.5,57.6
105.9,98.7,76.8,59.3,59.3,93.7,93.7,57.2
101.6,96.8,76.4,59.5,59.5,93.7,93.7,55.9
102.3,99.8,76.3,59.8,59.8,94.0,94.0,57.1
98.9,100.5,75.8,59.1,59.1,94.0,94.0,57.5
98.5,99.3,75.3,57.4,57.4,94.7,94.7,59.0
95.0,97.7,74.8,56.8,56.8,94.3,94.3,58.6
93.1,102.0,75.1,58.6,58.6,92.5,92.5,59.1
94.6,98.8,76.5,59.2,59.2,93.1,93.1,58.5
95.3,98.5,76.1,59.2,59.2,93.1,93.1,56.8
93.0,100.8,76.4,58.6,58.6,92.7,92.7,56.5
91.2,98.5,77.1,58.4,58.4,93.1,93.1,57.9
90.6,98.5,77.0,59.5,59.5,93.2,93.2,57.4
90.5,97.8,77.2,58.9,58.9,93.3,93.3,56.6
90.8,98.9,77.6,58.4,58.4,93.0,93.0,56.4
90.7,99.3,77.9,58.3,58.3,92.7,92.7,56.5
90.2,99.6,77.3,57.9,57.9,92.6,92.6,57.0
93.6,95.7,77.4,58.3,58.3,93.0,93.0,56.4
95.0,95.1,77.0,59.6,59.6,91.5,91.5,57.8
95.4,96.0,77.1,59.3,59.3,91.1,91.1,58.4
95.2,98.2,77.4,59.4,59.4,90.6,90.6,58.3
95.0,100.1,77.5,58.9,58.9,93.4,93.4,58.6
97.9,103.6,77.4,58.8,58.8,92.4,92.4,58.7
86.2,105.8,77.1,59.7,59.7,91.7,91.7,58.0
78.9,78.4,77.9,60.2,60.2,89.8,89.8,57.2
82.5,83.5,80.6,59.2,59.2,88.8,88.8,56.2
92.3,82.3,79.9,58.4,58.4,90.0,90.0,55.5
99.3,88.9,78.8,58.2,58.2,90.5,90.5,55.5
101.4,87.8,78.9,58.0,58.0,92.4,92.4,56.2
100.5,83.8,78.0,58.0,58.0,92.7,92.7,56.2
99.7,80.4,78.3,61.6,61.6,88.3,88.3,56.2
102.9,78.2,79.4,59.2,59.2,91.3,91.3,55.1
100.7,78.3,79.4,59.1,59.1,92.1,92.1,56.6
101.1,79.1,78.0,59.8,59.8,91.3,91.3,55.3
103.3,85.9,78.0,60.2,60.2,91.3,91.3,55.6
103.9,100.2,77.6,59.9,59.9,91.4,91.4,55.7
102.8,102.2,75.8,59.7,59.7,91.8,91.8,56.5
104.9,98.9,73.1,58.1,58.1,94.8,94.8,57.0
103.4,101.3,72.4,59.2,59.2,93.5,93.5,58.1
102.5,104.3,71.5,59.6,59.6,93.0,93.0,58.7
103.2,100.8,72.9,59.1,59.1,92.0,92.0,58.9
104.5,100.8,73.5,59.2,59.2,90.4,90.4,59.6
105.3,97.3,75.2,59.6,59.6,87.6,87.6,57.8
103.0,96.0,75.6,58.9,58.9,90.2,90.2,55.6
105.3,97.9,76.1,59.5,59.5,91.9,91.9,54.1
101.9,100.3,75.2,60.1,60.1,91.3,91.3,54.5
102.3,99.2,73.7,59.9,59.9,91.4,91.4,54.5
103.3,100.5,75.7,60.7,60.7,90.4,90.4,54.9
104.5,100.9,76.6,60.7,60.7,90.3,90.3,54.8
104.1,97.4,76.8,60.8,60.8,91.1,91.1,54.3
103.2,94.5,76.6,61.3,61.3,92.2,92.2,55.4
98.4,99.7,73.2,60.5,60.5,93.8,93.8,56.7
97.5,98.2,73.9,59.8,59.8,93.7,93.7,55.7
93.8,99.3,75.4,58.6,58.6,92.6,92.6,60.0
93.8,99.6,77.0,60.5,60.5,89.9,89.9,59.2
93.5,99.5,74.5,60.1,60.1,91.2,91.2,56.4
95.2,99.6,75.7,59.8,59.8,89.8,89.8,60.1
93.3,101.7,76.9,61.3,61.3,88.6,88.6,60.8
90.6,101.3,77.3,62.2,62.2,89.7,89.7,60.4
89.5,101.6,77.6,59.4,59.4,91.1,91.1,59.6
90.7,103.4,78.4,59.9,59.9,92.1,92.1,57.7
90.3,102.9,78.7,61.4,61.4,92.2,92.2,57.7
93.7,100.3,79.0,60.8,60.8,90.7,90.7,57.0
93.2,104.0,77.6,60.1,60.1,90.9,90.9,56.7
84.6,110.5,77.3,59.5,59.5,92.5,92.5,55.6
77.2,75.7,76.4,59.4,59.4,92.1,92.1,54.5
79.0,92.1,75.5,58.8,58.8,91.8,91.8,53.4
94.2,95.1,75.0,59.0,59.0,89.8,89.8,52.1
101.6,85.6,73.7,59.0,59.0,90.4,90.4,52.5
98.2,86.5,73.5,57.2,57.2,91.5,91.5,52.9
101.1,96.7,73.0,57.1,57.1,93.6,93.6,51.9
98.9,94.3,73.8,55.8,55.8,92.7,92.7,54.6
97.4,95.4,71.9,58.6,58.6,94.8,94.8,52.6
98.5,97.3,73.9,56.8,56.8,94.5,94.5,55.3
100.3,92.7,75.3,58.0,58.0,94.0,94.0,56.8
100.4,97.8,74.9,58.4,58.4,91.8,91.8,59.6
96.8,97.5,74.8,59.6,59.6,91.0,91.0,61.7
100.1,96.1,73.7,59.1,59.1,89.8,89.8,63.5
104.0,94.0,73.4,59.6,59.6,89.3,89.3,64.3
102.4,94.8,73.9,58.6,58.6,88.5,88.5,65.2
99.6,93.3,72.8,56.3,56.3,90.9,90.9,65.6
102.9,93.4,73.3,55.8,55.8,89.9,89.9,65.9
102.9,92.8,74.1,55.5,55.5,89.8,89.8,65.2
103.7,95.2,73.8,55.2,55.2,89.7,89.7,64.6
101.3,93.3,74.4,55.2,55.2,90.8,90.8,62.0
101.8,98.5,73.7,55.1,55.1,93.7,93.7,59.1
104.4,95.9,73.5,54.2,54.2,91.6,91.6,58.5
101.9,95.1,73.8,54.3,54.3,90.8,90.8,56.1
101.6,96.2,73.9,54.4,54.4,89.6,89.6,56.4
101.4,94.9,73.7,54.3,54.3,89.3,89.3,56.3
101.1,94.6,74.1,54.4,54.4,89.9,89.9,55.8
101.7,98.1,74.0,54.5,54.5,90.0,90.0,55.3
102.2,95.3,73.6,55.4,55.4,90.5,90.5,56.9
103.0,95.4,73.3,56.4,56.4,90.9,90.9,57.1
102.8,94.9,73.5,57.2,57.2,92.3,92.3,59.3
100.7,95.4,72.9,58.0,58.0,91.0,91.0,60.4
96.6,100.0,71.9,58.0,58.0,88.9,88.9,61.0
98.1,98.6,72.8,57.9,57.9,86.5,86.5,63.1
96.8,97.8,73.6,58.3,58.3,87.5,87.5,62.9
97.5,96.4,73.5,56.9,56.9,88.5,88.5,64.0
95.8,98.5,73.6,56.9,56.9,89.1,89.1,65.9
95.6,100.5,74.9,58.6,58.6,90.7,90.7,63.3
97.2,98.2,76.2,58.7,58.7,91.1,91.1,62.0
95.4,98.0,76.9,57.3,57.3,90.8,90.8,61.3
93.9,96.1,76.5,57.9,57.9,90.3,90.3,61.6
95.1,95.7,73.4,57.5,57.5,89.9,89.9,61.9
94.5,92.5,73.3,57.4,57.4,89.3,89.3,61.9
95.2,93.2,73.1,57.9,57.9,89.4,89.4,61.2
95.8,90.4,72.6,58.0,58.0,89.3,89.3,60.7
95.5,90.0,73.7,57.0,57.0,88.6,88.6,61.6
96.2,88.6,72.9,57.9,57.9,87.7,87.7,60.5
98.1,87.3,72.7,56.5,56.5,85.4,85.4,60.7
97.7,87.0,72.8,57.1,57.1,85.6,85.6,59.1
95.8,89.6,73.3,56.8,56.8,86.0,86.0,59.2
95.2,90.8,73.4,57.0,57.0,88.7,88.7,58.4
99.4,92.7,72.4,56.1,56.1,87.1,87.1,60.4
99.1,94.7,72.2,56.3,56.3,86.6,86.6,59.4
98.5,95.3,72.3,57.1,57.1,84.4,84.4,59.5
85.6,100.5,72.0,58.7,58.7,83.5,83.5,59.7
76.9,89.4,72.9,58.3,58.3,86.4,86.4,57.4
78.1,89.6,73.4,57.5,57.5,86.0,86.0,57.5
83.0,96.2,75.0,58.0,58.0,87.0,87.0,58.1
92.1,96.5,74.9,57.1,57.1,88.9,88.9,57.9
109.8,90.7,76.0,58.1,58.1,90.6,90.6,57.8
105.5,91.1,75.0,57.8,57.8,89.1,89.1,58.1
104.8,92.7,75.0,58.3,58.3,86.8,86.8,58.7
104.7,94.9,73.2,59.0,59.0,87.8,87.8,58.2
106.1,95.1,71.3,60.7,60.7,89.7,89.7,57.9
104.8,98.9,70.6,60.8,60.8,89.4,89.4,59.0
105.1,95.0,71.4,60.7,60.7,89.3,89.3,58.4
104.5,95.4,73.3,60.4,60.4,88.3,88.3,58.8
103.3,94.7,72.9,60.4,60.4,88.6,88.6,58.8
103.2,97.4,72.7,60.1,60.1,87.5,87.5,58.9
100.2,98.7,71.8,60.1,60.1,87.7,87.7,58.7
97.5,95.6,71.3,60.3,60.3,88.9,88.9,58.2
95.8,99.7,71.3,60.1,60.1,89.0,89.0,59.2
98.1,97.0,72.5,60.5,60.5,88.4,88.4,59.0
95.7,98.5,73.0,59.5,59.5,86.6,86.6,58.5
94.5,97.6,72.7,59.7,59.7,87.6,87.6,57.8
94.3,95.1,73.1,59.9,59.9,87.1,87.1,58.1
93.7,96.7,72.8,59.4,59.4,87.2,87.2,58.2
95.6,95.9,74.3,59.7,59.7,87.3,87.3,57.9
95.4,94.9,72.3,59.9,59.9,86.7,86.7,58.1
95.6,96.3,73.1,60.8,60.8,87.0,87.0,57.9
95.6,96.3,76.3,60.0,60.0,87.5,87.5,58.0
87.7,101.4,73.3,58.9,58.9,86.9,86.9,58.1
83.2,71.2,73.4,58.5,58.5,86.8,86.8,57.5
76.4,76.0,75.6,58.8,58.8,85.9,85.9,56.9
93.5,83.0,74.0,60.5,60.5,86.0,86.0,56.4
101.6,89.9,74.1,60.9,60.9,84.9,84.9,56.1
100.3,91.8,74.2,58.6,58.6,87.2,87.2,55.9
101.5,87.9,74.3,59.9,59.9,86.9,86.9,57.2
100.3,98.6,73.8,60.0,60.0,85.9,85.9,57.3
100.4,98.9,73.1,61.6,61.6,86.6,86.6,56.7
100.2,97.8,73.1,61.3,61.3,87.1,87.1,56.6
100.9,97.8,72.8,61.3,61.3,86.5,86.5,57.8
102.6,99.4,73.0,61.6,61.6,86.2,86.2,58.1
98.0,98.7,72.3,61.1,61.1,86.1,86.1,58.8
101.1,93.8,71.5,60.5,60.5,87.0,87.0,58.7
102.1,94.2,72.0,60.7,60.7,86.2,86.2,58.2
101.8,93.2,71.5,60.6,60.6,85.9,85.9,57.8
102.6,95.9,71.5,61.6,61.6,86.7,86.7,57.6
100.0,95.4,71.8,62.0,62.0,85.6,85.6,57.4
99.8,95.9,72.6,62.4,62.4,86.0,86.0,56.9
98.8,100.6,72.9,63.4,63.4,85.6,85.6,57.6
100.9,95.5,73.4,62.2,62.2,86.0,86.0,57.4
99.3,96.3,72.9,62.0,62.0,86.6,86.6,57.4
99.8,96.8,74.0,61.6,61.6,86.9,86.9,56.6
97.6,94.3,74.5,61.9,61.9,85.2,85.2,57.4
96.2,102.2,74.3,61.5,61.5,85.2,85.2,57.5
101.0,98.4,74.8,61.5,61.5,85.7,85.7,57.0
96.4,98.4,74.6,62.0,62.0,87.3,87.3,55.5
97.1,98.7,72.1,61.8,61.8,86.2,86.2,56.6
94.7,100.0,71.4,62.1,62.1,85.3,85.3,57.9
94.1,98.0,71.9,62.4,62.4,85.4,85.4,57.9
91.7,97.6,73.1,62.3,62.3,85.6,85.6,58.1
91.7,96.1,70.0,62.5,62.5,86.6,86.6,57.9
92.7,94.9,72.3,61.8,61.8,87.1,87.1,58.6
94.3,95.2,71.8,61.3,61.3,87.7,87.7,57.9
96.8,90.2,72.2,62.2,62.2,86.3,86.3,58.4
97.0,90.7,73.4,61.2,61.2,85.9,85.9,58.5
97.3,90.0,75.0,60.5,60.5,84.5,84.5,59.1
98.1,90.9,75.5,59.8,59.8,85.2,85.2,60.1
97.2,93.7,74.9,59.7,59.7,85.5,85.5,60.1
93.2,96.0,72.8,59.0,59.0,85.4,85.4,60.4
95.5,99.6,72.6,59.6,59.6,86.1,86.1,59.2
92.3,104.8,71.6,58.6,58.6,87.7,87.7,57.9
91.9,103.8,73.1,59.0,59.0,87.4,87.4,58.0
83.2,102.7,74.0,58.3,58.3,86.8,86.8,57.3
79.4,92.4,74.3,58.5,58.5,85.6,85.6,57.1
84.3,86.2,75.3,58.3,58.3,85.3,85.3,57.1
97.3,88.7,73.0,58.7,58.7,85.1,85.1,57.9
106.3,90.1,76.0,59.1,59.1,85.2,85.2,58.2
105.6,93.3,72.6,58.9,58.9,85.5,85.5,58.2
108.6,96.2,72.1,60.3,60.3,85.9,85.9,58.8
105.0,97.3,72.6,59.7,59.7,85.3,85.3,59.2
105.3,97.9,73.1,59.2,59.2,85.2,85.2,59.1
103.4,98.1,73.2,59.0,59.0,84.6,84.6,57.9
104.9,95.3,73.7,58.2,58.2,84.3,84.3,58.2
104.0,99.4,73.2,59.1,59.1,84.9,84.9,58.0
101.9,94.7,75.2,60.0,60.0,85.1,85.1,58.4
101.4,95.4,75.2,60.0,60.0,85.6,85.6,58.7
105.3,97.0,75.3,60.1,60.1,85.1,85.1,60.4
102.8,98.5,74.8,59.7,59.7,86.2,86.2,60.9
101.2,95.2,74.6,59.1,59.1,85.9,85.9,59.3
98.5,91.9,73.5,60.7,60.7,86.3,86.3,59.3
98.9,95.6,72.7,60.5,60.5,86.3,86.3,59.9
98.8,94.9,73.5,60.2,60.2,86.4,86.4,59.8
95.6,93.0,74.7,60.1,60.1,86.1,86.1,60.4
94.7,93.3,74.1,61.5,61.5,84.9,84.9,60.8
92.8,93.2,74.7,61.3,61.3,85.0,85.0,61.0
91.0,97.3,74.3,60.8,60.8,86.4,86.4,61.1
88.5,96.8,73.5,59.7,59.7,86.9,86.9,61.8
89.0,98.5,73.4,59.4,59.4,87.7,87.7,63.1
91.4,98.1,72.6,59.9,59.9,88.2,88.2,60.9
92.0,98.8,72.6,58.9,58.9,88.3,88.3,63.2
92.8,100.6,73.4,58.8,58.8,87.7,87.7,60.8
94.1,99.9,74.7,60.4,60.4,86.1,86.1,61.8
93.1,103.1,76.3,59.2,59.2,85.4,85.4,60.9
82.4,109.0,75.7,60.0,60.0,85.9,85.9,59.4
79.4,82.7,75.7,59.1,59.1,86.4,86.4,59.2
81.7,81.7,75.8,59.7,59.7,86.2,86.2,59.6
89.4,86.6,75.5,60.3,60.3,86.2,86.2,60.1
94.4,90.3,75.7,60.3,60.3,84.9,84.9,59.0
98.2,89.8,75.7,60.8,60.8,84.4,84.4,58.4
96.4,85.1,75.5,60.5,60.5,84.6,84.6,58.6
98.1,90.6,71.8,59.8,59.8,84.9,84.9,59.9
96.8,98.6,75.1,58.9,58.9,84.8,84.8,58.5
96.8,95.3,75.3,60.2,60.2,84.4,84.4,58.7
96.6,95.7,75.7,59.4,59.4,86.1,86.1,58.5
98.0,94.2,76.5,59.2,59.2,85.3,85.3,59.2
97.3,95.1,76.8,59.0,59.0,84.8,84.8,58.8
97.8,97.4,76.2,60.2,60.2,84.7,84.7,58.4
99.0,96.1,76.4,59.9,59.9,84.0,84.0,59.0
97.6,94.6,75.9,60.0,60.0,84.8,84.8,58.4
98.4,101.9,75.5,59.5,59.5,84.6,84.6,58.3
98.4,98.3,75.1,58.9,58.9,83.8,83.8,59.0
98.4,96.7,73.9,59.2,59.2,84.3,84.3,58.8
98.6,102.8,75.1,58.9,58.9,84.7,84.7,57.6
99.4,99.3,74.9,58.2,58.2,84.5,84.5,58.2
97.8,99.0,75.7,58.3,58.3,84.0,84.0,58.0
98.8,102.1,75.3,58.3,58.3,84.2,84.2,57.8
98.2,99.0,76.0,57.9,57.9,83.6,83.6,58.5
97.8,96.6,74.7,58.8,58.8,83.3,83.3,58.4
96.3,100.1,75.4,58.4,58.4,83.7,83.7,58.5
95.0,100.8,75.3,58.4,58.4,84.0,84.0,59.3
96.5,99.4,74.2,58.3,58.3,85.0,85.0,60.1
96.8,96.0,72.5,59.0,59.0,84.7,84.7,59.9
97.1,99.0,72.0,60.0,60.0,84.2,84.2,59.0
98.9,96.4,72.4,58.4,58.4,85.9,85.9,57.8
96.4,95.6,74.0,58.7,58.7,84.1,84.1,58.6
95.1,97.2,75.6,58.4,58.4,83.7,83.7,58.4
94.5,97.5,76.7,58.7,58.7,84.2,84.2,58.4
91.5,99.0,76.6,57.3,57.3,83.6,83.6,58.1
90.8,98.4,77.8,57.4,57.4,83.3,83.3,57.3
92.0,99.3,77.8,57.7,57.7,84.5,84.5,57.1
91.5,99.5,77.7,58.8,58.8,83.9,83.9,57.1
89.1,101.4,78.1,58.8,58.8,84.4,84.4,57.4
84.6,100.1,76.2,59.8,59.8,85.1,85.1,55.7
82.4,479.1,73.8,59.3,59.3,85.4,85.4,56.1
89.1,74.1,74.2,57.5,57.5,88.3,88.3,57.0
107.0,87.6,74.1,57.1,57.1,87.7,87.7,56.3
108.2,88.8,73.2,56.7,56.7,87.2,87.2,56.5
109.4,84.6,73.2,56.7,56.7,85.1,85.1,57.0
108.8,81.8,73.3,59.9,59.9,84.1,84.1,57.2
110.8,81.1,74.0,60.9,60.9,82.4,82.4,57.3
109.3,97.4,74.2,60.5,60.5,83.5,83.5,57.7
112.2,94.4,73.8,58.5,58.5,86.2,86.2,58.1
110.6,91.9,72.1,60.4,60.4,85.1,85.1,58.3
109.7,92.7,72.0,56.8,56.8,85.6,85.6,59.4
108.0,97.3,72.0,57.1,57.1,85.8,85.8,58.8
108.7,95.4,73.1,57.3,57.3,86.6,86.6,57.8
107.7,94.8,73.5,57.8,57.8,87.5,87.5,55.8
107.1,94.2,74.5,58.7,58.7,85.8,85.8,55.8
105.1,98.7,74.6,58.3,58.3,85.5,85.5,56.0
106.4,94.1,76.1,57.4,57.4,86.2,86.2,56.4
106.0,95.2,75.6,58.7,58.7,85.1,85.1,56.4
109.2,100.8,74.6,60.6,60.6,86.1,86.1,56.5
111.7,92.0,73.2,60.6,60.6,87.8,87.8,57.2
110.7,95.4,71.8,58.0,58.0,87.8,87.8,59.4
108.8,94.9,72.8,57.0,57.0,85.9,85.9,60.6
109.9,94.5,73.0,56.9,56.9,85.8,85.8,60.1
109.6,91.8,74.3,58.2,58.2,84.5,84.5,59.2
108.0,96.8,76.0,57.7,57.7,84.0,84.0,58.5
109.7,95.3,75.8,57.3,57.3,84.2,84.2,58.8
111.0,94.2,75.8,56.4,56.4,84.9,84.9,57.3
107.7,97.6,75.5,55.7,55.7,83.9,83.9,57.6
110.1,95.0,74.6,54.8,54.8,89.1,89.1,56.3
111.6,98.4,74.1,55.2,55.2,89.7,89.7,57.6
111.2,100.0,72.7,55.3,55.3,91.1,91.1,56.8
111.9,98.2,73.3,54.3,54.3,90.8,90.8,57.2
112.5,93.7,73.4,54.1,54.1,90.1,90.1,55.4
110.4,102.9,73.5,54.7,54.7,89.8,89.8,54.5
110.0,102.3,73.6,53.0,53.0,92.9,92.9,52.5
110.7,97.0,73.4,53.5,53.5,91.4,91.4,52.1
108.9,101.5,72.6,53.3,53.3,91.2,91.2,51.8
106.9,99.9,73.1,53.2,53.2,92.0,92.0,51.5
107.6,100.5,73.1,51.8,51.8,90.5,90.5,52.9
106.9,108.8,72.7,52.9,52.9,91.5,91.5,51.4
103.9,107.9,73.1,51.5,51.5,91.1,91.1,50.3
109.2,103.9,70.6,52.2,52.2,91.1,91.1,49.0
109.2,101.9,69.7,52.0,52.0,88.8,88.8,51.8
108.3,104.7,69.3,51.2,51.2,88.3,88.3,52.8
111.6,103.0,70.0,51.4,51.4,89.0,89.0,53.1
110.7,103.8,68.9,52.1,52.1,91.0,91.0,53.8
111.8,104.1,70.9,52.6,52.6,89.7,89.7,54.1
109.1,106.8,72.6,51.0,51.0,91.1,91.1,51.1
113.1,104.4,72.9,52.9,52.9,91.3,91.3,50.3
109.1,102.8,72.9,51.9,51.9,91.6,91.6,52.6
112.7,107.8,73.0,53.1,53.1,90.1,90.1,51.2
116.6,101.4,73.5,52.1,52.1,89.5,89.5,52.3
114.3,100.1,73.0,52.5,52.5,90.2,90.2,51.2
111.6,105.5,72.6,53.0,53.0,86.7,86.7,54.4
112.7,108.0,72.4,53.0,53.0,89.8,89.8,50.7
111.8,105.7,71.2,51.9,51.9,92.9,92.9,49.8
112.4,106.9,71.2,52.4,52.4,91.0,91.0,49.6
109.8,103.8,71.1,52.2,52.2,91.0,91.0,50.3
108.9,103.9,72.0,51.8,51.8,90.6,90.6,51.0
108.8,101.9,73.3,51.3,51.3,92.2,92.2,52.6
107.9,102.6,73.6,52.9,52.9,91.4,91.4,53.3
107.6,104.1,74.6,52.1,52.1,92.1,92.1,52.8
104.9,104.3,75.3,51.4,51.4,92.5,92.5,52.9
107.1,101.5,74.1,51.0,51.0,96.4,96.4,53.3
106.4,99.0,73.3,52.4,52.4,94.8,94.8,54.4
104.5,100.9,73.9,53.1,53.1,90.5,90.5,54.6
102.4,102.5,74.7,51.7,51.7,92.3,92.3,54.6
103.5,98.1,74.2,52.6,52.6,92.1,92.1,54.6
99.3,97.7,73.9,53.9,53.9,91.2,91.2,55.2
99.4,98.8,74.7,53.6,53.6,91.3,91.3,55.5
96.8,99.1,74.1,52.7,52.7,92.6,92.6,55.8
95.2,98.7,74.0,52.5,52.5,91.8,91.8,55.8
95.7,98.4,72.2,54.4,54.4,90.2,90.2,56.0
96.0,98.9,72.2,51.8,51.8,89.4,89.4,55.6
95.5,96.5,73.2,54.2,54.2,89.8,89.8,54.2
96.8,95.4,74.1,53.3,53.3,90.6,90.6,50.7
98.7,94.5,74.1,52.6,52.6,94.3,94.3,47.0
89.9,103.6,75.5,51.4,51.4,95.5,95.5,44.3
83.0,90.3,75.4,51.8,51.8,95.2,95.2,43.8
82.9,73.3,75.4,52.5,52.5,91.8,91.8,44.0
90.4,81.2,76.0,52.4,52.4,94.8,94.8,45.7
101.3,107.7,76.4,51.2,51.2,92.5,92.5,47.5
104.8,94.2,75.7,51.4,51.4,91.6,91.6,49.2
106.8,88.5,74.4,53.1,53.1,90.3,90.3,47.5
108.9,92.5,74.1,53.6,53.6,90.6,90.6,46.4
108.2,94.9,74.3,53.3,53.3,91.8,91.8,51.2
108.5,90.5,74.3,53.1,53.1,90.8,90.8,53.5
106.8,93.7,75.0,53.1,53.1,90.5,90.5,54.9
106.3,101.3,75.1,52.8,52.8,89.5,89.5,57.9
105.1,95.4,73.1,52.6,52.6,89.9,89.9,58.4
102.3,103.4,71.1,52.8,52.8,89.0,89.0,58.1
104.0,95.0,70.5,53.6,53.6,87.6,87.6,59.6
105.9,90.6,70.1,53.5,53.5,88.4,88.4,60.3
106.7,87.3,69.7,54.1,54.1,87.7,87.7,63.4
100.0,92.0,70.1,54.5,54.5,90.1,90.1,61.8
98.9,92.4,70.9,54.8,54.8,90.0,90.0,60.9
97.2,95.2,72.0,56.3,56.3,90.4,90.4,62.7
97.5,92.6,73.8,57.2,57.2,90.6,90.6,63.0
98.6,101.5,74.9,57.1,57.1,91.7,91.7,61.5
98.7,101.1,76.1,59.2,59.2,92.4,92.4,60.9
99.5,102.7,76.9,59.1,59.1,92.2,92.2,60.4
102.3,93.4,76.7,59.2,59.2,92.4,92.4,61.1
102.9,96.4,76.5,59.8,59.8,93.2,93.2,61.5
102.7,99.6,71.9,60.2,60.2,91.7,91.7,60.2
108.0,94.7,72.2,60.3,60.3,91.5,91.5,61.5
103.7,96.8,72.7,60.3,60.3,91.8,91.8,61.2
100.7,98.7,74.7,59.8,59.8,91.9,91.9,60.8
102.2,97.3,72.2,60.2,60.2,92.0,92.0,61.4
99.7,97.7,73.6,60.3,60.3,91.9,91.9,60.6
100.3,93.5,71.1,60.9,60.9,92.5,92.5,61.2
99.8,96.6,72.4,59.6,59.6,92.5,92.5,62.2
97.2,99.2,72.3,58.7,58.7,94.0,94.0,63.0
97.6,97.4,72.7,58.4,58.4,94.1,94.1,62.4
96.1,100.4,72.8,57.9,57.9,93.7,93.7,63.0
98.4,97.5,71.1,58.4,58.4,93.6,93.6,63.5
97.0,100.1,73.0,58.3,58.3,93.7,93.7,63.6
95.6,98.7,72.3,58.1,58.1,92.9,92.9,64.4
95.9,99.9,74.0,57.0,57.0,93.7,93.7,64.7
92.6,100.1,74.0,57.4,57.4,94.2,94.2,64.8
90.8,98.5,71.9,57.8,57.8,96.1,96.1,62.8
87.5,99.8,70.4,57.4,57.4,96.7,96.7,62.4
89.7,95.3,70.9,58.8,58.8,93.6,93.6,63.1
90.1,94.8,71.0,59.4,59.4,93.6,93.6,63.1
93.0,93.4,70.9,60.0,60.0,93.7,93.7,62.4
94.4,91.7,71.2,60.5,60.5,93.9,93.9,61.8
94.4,91.6,72.2,59.9,59.9,95.1,95.1,61.6
96.4,90.2,72.3,60.3,60.3,95.4,95.4,61.5
94.2,91.8,71.3,60.1,60.1,95.7,95.7,61.7
93.9,95.3,71.4,60.0,60.0,96.1,96.1,61.3
93.8,100.0,71.8,60.0,60.0,95.4,95.4,60.8
89.3,106.2,71.5,60.2,60.2,94.8,94.8,60.3
81.5,96.5,70.7,61.1,61.1,94.4,94.4,60.1
80.3,84.1,70.4,61.0,61.0,93.4,93.4,60.1
89.5,82.6,70.5,60.9,60.9,93.7,93.7,58.8
103.0,98.5,70.5,61.0,61.0,92.9,92.9,58.9
109.1,92.5,70.9,61.1,61.1,92.4,92.4,58.9
107.7,92.4,71.0,61.2,61.2,92.1,92.1,59.9
104.8,98.9,71.2,61.2,61.2,92.2,92.2,60.2
103.9,97.2,71.4,61.0,61.0,91.7,91.7,61.3
110.2,92.3,71.2,61.1,61.1,91.8,91.8,61.8
110.2,101.1,71.6,61.4,61.4,92.3,92.3,62.7
107.5,97.7,70.8,60.1,60.1,93.7,93.7,63.1
107.8,94.7,74.4,58.4,58.4,93.1,93.1,64.7
107.1,95.4,74.0,58.3,58.3,93.1,93.1,64.4
108.1,96.6,72.2,59.7,59.7,96.2,96.2,62.9
104.0,94.2,71.2,59.9,59.9,94.2,94.2,63.6
103.6,95.0,71.5,60.6,60.6,93.8,93.8,63.7
103.1,95.4,72.0,60.2,60.2,93.9,93.9,63.4
100.2,94.4,74.2,58.7,58.7,95.5,95.5,63.7
98.3,97.4,74.0,58.4,58.4,94.5,94.5,63.4
101.6,98.2,75.3,58.9,58.9,93.1,93.1,65.7
101.5,96.5,74.5,59.5,59.5,91.9,91.9,66.0
98.7,96.7,73.8,59.6,59.6,92.5,92.5,65.7
95.4,98.3,74.8,59.3,59.3,92.8,92.8,65.6
94.9,95.9,73.0,58.4,58.4,94.9,94.9,65.3
93.5,98.3,71.6,60.5,60.5,96.4,96.4,63.5
93.6,100.2,71.7,59.4,59.4,96.3,96.3,63.2
95.0,98.2,71.8,58.8,58.8,96.8,96.8,62.5
93.7,97.8,71.5,58.9,58.9,96.4,96.4,62.6
93.5,97.7,72.9,58.6,58.6,95.6,95.6,61.6
95.1,97.6,73.0,58.1,58.1,94.1,94.1,63.0
95.0,97.3,73.0,58.6,58.6,94.3,94.3,62.9
92.1,96.8,73.9,58.7,58.7,94.1,94.1,62.9
93.9,92.4,73.8,59.0,59.0,94.2,94.2,63.2
95.3,93.2,74.6,59.5,59.5,94.4,94.4,63.1
95.5,93.6,74.6,59.4,59.4,93.8,93.8,62.9
96.5,96.4,74.3,59.1,59.1,93.6,93.6,62.0
82.8,90.5,75.1,57.5,57.5,91.8,91.8,63.1
81.5,73.7,74.1,57.6,57.6,90.8,90.8,61.6
88.5,90.1,75.4,57.9,57.9,88.7,88.7,61.9
101.0,84.9,74.3,57.6,57.6,88.3,88.3,61.2
104.2,90.2,74.2,58.0,58.0,88.2,88.2,61.0
101.4,93.4,72.5,59.5,59.5,89.0,89.0,60.9
100.7,96.9,72.0,60.7,60.7,87.8,87.8,61.7
102.3,93.9,71.8,60.4,60.4,87.6,87.6,62.5
107.9,97.7,71.1,60.0,60.0,86.8,86.8,63.0
111.5,92.2,70.4,60.0,60.0,86.4,86.4,63.3
110.6,90.4,70.4,60.5,60.5,87.8,87.8,62.9
107.8,98.4,72.6,60.2,60.2,88.0,88.0,63.0
110.6,93.0,69.9,60.5,60.5,87.3,87.3,63.5
110.6,93.5,71.6,60.8,60.8,87.6,87.6,63.5
107.9,95.5,73.5,61.2,61.2,87.0,87.0,63.5
107.2,92.4,72.1,61.4,61.4,87.1,87.1,64.0
106.0,100.0,71.5,61.4,61.4,87.0,87.0,64.2
106.8,92.7,71.9,60.5,60.5,85.7,85.7,64.4
105.0,95.1,70.4,61.3,61.3,86.2,86.2,62.5
107.3,85.5,71.1,61.0,61.0,85.7,85.7,61.9
105.8,88.6,71.4,60.2,60.2,85.7,85.7,61.3
104.7,90.6,73.2,60.0,60.0,85.9,85.9,62.3
107.1,92.6,74.1,59.4,59.4,86.4,86.4,63.4
107.3,90.0,73.5,57.2,57.2,87.9,87.9,62.4
109.8,91.6,75.5,57.6,57.6,86.9,86.9,61.7
107.7,92.1,75.9,57.4,57.4,86.3,86.3,60.6
104.2,92.1,75.4,58.6,58.6,85.4,85.4,61.1
104.9,99.6,75.6,57.6,57.6,86.2,86.2,59.9
106.3,96.2,75.4,57.2,57.2,85.1,85.1,60.9
105.4,94.2,74.2,57.2,57.2,85.1,85.1,61.4
104.7,100.6,74.9,56.6,56.6,85.3,85.3,60.9
102.8,96.8,74.9,56.5,56.5,86.6,86.6,60.4
102.8,99.9,72.6,58.7,58.7,86.6,86.6,59.7
105.4,99.3,72.1,57.9,57.9,86.8,86.8,58.0
102.4,101.5,70.9,58.4,58.4,86.7,86.7,57.7
103.5,97.2,71.2,58.8,58.8,85.3,85.3,57.8
104.1,96.8,71.9,58.7,58.7,84.7,84.7,57.3
99.2,96.8,73.1,57.1,57.1,88.5,88.5,56.9
99.3,102.2,75.4,57.4,57.4,87.2,87.2,59.1
103.7,100.4,76.9,57.0,57.0,88.7,88.7,60.6
104.1,98.5,77.0,57.4,57.4,89.2,89.2,60.3
101.9,102.3,75.6,57.9,57.9,88.2,88.2,60.0
109.3,97.2,75.4,58.8,58.8,88.0,88.0,56.7
106.3,95.4,74.4,59.8,59.8,88.0,88.0,56.5
99.6,103.2,75.1,58.8,58.8,87.9,87.9,57.7
102.1,104.3,75.2,57.8,57.8,87.9,87.9,56.9
101.0,103.1,74.2,58.0,58.0,89.2,89.2,57.1
100.8,100.7,73.1,58.3,58.3,88.5,88.5,58.3
99.6,98.5,72.7,56.3,56.3,89.8,89.8,57.8
97.4,98.3,72.0,56.1,56.1,90.8,90.8,58.9
95.6,99.5,73.0,56.2,56.2,90.9,90.9,57.3
94.4,97.2,74.4,56.1,56.1,89.3,89.3,58.1
93.3,98.1,75.6,56.9,56.9,90.2,90.2,58.1
93.7,96.5,75.7,58.0,58.0,90.0,90.0,57.9
92.3,97.3,75.8,58.4,58.4,91.0,91.0,57.2
86.5,100.7,74.7,59.7,59.7,89.5,89.5,58.9
85.2,73.1,75.1,59.0,59.0,88.4,88.4,57.4
84.2,61.7,75.6,58.8,58.8,88.1,88.1,58.0
96.4,78.1,73.4,57.4,57.4,89.0,89.0,55.5
108.0,86.3,71.7,58.8,58.8,89.7,89.7,54.9
108.7,88.3,71.3,58.4,58.4,89.8,89.8,55.0
110.0,84.1,70.7,58.6,58.6,89.8,89.8,56.2
109.5,90.3,70.1,57.9,57.9,90.5,90.5,57.3
109.3,83.4,69.3,59.2,59.2,92.3,92.3,57.4
113.0,79.0,70.1,59.3,59.3,91.2,91.2,58.4
112.4,78.7,70.2,59.5,59.5,90.6,90.6,57.0
111.9,79.4,71.5,59.1,59.1,90.8,90.8,55.1
110.3,87.0,72.2,59.3,59.3,89.8,89.8,56.1
109.3,87.7,71.7,59.6,59.6,89.9,89.9,56.4
108.7,85.9,71.8,59.2,59.2,89.0,89.0,56.0
114.2,76.5,72.7,60.2,60.2,87.6,87.6,56.5
112.4,79.0,72.0,59.8,59.8,85.3,85.3,59.7
110.7,76.8,73.3,60.7,60.7,84.0,84.0,59.8
108.3,75.1,75.0,59.8,59.8,83.5,83.5,59.5
103.9,75.0,75.8,61.1,61.1,83.5,83.5,60.4
101.9,73.1,75.5,60.6,60.6,83.4,83.4,60.5
98.5,76.7,75.2,60.5,60.5,83.7,83.7,60.2
97.0,85.5,76.9,59.3,59.3,84.2,84.2,60.2
108.6,84.6,77.5,59.1,59.1,84.5,84.5,59.7
104.3,88.9,74.9,60.9,60.9,85.3,85.3,59.5
107.1,83.8,73.8,60.4,60.4,85.6,85.6,58.4
107.9,84.1,75.2,59.1,59.1,85.4,85.4,59.6
105.9,82.5,71.9,58.9,58.9,87.4,87.4,59.8
105.3,81.8,71.4,58.6,58.6,89.0,89.0,58.3
107.6,79.6,71.6,59.5,59.5,88.4,88.4,57.7
103.1,79.0,70.9,58.6,58.6,90.0,90.0,57.5
108.8,76.5,71.8,57.4,57.4,90.2,90.2,58.8
111.2,76.5,72.8,57.3,57.3,90.0,90.0,59.7
108.1,75.3,72.7,57.1,57.1,90.4,90.4,59.7
109.2,70.8,73.4,56.8,56.8,90.9,90.9,58.3
106.6,71.1,73.8,57.0,57.0,91.1,91.1,57.5
100.3,75.8,73.5,56.5,56.5,90.3,90.3,57.2
107.2,71.3,71.3,55.9,55.9,89.3,89.3,57.0
106.2,74.7,71.0,56.9,56.9,88.4,88.4,56.7
110.5,84.4,71.2,57.5,57.5,88.5,88.5,56.4
109.1,82.8,70.4,57.0,57.0,89.9,89.9,56.1
107.1,91.3,71.7,57.5,57.5,89.3,89.3,56.7
106.0,92.1,71.2,57.6,57.6,89.4,89.4,57.2
105.4,87.9,72.6,57.3,57.3,91.2,91.2,57.1
108.5,96.4,71.1,58.9,58.9,91.2,91.2,57.0
108.7,92.2,71.0,58.6,58.6,92.3,92.3,57.6
111.3,92.0,72.2,58.1,58.1,92.9,92.9,59.5
108.2,97.8,73.2,59.3,59.3,90.6,90.6,61.0
110.6,93.4,72.1,59.8,59.8,90.6,90.6,62.0
111.6,93.6,72.0,59.5,59.5,90.2,90.2,61.7
110.2,95.4,70.6,59.8,59.8,90.6,90.6,61.2
110.1,95.4,70.7,60.1,60.1,91.6,91.6,59.5
110.1,94.9,70.5,59.3,59.3,95.3,95.3,56.9
112.2,97.9,71.8,59.4,59.4,92.1,92.1,59.0
115.4,95.5,72.5,58.5,58.5,90.2,90.2,61.0
111.4,97.1,72.7,58.1,58.1,90.9,90.9,60.6
111.9,96.2,73.8,58.6,58.6,88.2,88.2,59.0
110.0,100.6,73.6,58.9,58.9,88.8,88.8,58.7
111.0,96.9,73.5,59.1,59.1,89.8,89.8,57.7
114.5,99.4,72.1,59.5,59.5,89.2,89.2,57.7
112.6,96.1,73.4,59.7,59.7,89.6,89.6,59.6
117.8,94.5,71.8,59.9,59.9,89.7,89.7,59.0
109.8,105.6,72.4,59.2,59.2,88.9,88.9,59.9
110.9,101.2,72.2,58.5,58.5,89.4,89.4,60.2
107.0,102.2,70.0,60.5,60.5,89.1,89.1,60.7
106.0,100.7,69.8,59.8,59.8,87.3,87.3,63.0
104.1,100.6,69.2,58.7,58.7,88.2,88.2,63.5
99.4,100.4,70.9,58.1,58.1,86.9,86.9,62.7
99.6,99.5,71.0,57.7,57.7,87.0,87.0,63.1
99.7,97.7,73.1,57.9,57.9,89.5,89.5,60.5
99.2,94.4,73.4,59.3,59.3,87.7,87.7,61.4
98.0,94.4,73.0,61.1,61.1,87.4,87.4,61.1
97.9,96.6,72.8,60.9,60.9,87.7,87.7,60.5
97.7,95.6,72.7,61.4,61.4,86.6,86.6,60.7
93.7,97.8,74.5,60.4,60.4,87.1,87.1,58.5
90.4,88.0,75.0,61.2,61.2,86.8,86.8,59.0
90.2,67.8,73.4,62.0,62.0,85.5,85.5,59.1
90.5,81.5,71.9,61.9,61.9,86.3,86.3,57.7
101.6,102.5,71.6,62.2,62.2,86.5,86.5,57.2
110.6,93.9,71.9,60.0,60.0,88.6,88.6,57.4
102.8,96.1,71.0,63.1,63.1,86.6,86.6,58.3
98.0,91.7,70.2,63.3,63.3,86.4,86.4,59.2
93.5,90.8,67.8,65.1,65.1,86.6,86.6,58.8
97.9,89.1,67.2,65.8,65.8,86.5,86.5,59.7
96.2,86.8,67.3,62.9,62.9,89.5,89.5,59.7
97.8,79.6,67.8,61.6,61.6,89.4,89.4,59.6
97.9,83.0,68.6,62.0,62.0,90.0,90.0,59.2
97.0,80.0,69.4,62.8,62.8,89.6,89.6,57.7
94.6,79.8,71.9,61.6,61.6,88.6,88.6,58.7
95.4,78.9,72.0,61.2,61.2,89.8,89.8,60.0
92.3,81.5,71.9,60.3,60.3,89.8,89.8,62.0
90.3,75.0,71.7,61.9,61.9,90.1,90.1,61.2
86.3,65.6,72.2,61.0,61.0,90.1,90.1,61.2
94.0,72.9,72.1,59.7,59.7,92.2,92.2,61.0
105.5,83.3,71.4,60.7,60.7,91.2,91.2,61.8
108.7,75.1,71.2,61.4,61.4,90.3,90.3,62.0
105.0,71.3,70.7,61.0,61.0,91.0,91.0,61.3
102.5,69.9,70.3,61.2,61.2,91.4,91.4,61.3
95.2,72.2,70.4,60.7,60.7,92.8,92.8,60.6
95.4,67.9,70.2,61.0,61.0,93.9,93.9,61.5
96.9,67.7,70.7,61.5,61.5,93.0,93.0,62.5
97.8,64.8,70.7,61.8,61.8,94.1,94.1,61.8
95.6,66.8,71.9,61.6,61.6,94.7,94.7,60.4
94.8,68.1,71.7,61.5,61.5,94.6,94.6,60.7
94.9,66.9,70.9,61.7,61.7,95.0,95.0,60.1
88.8,71.7,70.9,60.7,60.7,95.5,95.5,59.3
87.2,63.9,70.7,60.3,60.3,96.1,96.1,58.6
87.8,71.5,71.0,60.0,60.0,96.9,96.9,56.7
95.1,86.5,71.0,58.9,58.9,97.7,97.7,55.8
103.2,78.7,70.9,58.4,58.4,97.4,97.4,56.5
106.7,78.7,70.9,58.2,58.2,97.7,97.7,56.2
101.6,76.5,70.6,58.7,58.7,98.0,98.0,55.8
102.3,73.0,70.2,60.0,60.0,98.3,98.3,55.3
96.6,77.0,69.9,60.2,60.2,97.8,97.8,56.2
94.3,76.6,70.8,62.9,62.9,93.8,93.8,55.9
96.5,74.8,70.9,61.1,61.1,97.1,97.1,55.7
97.3,92.4,72.3,63.3,63.3,93.0,93.0,56.2
96.9,94.4,73.3,63.2,63.2,92.8,92.8,57.6
97.8,94.1,73.3,63.2,63.2,92.2,92.2,57.5
97.6,94.5,75.1,64.1,64.1,91.0,91.0,59.6
95.6,93.5,75.2,64.9,64.9,91.4,91.4,59.0
91.6,93.8,73.1,64.8,64.8,91.7,91.7,59.7
91.1,93.4,73.9,65.5,65.5,93.2,93.2,59.6
88.6,93.1,73.9,64.8,64.8,94.5,94.5,58.6
84.9,92.8,75.5,62.4,62.4,95.8,95.8,59.4
83.1,85.0,74.8,62.3,62.3,96.8,96.8,58.9
80.9,76.8,73.2,62.5,62.5,95.9,95.9,59.5
84.7,74.1,72.9,62.7,62.7,96.8,96.8,59.9
95.5,85.6,72.9,63.1,63.1,96.5,96.5,60.5
103.7,92.7,72.2,63.5,63.5,96.0,96.0,60.6
102.1,90.2,72.2,64.0,64.0,95.9,95.9,61.8
99.8,85.1,72.3,63.9,63.9,95.9,95.9,62.2
96.3,85.6,71.7,63.5,63.5,96.8,96.8,62.1
93.1,84.8,71.1,64.0,64.0,95.9,95.9,61.9
90.7,86.4,71.0,64.7,64.7,96.5,96.5,61.0
90.7,85.8,71.4,64.4,64.4,96.3,96.3,62.2
91.5,95.3,70.6,64.0,64.0,97.1,97.1,62.1
92.0,94.5,71.0,63.9,63.9,96.1,96.1,62.2
90.8,97.8,71.5,63.4,63.4,96.1,96.1,62.2
89.7,95.7,71.8,62.9,62.9,94.9,94.9,62.1
87.8,98.1,72.6,64.2,64.2,94.7,94.7,62.1
88.5,94.2,72.0,64.8,64.8,94.5,94.5,62.0
87.2,95.2,72.1,66.9,66.9,93.1,93.1,62.6
88.8,93.6,72.6,66.5,66.5,93.4,93.4,62.8
88.3,96.1,72.8,64.8,64.8,95.0,95.0,62.5
90.2,93.1,70.1,65.8,65.8,95.4,95.4,63.4
89.1,93.9,72.9,64.1,64.1,95.4,95.4,63.2
88.0,97.8,72.5,62.6,62.6,96.8,96.8,63.0
85.6,91.4,72.4,64.8,64.8,95.5,95.5,62.9
80.3,86.3,71.2,65.1,65.1,97.5,97.5,61.3
79.3,88.8,71.0,66.1,66.1,97.5,97.5,61.1
86.0,99.7,70.2,66.4,66.4,97.7,97.7,60.6
95.0,99.1,71.5,69.4,69.4,93.8,93.8,62.1
104.4,95.4,74.4,67.7,67.7,93.2,93.2,62.9
103.7,92.0,74.2,64.2,64.2,96.9,96.9,62.6
102.4,101.5,71.4,70.5,70.5,92.5,92.5,61.4
102.3,97.4,74.9,68.2,68.2,91.3,91.3,61.7
101.1,96.5,69.8,70.8,70.8,91.3,91.3,61.7
100.9,97.8,71.7,70.6,70.6,91.0,91.0,61.4
101.5,102.8,71.8,67.7,67.7,94.2,94.2,61.3
101.3,100.5,71.4,66.9,66.9,95.7,95.7,60.8
100.2,99.6,70.7,67.4,67.4,94.1,94.1,62.3
100.6,100.2,71.4,65.0,65.0,97.1,97.1,62.0
96.1,101.5,70.6,65.5,65.5,96.4,96.4,62.2
95.3,102.1,71.2,66.0,66.0,96.1,96.1,62.4
95.9,101.8,72.4,66.1,66.1,95.7,95.7,62.9
101.2,98.4,71.9,65.9,65.9,95.8,95.8,62.8
94.4,101.6,71.6,65.0,65.0,96.4,96.4,63.7
94.0,101.4,74.1,64.4,64.4,96.7,96.7,63.6
91.1,100.9,71.8,65.1,65.1,95.2,95.2,63.4
92.2,106.4,71.5,64.0,64.0,96.9,96.9,63.3
91.6,106.6,71.6,63.7,63.7,97.1,97.1,64.2
91.6,104.6,68.9,65.9,65.9,95.3,95.3,63.1
89.3,103.1,71.4,66.6,66.6,93.8,93.8,62.3
91.3,103.1,68.8,67.7,67.7,93.4,93.4,61.0
91.0,102.8,70.1,69.5,69.5,91.9,91.9,61.4
91.0,101.8,69.1,68.7,68.7,91.7,91.7,61.1
90.3,102.7,70.1,69.2,69.2,91.9,91.9,61.7
88.6,103.6,73.9,67.8,67.8,92.1,92.1,61.0
79.8,98.0,73.1,67.9,67.9,92.1,92.1,61.1
79.0,182.8,72.8,68.0,68.0,91.7,91.7,60.7
88.2,86.0,71.7,67.6,67.6,92.2,92.2,60.8
101.7,92.0,73.0,66.1,66.1,91.9,91.9,60.2
102.2,92.3,72.4,66.5,66.5,91.0,91.0,59.3
104.3,97.5,73.0,66.5,66.5,90.0,90.0,59.8
100.5,95.8,69.3,70.7,70.7,89.2,89.2,60.3
101.6,94.0,69.5,70.1,70.1,90.9,90.9,61.6
103.6,101.2,70.0,69.4,69.4,92.4,92.4,62.2
103.5,98.5,73.2,66.4,66.4,94.9,94.9,63.2
101.9,94.8,72.9,66.7,66.7,94.1,94.1,64.1
102.9,100.5,74.1,63.7,63.7,96.2,96.2,64.6
99.6,96.0,74.1,63.9,63.9,96.1,96.1,65.3
98.4,96.8,73.7,63.6,63.6,96.8,96.8,65.5
98.7,95.2,73.8,67.9,67.9,93.5,93.5,64.3
99.8,99.4,73.9,68.1,68.1,94.0,94.0,63.4
101.6,96.8,73.9,68.2,68.2,94.1,94.1,63.7
101.6,96.4,74.2,67.9,67.9,92.4,92.4,65.4
98.0,98.7,74.4,64.4,64.4,94.3,94.3,65.2
101.7,99.8,73.8,64.9,64.9,94.7,94.7,65.8
101.7,97.9,73.0,65.3,65.3,95.8,95.8,65.3
100.4,96.4,69.6,64.2,64.2,95.8,95.8,65.3
98.4,99.6,72.4,63.3,63.3,95.7,95.7,65.3
96.9,103.2,72.8,64.4,64.4,94.1,94.1,65.1
96.5,101.3,72.6,65.4,65.4,94.5,94.5,64.9
95.0,102.2,75.4,66.1,66.1,95.4,95.4,63.1
95.6,101.7,73.0,65.9,65.9,96.0,96.0,62.6
89.9,102.6,76.2,63.9,63.9,96.6,96.6,62.0
91.8,103.7,74.4,63.8,63.8,96.4,96.4,61.7
93.1,101.9,71.1,66.0,66.0,97.1,97.1,61.6
92.0,101.3,74.9,63.2,63.2,97.2,97.2,61.4
93.7,98.4,71.9,66.3,66.3,97.0,97.0,60.9
92.2,100.5,71.2,66.0,66.0,96.5,96.5,61.8
89.9,99.6,70.0,65.2,65.2,95.7,95.7,64.3
91.6,96.5,70.3,63.1,63.1,95.8,95.8,63.6
92.9,96.3,72.9,63.6,63.6,96.9,96.9,63.4
94.1,95.9,72.8,66.4,66.4,94.0,94.0,63.7
94.2,97.5,71.6,65.8,65.8,94.0,94.0,63.6
94.4,98.3,72.2,65.8,65.8,94.7,94.7,62.8
90.7,103.3,72.7,65.0,65.0,95.2,95.2,62.6
91.5,107.6,73.4,65.8,65.8,93.3,93.3,62.9
83.4,94.1,72.5,66.4,66.4,93.0,93.0,62.0
83.8,85.8,70.0,65.6,65.6,93.7,93.7,62.1
90.7,102.3,75.8,61.9,61.9,95.9,95.9,60.8
102.5,100.9,72.3,65.9,65.9,91.9,91.9,59.6
104.7,97.4,73.0,62.4,62.4,94.8,94.8,60.0
103.6,96.1,72.7,64.6,64.6,94.0,94.0,60.3
108.4,91.0,74.2,65.2,65.2,94.5,94.5,60.5
108.1,98.5,70.8,66.2,66.2,92.5,92.5,61.2
105.3,98.8,70.9,67.4,67.4,92.3,92.3,62.1
106.1,98.6,73.3,64.0,64.0,96.0,96.0,62.5
107.4,102.1,74.6,63.2,63.2,94.2,94.2,61.9
105.4,99.3,74.2,63.6,63.6,93.1,93.1,62.8
109.0,96.4,74.0,63.7,63.7,93.2,93.2,62.3
108.7,101.2,74.7,64.7,64.7,91.1,91.1,62.3
108.2,96.7,73.9,64.9,64.9,92.0,92.0,62.1
106.5,98.2,74.6,64.5,64.5,92.4,92.4,62.0
105.2,98.5,74.8,63.9,63.9,92.2,92.2,61.8
106.6,100.2,74.3,64.0,64.0,91.8,91.8,62.3
107.0,98.3,74.2,63.9,63.9,92.5,92.5,62.9
103.4,101.9,75.7,63.7,63.7,92.1,92.1,62.4
101.5,98.6,74.6,62.6,62.6,91.7,91.7,60.9
98.8,99.8,74.3,62.8,62.8,90.3,90.3,61.0
103.8,97.7,74.1,63.1,63.1,89.5,89.5,61.6
101.8,98.2,74.0,63.5,63.5,90.7,90.7,62.7
99.7,101.1,73.7,63.6,63.6,90.7,90.7,62.6
104.0,97.7,73.4,63.4,63.4,90.4,90.4,62.3
98.3,101.6,73.9,62.0,62.0,90.2,90.2,61.7
98.1,98.3,73.0,61.7,61.7,89.6,89.6,61.7
96.5,101.5,73.7,62.5,62.5,88.3,88.3,62.1
95.7,101.8,74.4,62.2,62.2,89.8,89.8,60.8
93.9,100.9,73.5,62.2,62.2,88.6,88.6,62.3
93.6,101.8,75.1,62.3,62.3,88.4,88.4,62.8
92.5,102.2,76.7,61.7,61.7,88.6,88.6,63.2
92.3,99.5,74.5,61.3,61.3,89.9,89.9,63.0
93.1,99.3,74.6,61.3,61.3,88.7,88.7,62.9
93.2,97.1,76.7,60.9,60.9,88.4,88.4,63.1
93.6,96.6,74.4,60.3,60.3,88.6,88.6,63.2
94.9,96.8,74.8,59.7,59.7,87.6,87.6,63.6
96.5,97.8,76.4,60.0,60.0,87.7,87.7,63.4
99.3,101.0,76.5,59.4,59.4,87.1,87.1,63.4
88.4,108.2,76.9,59.8,59.8,86.3,86.3,61.7
83.1,83.9,75.8,60.8,60.8,86.1,86.1,60.6
84.2,79.8,75.3,62.1,62.1,86.3,86.3,58.7
91.6,67.5,75.4,62.2,62.2,87.4,87.4,58.6
101.4,78.9,75.6,61.3,61.3,89.2,89.2,59.9
98.0,90.4,74.3,61.5,61.5,90.4,90.4,60.5
98.4,79.7,74.2,62.0,62.0,89.3,89.3,62.3
102.7,74.0,73.6,60.7,60.7,90.7,90.7,62.1
102.2,76.3,72.4,61.4,61.4,90.8,90.8,62.9
100.8,73.1,73.2,60.9,60.9,90.5,90.5,63.4
98.8,67.0,71.4,61.0,61.0,91.0,91.0,64.0
102.3,68.3,72.0,61.4,61.4,90.3,90.3,64.6
99.7,69.2,71.5,62.2,62.2,90.7,90.7,65.2
98.3,67.8,71.2,61.5,61.5,91.5,91.5,64.4
94.1,66.8,72.1,60.3,60.3,95.0,95.0,62.7
93.5,62.5,74.1,59.6,59.6,94.6,94.6,63.1
88.8,63.9,72.9,60.8,60.8,93.0,93.0,63.4
86.1,68.6,72.9,60.9,60.9,92.2,92.2,63.1
87.0,80.5,73.5,61.4,61.4,92.5,92.5,63.2
96.7,81.3,72.6,61.8,61.8,91.9,91.9,63.5
99.3,82.7,72.5,61.7,61.7,92.3,92.3,63.1
97.8,86.7,72.4,61.7,61.7,92.4,92.4,62.4
98.5,82.2,73.4,61.3,61.3,92.2,92.2,62.1
96.5,79.6,74.1,60.4,60.4,92.7,92.7,61.4
96.6,78.0,74.7,59.9,59.9,92.7,92.7,60.1
97.2,77.1,75.0,62.0,62.0,91.2,91.2,60.3
98.1,78.2,76.2,61.4,61.4,90.5,90.5,61.1
99.5,83.9,75.7,61.7,61.7,90.3,90.3,63.5
105.1,82.2,71.6,60.5,60.5,92.7,92.7,62.1
105.9,80.6,72.0,59.5,59.5,92.5,92.5,62.5
106.6,89.9,71.4,59.7,59.7,90.8,90.8,63.4
107.8,86.8,71.6,60.0,60.0,90.8,90.8,63.2
106.9,84.0,72.1,61.4,61.4,88.3,88.3,61.3
105.9,87.1,73.3,61.3,61.3,88.7,88.7,60.5
106.3,90.7,74.2,62.2,62.2,90.1,90.1,61.5
103.9,89.4,74.6,61.8,61.8,90.3,90.3,61.4
105.5,90.3,71.6,61.6,61.6,90.4,90.4,60.9
105.4,90.1,71.7,61.9,61.9,89.7,89.7,61.3
102.7,87.6,73.8,61.3,61.3,89.3,89.3,61.3
104.3,89.4,74.8,61.9,61.9,88.8,88.8,60.1
100.3,93.7,75.5,61.4,61.4,89.6,89.6,60.7
99.6,90.8,74.4,62.0,62.0,91.0,91.0,59.6
101.2,90.9,74.8,62.9,62.9,90.9,90.9,60.7
100.3,95.9,75.5,62.7,62.7,91.6,91.6,59.2
99.2,93.6,74.6,63.1,63.1,92.1,92.1,58.9
97.9,92.8,76.3,61.5,61.5,92.2,92.2,58.3
99.4,97.7,76.2,61.8,61.8,92.3,92.3,58.3
97.7,95.8,73.9,61.8,61.8,92.1,92.1,58.4
97.0,95.7,74.1,62.0,62.0,92.1,92.1,58.2
97.3,98.1,74.1,62.6,62.6,91.8,91.8,58.1
98.3,96.4,74.7,62.7,62.7,92.5,92.5,57.7
96.9,96.2,73.9,63.1,63.1,92.3,92.3,57.8
96.5,96.9,74.6,61.9,61.9,92.7,92.7,57.9
97.5,97.8,74.6,63.3,63.3,92.3,92.3,59.2
97.5,98.7,73.6,64.0,64.0,92.5,92.5,59.4
94.9,97.4,73.6,63.2,63.2,92.1,92.1,58.5
94.1,98.6,73.6,63.2,63.2,92.5,92.5,58.5
95.5,98.8,73.1,63.8,63.8,91.4,91.4,58.8
94.5,100.0,73.7,62.2,62.2,92.2,92.2,59.9
93.9,98.7,72.5,63.5,63.5,91.5,91.5,59.7
93.5,97.3,72.7,64.2,64.2,91.5,91.5,58.2
91.2,99.7,73.8,61.0,61.0,94.3,94.3,58.8
93.1,98.9,72.8,61.6,61.6,93.6,93.6,59.5
90.6,99.0,71.8,61.2,61.2,94.5,94.5,59.6
89.3,101.4,71.8,61.4,61.4,93.0,93.0,61.1
88.1,102.4,72.3,61.1,61.1,93.3,93.3,59.8
90.5,98.9,72.7,63.0,63.0,91.3,91.3,61.0
91.9,100.6,73.7,62.1,62.1,92.3,92.3,59.9
93.4,100.7,74.1,62.3,62.3,90.5,90.5,64.0
95.0,99.5,74.6,62.8,62.8,91.1,91.1,63.2
95.9,98.6,72.3,62.7,62.7,90.6,90.6,62.4
95.8,98.4,75.9,62.7,62.7,89.6,89.6,62.3
95.5,100.0,75.7,62.9,62.9,90.3,90.3,60.1
95.0,100.0,76.9,61.9,61.9,89.9,89.9,58.2
99.9,95.9,76.5,61.4,61.4,89.7,89.7,58.0
88.1,109.1,76.7,62.1,62.1,88.8,88.8,57.6
86.2,71.1,72.8,63.1,63.1,88.7,88.7,56.6
79.6,73.6,71.7,62.9,62.9,88.8,88.8,57.1
91.8,86.7,75.6,63.0,63.0,88.6,88.6,56.6
98.9,85.2,75.4,62.4,62.4,89.3,89.3,57.1
99.2,87.0,75.4,62.6,62.6,88.5,88.5,58.1
99.9,88.8,75.1,62.8,62.8,89.1,89.1,58.2
100.8,90.7,76.0,62.5,62.5,90.6,90.6,58.5
103.3,89.4,75.4,62.8,62.8,91.6,91.6,59.6
102.3,95.0,74.1,62.9,62.9,90.6,90.6,59.6
103.8,93.5,74.0,61.4,61.4,91.2,91.2,59.9
105.3,91.8,72.1,62.0,62.0,93.0,93.0,60.3
103.7,97.5,76.2,61.1,61.1,92.2,92.2,60.4
101.6,93.4,75.1,62.9,62.9,90.3,90.3,60.5
100.3,93.4,73.3,63.7,63.7,90.9,90.9,60.5
100.2,91.4,72.9,63.4,63.4,90.5,90.5,60.6
96.6,97.3,73.1,63.4,63.4,89.5,89.5,61.1
95.9,98.9,74.4,62.8,62.8,91.0,91.0,60.7
98.9,96.4,74.6,62.5,62.5,91.4,91.4,60.7
96.6,99.5,76.6,61.4,61.4,90.0,90.0,59.9
95.5,98.3,75.1,62.2,62.2,89.3,89.3,61.4
87.7,101.2,75.3,62.2,62.2,90.9,90.9,61.0
92.4,95.9,74.4,62.9,62.9,90.8,90.8,61.9
94.1,96.4,75.0,63.4,63.4,89.8,89.8,62.2
93.4,93.9,74.8,63.7,63.7,89.7,89.7,62.8
93.8,95.0,74.6,63.5,63.5,89.2,89.2,62.6
93.1,95.4,73.9,63.1,63.1,89.3,89.3,62.6
94.2,93.9,74.0,61.2,61.2,90.3,90.3,62.1
92.9,94.4,73.2,62.8,62.8,90.2,90.2,58.8
86.5,91.3,73.3,63.8,63.8,90.0,90.0,58.4
87.4,72.2,72.3,62.7,62.7,91.2,91.2,57.4
87.1,76.9,72.8,62.1,62.1,90.8,90.8,56.6
91.3,91.3,72.5,62.6,62.6,91.0,91.0,56.8
110.7,86.7,72.5,62.5,62.5,91.3,91.3,56.7
108.5,88.4,71.9,61.9,61.9,91.1,91.1,58.2
104.7,79.9,71.1,62.1,62.1,92.4,92.4,58.7
102.5,79.2,71.0,62.7,62.7,92.1,92.1,58.7
105.2,75.4,71.1,62.9,62.9,92.2,92.2,59.6
103.2,71.6,71.5,62.0,62.0,93.8,93.8,59.1
103.4,77.6,71.3,60.8,60.8,94.5,94.5,59.0
94.6,90.1,71.6,61.0,61.0,95.8,95.8,58.3
93.3,95.2,71.5,60.8,60.8,95.5,95.5,58.7
95.2,93.8,71.3,60.5,60.5,94.2,94.2,58.6
91.0,96.1,72.0,60.6,60.6,92.9,92.9,57.9
92.0,90.7,72.1,62.0,62.0,90.2,90.2,58.0
91.7,95.2,72.9,63.0,63.0,88.8,88.8,57.8
99.3,100.1,73.4,62.5,62.5,89.6,89.6,57.7
97.6,100.7,73.3,62.5,62.5,90.3,90.3,57.7
97.3,101.5,73.4,62.1,62.1,90.7,90.7,57.5
99.2,102.3,74.0,62.2,62.2,90.8,90.8,59.5
100.0,101.5,73.2,62.6,62.6,91.8,91.8,60.8
100.4,102.7,71.3,63.1,63.1,92.1,92.1,60.7
101.7,101.8,71.8,62.6,62.6,92.0,92.0,57.3
98.7,100.2,72.4,63.2,63.2,90.6,90.6,57.4
92.6,100.8,73.6,63.5,63.5,90.8,90.8,58.1
91.5,100.7,75.3,63.6,63.6,88.8,88.8,61.9
92.6,100.3,74.3,63.2,63.2,89.3,89.3,62.7
91.2,102.6,75.4,64.0,64.0,90.3,90.3,62.6
91.1,98.7,75.1,63.7,63.7,90.1,90.1,62.6
93.4,98.1,74.5,62.8,62.8,91.4,91.4,63.0
93.4,98.0,75.8,63.2,63.2,89.9,89.9,61.3
93.0,98.4,75.7,63.1,63.1,88.8,88.8,61.2
94.9,98.3,74.7,63.4,63.4,89.2,89.2,59.7
96.9,95.9,75.2,63.3,63.3,89.1,89.1,58.8
97.2,96.5,74.9,63.0,63.0,89.3,89.3,58.3
95.7,97.5,74.9,62.9,62.9,89.2,89.2,59.5
96.1,97.3,74.6,62.2,62.2,88.7,88.7,60.4
96.1,97.8,73.7,60.8,60.8,91.4,91.4,62.1
95.7,99.8,72.9,61.2,61.2,92.2,92.2,62.1
95.6,102.0,72.2,61.4,61.4,91.2,91.2,61.9
88.4,106.1,72.0,61.1,61.1,92.3,92.3,60.9
83.4,80.8,71.5,63.5,63.5,91.1,91.1,58.9
81.8,85.9,72.8,64.0,64.0,90.3,90.3,58.9
87.2,83.8,73.4,63.0,63.0,89.2,89.2,61.4
102.1,87.6,73.2,62.5,62.5,90.9,90.9,61.4
104.6,87.8,73.4,62.6,62.6,92.0,92.0,60.7
104.4,90.6,73.2,62.0,62.0,92.3,92.3,61.9
103.1,95.4,73.0,61.7,61.7,94.0,94.0,61.6
99.5,93.2,73.3,62.2,62.2,93.1,93.1,61.9
104.7,91.6,73.8,62.5,62.5,92.8,92.8,62.3
103.6,96.8,74.1,62.0,62.0,91.7,91.7,63.1
104.3,98.0,73.7,62.8,62.8,91.9,91.9,63.6
102.2,96.1,73.6,63.3,63.3,91.7,91.7,63.1
107.7,96.1,73.7,63.5,63.5,90.6,90.6,61.6
103.9,95.4,73.4,64.1,64.1,91.8,91.8,61.0
103.4,95.6,72.8,63.2,63.2,91.8,91.8,61.6
104.8,101.3,73.0,63.8,63.8,90.2,90.2,61.2
103.2,97.9,73.4,63.2,63.2,90.9,90.9,61.5
103.7,97.9,72.7,63.1,63.1,91.6,91.6,61.2
102.4,98.8,74.0,63.1,63.1,91.7,91.7,62.9
100.4,97.5,73.4,63.1,63.1,91.9,91.9,62.6
98.0,97.4,72.8,62.8,62.8,91.7,91.7,61.4
100.0,100.5,73.1,62.9,62.9,91.1,91.1,60.7
98.6,99.4,72.8,63.5,63.5,91.4,91.4,62.6
97.8,98.5,72.9,63.3,63.3,91.6,91.6,60.5
98.7,100.4,73.8,62.9,62.9,91.2,91.2,60.8
97.8,98.9,74.2,62.7,62.7,90.6,90.6,60.7
97.7,101.1,73.5,63.1,63.1,89.6,89.6,60.9
98.1,97.9,74.0,62.9,62.9,89.9,89.9,60.6
96.0,102.4,73.4,63.4,63.4,89.8,89.8,60.4
96.1,102.8,73.9,64.5,64.5,89.7,89.7,59.9
96.4,100.7,73.7,63.7,63.7,90.6,90.6,60.2
96.1,101.7,72.8,64.2,64.2,91.2,91.2,60.2
94.8,97.5,73.1,64.5,64.5,91.3,91.3,59.8
96.9,102.5,73.3,64.4,64.4,91.0,91.0,60.2
90.3,108.5,73.6,63.4,63.4,90.8,90.8,60.2
91.4,108.7,71.4,63.4,63.4,91.2,91.2,60.2
87.3,108.3,73.6,60.6,60.6,92.2,92.2,60.5
87.4,108.0,70.3,62.2,62.2,91.6,91.6,60.9
87.9,103.1,70.5,61.9,61.9,91.8,91.8,60.8
87.3,106.6,70.9,62.3,62.3,91.1,91.1,60.8
88.1,105.7,71.9,62.2,62.2,91.5,91.5,60.5
90.9,103.7,72.3,64.4,64.4,89.3,89.3,59.1
91.1,106.4,73.2,62.2,62.2,92.5,92.5,59.2
91.2,105.8,73.5,63.4,63.4,90.8,90.8,62.4
87.7,109.8,71.1,64.1,64.1,89.5,89.5,62.1
80.0,110.1,70.3,64.2,64.2,90.7,90.7,62.1
80.0,84.5,71.4,63.1,63.1,90.8,90.8,61.3
80.4,78.7,71.6,62.8,62.8,91.6,91.6,61.4
95.0,90.4,71.3,63.8,63.8,91.5,91.5,57.6
101.6,83.4,70.4,63.0,63.0,91.3,91.3,58.3
98.6,86.5,70.2,63.3,63.3,90.1,90.1,58.2
103.5,78.7,71.0,62.8,62.8,92.3,92.3,57.8
104.3,79.5,71.9,63.7,63.7,91.1,91.1,59.7
104.6,95.3,75.1,62.1,62.1,92.2,92.2,60.5
103.2,104.2,68.8,63.4,63.4,95.6,95.6,62.4
105.9,106.9,74.2,60.9,60.9,95.2,95.2,61.3
106.4,103.4,72.2,61.5,61.5,96.8,96.8,60.4
106.7,109.0,70.9,63.2,63.2,93.0,93.0,61.5
105.4,107.3,71.1,62.4,62.4,92.2,92.2,61.8
105.5,105.1,71.6,62.5,62.5,92.1,92.1,60.1
103.4,102.6,75.5,62.9,62.9,90.9,90.9,60.7
105.4,104.4,70.6,67.3,67.3,89.4,89.4,61.9
102.4,104.2,73.9,64.9,64.9,91.7,91.7,61.1
105.6,104.7,71.9,66.9,66.9,91.1,91.1,60.8
102.8,102.3,73.5,67.5,67.5,90.5,90.5,60.2
102.1,104.0,70.7,67.4,67.4,90.2,90.2,60.2
103.4,107.0,73.4,62.8,62.8,93.5,93.5,61.2
102.0,105.4,73.1,63.5,63.5,92.6,92.6,61.0
101.5,105.6,69.4,63.4,63.4,91.5,91.5,60.9
102.3,104.8,73.4,64.5,64.5,89.8,89.8,61.0
100.1,102.3,72.9,63.5,63.5,91.0,91.0,59.6
102.0,109.7,73.0,63.7,63.7,91.4,91.4,59.4
99.3,105.3,73.8,64.0,64.0,90.7,90.7,59.7
99.5,103.5,73.4,64.2,64.2,90.5,90.5,59.7
99.0,105.9,72.0,64.0,64.0,91.2,91.2,59.3
100.5,102.1,71.1,61.7,61.7,95.4,95.4,60.1
97.9,100.0,71.0,61.5,61.5,95.5,95.5,60.8
101.1,98.6,70.2,62.0,62.0,94.0,94.0,62.9
100.1,99.9,70.0,61.7,61.7,95.0,95.0,61.4
99.6,98.2,70.8,61.8,61.8,94.2,94.2,61.0
96.9,100.0,70.8,64.1,64.1,91.4,91.4,60.2
96.1,98.4,72.5,62.3,62.3,91.2,91.2,60.9
99.9,100.2,73.6,64.2,64.2,89.9,89.9,61.4
99.4,99.3,72.3,64.3,64.3,91.4,91.4,61.9
95.6,97.5,70.3,64.2,64.2,91.2,91.2,63.2
94.4,100.6,70.8,63.1,63.1,91.4,91.4,61.0
93.0,103.1,71.8,63.3,63.3,90.9,90.9,62.0
90.7,100.4,71.5,63.5,63.5,89.9,89.9,61.9
92.2,102.8,74.2,63.5,63.5,90.7,90.7,62.2
92.0,103.5,75.4,63.5,63.5,91.0,91.0,61.1
93.3,101.4,74.7,63.6,63.6,90.9,90.9,60.9
90.6,102.3,74.2,63.8,63.8,91.2,91.2,61.0
91.2,98.7,74.4,62.7,62.7,91.5,91.5,60.6
92.9,98.8,74.4,61.8,61.8,92.1,92.1,61.1
94.7,98.2,75.0,61.9,61.9,91.1,91.1,60.3
90.6,103.5,73.9,62.9,62.9,92.7,92.7,59.3
90.9,104.9,72.9,60.3,60.3,96.8,96.8,58.6
91.6,106.2,72.9,61.6,61.6,94.7,94.7,61.2
91.2,108.4,73.0,63.6,63.6,91.1,91.1,60.6
88.8,114.8,72.3,63.7,63.7,89.2,89.2,58.6
82.7,100.7,72.7,62.8,62.8,88.5,88.5,58.2
78.9,87.5,72.4,63.3,63.3,87.1,87.1,57.7
82.3,92.2,71.9,63.2,63.2,88.6,88.6,53.9
80.5,96.9,72.6,63.1,63.1,89.5,89.5,53.9
85.0,102.0,69.9,64.2,64.2,89.1,89.1,57.4
99.9,101.2,71.1,64.4,64.4,89.2,89.2,58.6
108.9,89.0,71.8,63.5,63.5,90.6,90.6,58.6
104.3,99.5,74.1,63.1,63.1,91.3,91.3,58.2
108.1,93.4,70.9,63.7,63.7,92.1,92.1,57.4
103.4,94.4,73.7,63.1,63.1,92.1,92.1,57.7
102.0,94.7,73.1,63.7,63.7,92.0,92.0,56.1
98.4,94.7,70.2,62.7,62.7,93.4,93.4,56.7
96.4,95.6,72.3,65.4,65.4,92.2,92.2,55.6
98.3,101.6,72.6,63.4,63.4,93.8,93.8,56.4
95.7,103.3,73.4,65.1,65.1,91.8,91.8,56.4
94.2,103.4,72.9,63.6,63.6,93.6,93.6,56.3
91.5,101.6,73.2,63.6,63.6,91.3,91.3,57.4
91.1,100.7,73.1,64.1,64.1,91.6,91.6,57.5
89.4,99.1,73.1,61.0,61.0,93.4,93.4,57.8
90.8,97.2,72.9,60.7,60.7,96.0,96.0,56.9
92.4,96.8,72.9,63.1,63.1,92.8,92.8,56.5
93.0,95.8,73.2,62.9,62.9,93.9,93.9,58.3
94.6,94.2,73.7,62.8,62.8,94.1,94.1,58.1
94.9,94.9,73.5,62.8,62.8,94.6,94.6,58.9
95.6,94.0,73.6,59.4,59.4,97.5,97.5,59.2
94.1,96.9,73.7,62.8,62.8,93.8,93.8,59.1
84.0,106.7,73.6,62.5,62.5,94.7,94.7,58.3
81.2,99.8,73.9,62.4,62.4,93.7,93.7,61.8
79.6,77.3,73.6,63.4,63.4,93.5,93.5,62.7
82.8,84.9,73.6,63.0,63.0,93.6,93.6,63.0
91.9,87.0,73.7,63.4,63.4,93.6,93.6,63.0
100.3,92.4,73.7,63.7,63.7,93.7,93.7,61.2
106.1,96.1,74.1,63.2,63.2,94.1,94.1,61.3
102.1,98.3,73.7,63.1,63.1,93.5,93.5,60.4
102.5,99.6,73.9,63.2,63.2,93.1,93.1,60.6
100.3,97.0,73.8,63.6,63.6,92.7,92.7,60.3
105.6,95.2,70.9,62.2,62.2,92.1,92.1,60.3
102.7,99.6,74.4,62.0,62.0,91.6,91.6,60.5
103.1,97.2,70.5,62.6,62.6,91.5,91.5,61.3
101.4,97.1,73.6,62.4,62.4,93.8,93.8,58.7
101.8,97.9,73.8,62.5,62.5,92.8,92.8,59.2
100.0,95.7,74.1,62.1,62.1,91.8,91.8,58.7
99.1,99.5,73.8,62.1,62.1,91.2,91.2,59.6
100.2,96.6,74.0,61.8,61.8,91.0,91.0,58.0
97.1,97.5,74.2,62.8,62.8,90.4,90.4,58.2
98.2,99.9,74.0,62.6,62.6,89.9,89.9,57.5
96.9,97.1,74.6,63.0,63.0,90.1,90.1,58.0
96.5,97.3,72.5,62.9,62.9,91.0,91.0,57.9
101.3,94.0,72.9,63.3,63.3,92.3,92.3,57.8
98.1,100.2,73.6,62.9,62.9,92.0,92.0,58.3
99.1,99.6,73.8,61.7,61.7,93.7,93.7,58.0
98.6,95.4,73.8,61.7,61.7,93.1,93.1,58.0
99.6,93.5,73.2,62.6,62.6,91.4,91.4,58.2
97.0,94.9,72.7,62.5,62.5,92.9,92.9,58.2
99.0,94.2,71.0,61.7,61.7,92.2,92.2,58.8
95.0,97.3,70.8,61.8,61.8,91.7,91.7,59.6
95.0,100.7,72.8,61.9,61.9,92.1,92.1,58.3
93.4,97.8,73.3,61.6,61.6,89.9,89.9,59.3
93.8,96.3,73.6,61.4,61.4,90.3,90.3,60.5
94.4,93.6,73.6,61.3,61.3,92.0,92.0,59.6
93.4,95.9,73.5,61.6,61.6,91.7,91.7,61.1
93.1,94.3,74.3,61.3,61.3,91.5,91.5,61.1
93.6,93.4,74.6,62.0,62.0,91.0,91.0,61.0
96.0,92.1,74.4,61.6,61.6,89.8,89.8,61.8
95.0,91.0,73.8,61.1,61.1,91.2,91.2,59.9
96.0,91.9,73.7,61.3,61.3,89.6,89.6,61.0
95.7,92.3,73.7,60.9,60.9,90.7,90.7,59.5
94.1,96.2,74.5,60.5,60.5,90.9,90.9,59.8
90.5,103.6,72.2,60.9,60.9,90.9,90.9,59.1
89.9,106.7,73.4,61.4,61.4,91.2,91.2,58.6
92.4,108.9,72.6,61.8,61.8,91.0,91.0,59.3
86.6,102.7,72.4,63.0,63.0,91.2,91.2,57.2
83.0,84.8,72.1,62.7,62.7,92.1,92.1,56.9
89.0,77.0,75.4,61.8,61.8,92.6,92.6,56.0
99.3,88.7,74.7,62.9,62.9,92.4,92.4,56.5
107.1,91.2,73.3,63.4,63.4,92.2,92.2,55.7
107.3,98.4,73.6,63.4,63.4,91.7,91.7,56.5
108.0,96.0,74.4,62.8,62.8,92.6,92.6,57.1
106.9,93.3,74.3,62.7,62.7,92.1,92.1,58.4
108.3,99.7,74.8,62.9,62.9,92.5,92.5,58.6
103.2,99.4,74.0,62.5,62.5,92.2,92.2,59.4
102.8,95.0,74.6,62.9,62.9,92.4,92.4,59.3
105.7,98.5,74.6,62.7,62.7,92.7,92.7,58.6
102.1,98.5,74.8,63.5,63.5,92.5,92.5,58.9
100.1,94.0,73.6,62.8,62.8,93.5,93.5,59.2
99.1,98.5,74.6,62.7,62.7,93.5,93.5,58.9
98.4,98.2,74.5,63.2,63.2,93.6,93.6,59.2
96.5,98.7,74.5,63.7,63.7,93.9,93.9,59.3
97.2,102.6,73.6,63.4,63.4,94.1,94.1,59.2
97.2,97.7,74.0,64.4,64.4,93.9,93.9,58.8
95.9,98.1,73.0,64.5,64.5,94.5,94.5,59.6
96.4,97.2,73.3,64.6,64.6,93.8,93.8,59.7
98.2,98.2,72.2,64.4,64.4,93.8,93.8,59.5
95.9,99.8,71.6,63.9,63.9,93.7,93.7,60.1
96.2,96.6,71.8,63.9,63.9,92.4,92.4,60.0
96.8,97.8,72.6,63.5,63.5,93.7,93.7,58.8
97.0,97.6,72.3,63.8,63.8,92.5,92.5,59.2
92.8,99.2,72.8,63.4,63.4,93.1,93.1,58.8
92.3,101.0,72.7,63.6,63.6,91.8,91.8,59.4
89.8,101.0,70.5,64.3,64.3,91.6,91.6,58.9
88.0,103.8,70.2,64.4,64.4,92.1,92.1,59.0
86.6,105.6,69.6,61.6,61.6,95.3,95.3,60.1
87.7,104.9,70.6,61.6,61.6,95.3,95.3,60.2
91.3,102.2,69.9,65.0,65.0,93.2,93.2,60.4
94.3,99.7,70.4,61.5,61.5,95.0,95.0,59.9
96.1,98.5,70.8,64.4,64.4,93.2,93.2,60.1
95.3,99.4,70.7,61.5,61.5,94.2,94.2,60.1
95.5,101.3,71.2,64.2,64.2,89.4,89.4,58.2
98.4,96.0,71.8,63.4,63.4,90.9,90.9,58.4
98.2,100.0,71.9,64.1,64.1,90.8,90.8,58.9
93.8,105.8,71.6,64.8,64.8,90.2,90.2,59.9
87.0,114.4,69.0,68.9,68.9,87.4,87.4,60.2
81.5,99.1,69.7,66.2,66.2,90.8,90.8,59.6
76.5,88.3,72.5,63.5,63.5,93.3,93.3,59.1
82.4,88.2,72.4,65.6,65.6,92.5,92.5,58.8
91.1,98.0,72.2,65.7,65.7,93.5,93.5,58.7
99.4,92.4,71.5,66.2,66.2,93.0,93.0,59.2
108.0,89.4,69.9,64.5,64.5,94.6,94.6,59.1
105.6,96.4,71.4,69.7,69.7,90.4,90.4,59.8
107.4,94.6,71.9,66.8,66.8,92.0,92.0,60.8
105.1,92.4,71.5,65.9,65.9,92.6,92.6,60.7
107.3,90.5,72.4,65.2,65.2,93.4,93.4,60.5
105.5,93.6,72.4,64.0,64.0,94.2,94.2,61.4
106.4,93.3,70.3,64.1,64.1,95.2,95.2,61.4
102.9,94.7,71.4,64.9,64.9,94.2,94.2,62.1
101.8,95.4,72.9,64.1,64.1,94.5,94.5,61.4
95.3,101.6,73.1,64.8,64.8,94.2,94.2,60.8
95.3,95.3,72.2,65.7,65.7,93.6,93.6,60.2
94.4,97.5,72.8,65.5,65.5,92.3,92.3,60.9
95.3,98.5,72.7,64.5,64.5,93.7,93.7,60.5
96.0,96.8,72.6,65.0,65.0,95.3,95.3,62.1
95.1,98.4,72.1,64.6,64.6,95.6,95.6,62.0
94.6,97.2,72.7,64.9,64.9,94.5,94.5,60.7
95.6,92.6,72.5,65.0,65.0,92.8,92.8,60.3
93.5,94.7,72.3,65.0,65.0,93.0,93.0,60.2
91.8,91.1,72.3,64.6,64.6,92.4,92.4,60.6
94.4,89.7,72.0,63.8,63.8,93.7,93.7,61.2
96.6,87.0,72.4,63.5,63.5,94.8,94.8,60.5
96.6,86.9,73.5,64.9,64.9,92.6,92.6,60.8
95.3,88.7,74.2,65.3,65.3,92.0,92.0,60.0
93.6,91.7,74.6,65.0,65.0,91.9,91.9,60.0
94.6,93.0,75.1,64.1,64.1,92.2,92.2,59.6
86.9,106.0,74.5,65.1,65.1,91.4,91.4,60.1
81.8,96.2,74.7,64.1,64.1,92.7,92.7,60.2
78.6,79.8,74.1,63.3,63.3,93.1,93.1,60.4
86.9,82.4,74.8,59.2,59.2,97.0,97.0,60.2
97.6,107.9,75.6,64.9,64.9,92.0,92.0,59.7
105.7,97.8,75.7,64.9,64.9,92.3,92.3,59.5
106.2,95.5,76.2,64.9,64.9,91.7,91.7,58.8
107.7,93.1,75.7,64.9,64.9,91.4,91.4,59.0
107.7,98.1,75.0,64.8,64.8,92.2,92.2,59.6
106.9,95.2,75.0,62.7,62.7,94.0,94.0,59.9
104.6,99.7,76.1,64.7,64.7,92.6,92.6,58.7
104.5,94.9,74.9,62.8,62.8,94.1,94.1,59.4
105.6,98.6,75.1,62.8,62.8,93.4,93.4,59.6
107.8,97.4,75.5,62.7,62.7,93.6,93.6,60.0
105.3,95.8,75.6,62.4,62.4,94.0,94.0,60.8
103.8,95.1,76.0,63.9,63.9,91.8,91.8,59.5
99.8,94.9,75.5,63.2,63.2,92.8,92.8,59.9
103.5,91.4,74.6,63.2,63.2,93.7,93.7,60.4
102.0,95.6,74.5,63.1,63.1,94.0,94.0,60.9
100.3,93.6,74.5,62.5,62.5,94.8,94.8,61.7
98.1,91.6,74.0,62.9,62.9,94.5,94.5,60.4
97.7,95.6,73.9,63.7,63.7,92.4,92.4,60.9
95.7,97.4,74.6,63.5,63.5,92.7,92.7,60.6
97.9,96.5,74.1,63.6,63.6,92.4,92.4,61.2
95.9,96.5,73.5,59.1,59.1,97.9,97.9,61.6
93.8,97.4,73.7,64.0,64.0,94.4,94.4,60.1
93.4,93.9,73.9,64.2,64.2,92.9,92.9,59.8
89.9,92.9,74.5,64.1,64.1,91.3,91.3,61.4
90.3,92.4,73.4,64.4,64.4,92.1,92.1,60.8
91.0,91.9,74.3,63.5,63.5,91.9,91.9,60.5
94.2,90.7,74.4,62.3,62.3,93.3,93.3,60.3
93.7,91.7,73.7,59.6,59.6,96.7,96.7,60.2
95.3,93.2,73.4,59.5,59.5,96.9,96.9,60.7
95.4,97.6,74.0,59.5,59.5,95.9,95.9,60.7
93.5,102.7,74.6,58.5,58.5,96.8,96.8,60.7
87.6,108.4,74.7,57.9,57.9,97.3,97.3,59.5
82.4,78.2,74.5,57.9,57.9,98.0,98.0,59.1
81.7,74.0,75.2,63.0,63.0,92.0,92.0,58.9
86.1,77.8,74.3,63.1,63.1,92.2,92.2,57.8
97.2,78.9,74.5,62.8,62.8,92.5,92.5,57.5
102.7,90.8,75.0,61.9,61.9,94.9,94.9,57.0
98.7,93.9,74.5,63.1,63.1,92.5,92.5,57.3
98.5,88.5,75.0,62.0,62.0,94.3,94.3,57.7
101.3,83.1,75.4,63.0,63.0,91.8,91.8,60.3
101.0,92.6,75.1,62.2,62.2,92.3,92.3,62.4
100.3,98.7,74.8,62.2,62.2,92.3,92.3,63.8
100.4,98.5,74.1,62.7,62.7,92.1,92.1,59.5
101.0,100.4,74.0,62.4,62.4,93.0,93.0,58.7
99.8,98.4,76.4,61.4,61.4,91.6,91.6,57.9
100.1,98.6,73.5,62.3,62.3,92.5,92.5,57.6
101.7,97.5,74.1,61.9,61.9,94.3,94.3,57.0
99.2,97.6,73.6,61.9,61.9,93.4,93.4,58.3
100.1,100.1,74.2,62.0,62.0,92.5,92.5,60.9
100.4,97.2,73.9,62.8,62.8,92.4,92.4,60.9
98.6,96.4,73.2,62.0,62.0,92.6,92.6,60.8
97.2,97.4,73.2,61.9,61.9,92.0,92.0,61.0
98.8,98.5,72.8,62.4,62.4,93.1,93.1,61.2
96.1,95.8,72.4,62.0,62.0,92.8,92.8,61.8
94.8,95.5,73.3,62.7,62.7,92.4,92.4,60.5
95.8,96.8,73.9,62.3,62.3,91.8,91.8,58.7
94.8,97.9,73.8,62.3,62.3,91.9,91.9,58.8
94.0,97.7,73.7,62.1,62.1,92.2,92.2,58.8
92.5,97.6,74.7,61.3,61.3,92.7,92.7,59.0
93.2,101.6,74.7,60.6,60.6,92.5,92.5,58.3
92.6,99.9,74.2,61.7,61.7,92.4,92.4,59.3
92.1,102.6,73.7,62.2,62.2,91.9,91.9,59.2
91.9,104.9,72.8,62.5,62.5,90.5,90.5,58.1
91.7,101.0,73.5,62.6,62.6,90.5,90.5,58.3
91.3,100.2,73.4,62.5,62.5,90.3,90.3,58.8
95.0,101.8,75.1,59.8,59.8,92.7,92.7,59.4
92.6,104.4,72.4,61.9,61.9,92.4,92.4,60.7
92.6,101.2,74.2,59.9,59.9,94.5,94.5,59.4
89.8,101.8,74.7,62.4,62.4,91.2,91.2,59.0
91.2,102.5,72.9,63.4,63.4,91.6,91.6,58.3
92.6,103.0,73.7,63.1,63.1,91.6,91.6,60.7
90.1,103.1,74.1,63.5,63.5,90.5,90.5,63.2
90.4,102.0,70.4,64.6,64.6,90.1,90.1,62.2
92.3,100.6,74.9,62.9,62.9,88.8,88.8,61.7
92.0,100.8,71.6,64.3,64.3,89.9,89.9,61.9
91.3,103.4,71.7,64.7,64.7,90.0,90.0,60.7
98.2,99.9,71.3,64.8,64.8,90.2,90.2,60.8
102.9,96.7,70.4,65.1,65.1,91.5,91.5,61.1
94.9,98.2,72.7,65.0,65.0,92.4,92.4,58.0
85.8,97.6,74.1,64.9,64.9,91.6,91.6,58.7
91.7,84.5,73.9,64.7,64.7,92.1,92.1,58.7
100.4,74.1,75.1,64.9,64.9,91.7,91.7,58.3
106.9,75.5,75.6,64.5,64.5,91.5,91.5,58.3
103.0,82.6,75.9,63.9,63.9,91.7,91.7,58.0
104.3,78.7,74.2,63.4,63.4,91.4,91.4,58.8
109.2,76.3,75.0,64.3,64.3,90.8,90.8,58.2
105.5,83.3,75.0,64.8,64.8,91.3,91.3,58.8
108.7,92.5,71.6,68.8,68.8,88.8,88.8,61.2
108.5,93.4,71.7,64.7,64.7,92.9,92.9,60.6
110.9,98.0,74.9,64.1,64.1,92.8,92.8,59.5
110.6,96.9,74.5,63.9,63.9,93.9,93.9,58.9
109.4,93.5,74.5,63.4,63.4,93.8,93.8,58.8
110.5,98.2,73.6,64.2,64.2,92.0,92.0,59.8
108.2,97.7,74.1,64.4,64.4,91.8,91.8,60.3
109.6,90.7,73.9,64.7,64.7,92.4,92.4,59.9
108.5,93.9,74.0,63.8,63.8,92.9,92.9,60.3
109.1,95.0,74.2,68.3,68.3,89.4,89.4,60.4
108.6,94.5,74.2,65.3,65.3,92.4,92.4,59.1
108.4,96.8,74.8,64.8,64.8,92.1,92.1,59.3
107.4,93.2,75.7,64.6,64.6,91.5,91.5,59.8
104.2,93.4,75.2,64.3,64.3,92.6,92.6,59.4
101.3,98.8,74.9,64.7,64.7,91.8,91.8,59.7
100.6,98.8,75.0,65.1,65.1,90.6,90.6,59.9
98.1,98.8,74.6,64.3,64.3,91.5,91.5,59.6
99.5,98.3,77.0,63.6,63.6,91.8,91.8,59.7
95.7,100.1,76.6,62.8,62.8,91.3,91.3,59.9
96.4,104.7,78.7,62.4,62.4,92.7,92.7,59.1
92.4,98.9,77.0,62.5,62.5,96.4,96.4,58.6
93.5,96.6,74.5,62.5,62.5,95.9,95.9,59.5
90.5,98.7,72.8,63.4,63.4,95.0,95.0,60.1
88.0,98.5,73.0,64.0,64.0,94.2,94.2,60.2
87.6,97.8,73.3,63.6,63.6,94.5,94.5,60.1
87.2,96.2,73.3,61.8,61.8,97.3,97.3,59.7
88.0,98.0,73.7,61.7,61.7,95.6,95.6,59.3
88.8,97.5,75.3,63.3,63.3,92.6,92.6,59.6
87.9,97.6,75.2,63.2,63.2,92.1,92.1,59.6
91.9,95.3,74.3,63.9,63.9,93.2,93.2,57.9
83.5,104.1,74.5,64.1,64.1,94.2,94.2,57.5
81.2,109.7,75.4,64.0,64.0,93.7,93.7,57.9
81.6,75.6,76.2,60.5,60.5,96.9,96.9,57.7
79.0,77.2,75.5,60.2,60.2,96.8,96.8,57.8
88.8,75.0,76.3,62.8,62.8,92.6,92.6,57.5
95.9,98.6,76.0,62.4,62.4,91.3,91.3,57.2
95.1,88.2,75.8,63.3,63.3,91.8,91.8,57.1
96.1,85.3,75.7,63.1,63.1,92.0,92.0,56.9
95.2,78.0,76.0,62.6,62.6,91.8,91.8,57.2
92.8,79.4,76.3,61.6,61.6,91.4,91.4,60.9
94.6,92.6,76.2,61.8,61.8,92.4,92.4,58.4
95.9,93.4,76.0,62.1,62.1,91.1,91.1,59.0
94.0,93.5,75.4,61.8,61.8,92.4,92.4,57.4
94.2,92.1,74.1,59.4,59.4,95.7,95.7,57.1
94.6,90.4,74.7,62.4,62.4,92.1,92.1,57.3
95.4,99.6,75.6,62.0,62.0,91.0,91.0,57.6
96.4,95.7,75.1,61.8,61.8,91.5,91.5,57.4
96.4,94.8,74.0,62.3,62.3,90.8,90.8,58.3
93.2,91.6,74.5,62.7,62.7,90.6,90.6,58.1
90.9,97.0,74.3,62.8,62.8,88.9,88.9,58.6
96.7,96.8,75.3,63.1,63.1,89.0,89.0,59.1
97.3,93.4,74.1,62.5,62.5,90.8,90.8,59.6
97.5,92.1,73.2,61.8,61.8,90.8,90.8,58.8
95.0,93.3,74.5,63.0,63.0,89.6,89.6,58.2
95.7,96.5,74.9,61.0,61.0,89.1,89.1,57.1
97.0,99.2,74.9,62.4,62.4,89.0,89.0,57.1
96.4,96.9,73.8,62.7,62.7,90.7,90.7,56.9
98.2,97.8,73.8,63.0,63.0,90.0,90.0,55.5
94.4,97.6,74.6,62.1,62.1,88.9,88.9,56.8
94.9,98.5,76.2,60.0,60.0,86.4,86.4,58.3
99.9,101.0,76.8,58.8,58.8,84.8,84.8,58.0
99.4,100.5,75.8,59.0,59.0,83.5,83.5,58.6
96.6,97.4,74.7,59.0,59.0,84.4,84.4,57.9
95.0,98.0,74.1,55.8,55.8,85.0,85.0,58.5
98.7,95.9,73.7,54.2,54.2,84.2,84.2,57.9
94.2,98.0,74.8,51.2,51.2,88.8,88.8,56.8
94.4,97.5,73.5,53.3,53.3,87.5,87.5,56.1
91.7,96.8,72.5,54.2,54.2,89.5,89.5,55.9
96.4,98.6,69.8,54.7,54.7,89.5,89.5,55.9
91.4,98.8,73.5,52.0,52.0,88.3,88.3,56.5
93.5,96.4,73.6,52.3,52.3,86.3,86.3,56.5
94.6,94.9,74.2,53.0,53.0,85.8,85.8,55.5
94.7,94.8,75.5,51.9,51.9,85.4,85.4,55.4
96.0,92.4,73.0,56.1,56.1,82.8,82.8,58.9
96.3,93.5,72.9,56.6,56.6,85.8,85.8,57.1
92.7,93.9,76.0,54.9,54.9,88.1,88.1,57.7
94.1,93.0,75.4,55.8,55.8,87.2,87.2,57.2
94.1,94.8,75.1,56.4,56.4,85.5,85.5,57.1
96.5,90.9,74.9,57.2,57.2,84.1,84.1,57.1
95.7,95.0,74.2,58.0,58.0,87.0,87.0,55.4
95.7,95.1,73.7,58.9,58.9,87.6,87.6,55.5
93.8,101.4,75.3,58.0,58.0,89.2,89.2,54.7
91.4,99.3,75.9,58.3,58.3,89.2,89.2,54.8
79.6,80.8,77.5,58.5,58.5,88.6,88.6,55.6
83.3,72.2,76.3,59.0,59.0,89.8,89.8,54.7
96.4,82.0,75.6,59.0,59.0,91.2,91.2,54.8
99.3,85.2,75.6,59.2,59.2,90.7,90.7,55.2
100.2,88.6,76.3,60.2,60.2,89.8,89.8,55.8
98.6,86.8,75.9,59.8,59.8,90.0,90.0,55.2
101.5,89.0,75.3,59.6,59.6,90.8,90.8,55.6
102.3,97.6,76.2,59.2,59.2,90.8,90.8,55.8
99.8,95.9,76.5,58.4,58.4,90.7,90.7,56.7
98.4,93.5,75.7,58.2,58.2,91.5,91.5,56.3
100.2,94.4,75.4,58.8,58.8,91.7,91.7,56.2
100.3,95.5,73.6,59.1,59.1,90.6,90.6,57.1
101.3,93.9,75.2,58.6,58.6,89.3,89.3,56.5
100.6,97.7,74.8,59.1,59.1,87.7,87.7,56.6
99.2,95.4,75.1,58.6,58.6,88.2,88.2,57.2
100.1,94.5,74.7,58.3,58.3,91.1,91.1,56.5
99.5,96.5,73.3,59.8,59.8,89.1,89.1,56.8
100.0,94.9,73.7,58.2,58.2,90.6,90.6,56.6
99.3,99.9,73.4,59.4,59.4,91.0,91.0,56.3
98.6,96.2,73.1,59.5,59.5,91.2,91.2,57.2
98.3,93.8,72.4,59.7,59.7,91.0,91.0,57.0
98.9,100.1,73.3,59.9,59.9,91.0,91.0,56.9
96.9,95.6,74.0,60.0,60.0,90.4,90.4,57.9
96.7,97.1,74.4,60.1,60.1,90.5,90.5,58.2
97.3,96.8,75.2,59.0,59.0,89.9,89.9,58.6
95.2,97.4,75.4,59.7,59.7,87.8,87.8,59.2
95.7,96.0,72.2,59.8,59.8,87.7,87.7,59.1
96.5,97.6,72.4,59.4,59.4,87.7,87.7,59.0
95.1,96.9,74.8,58.8,58.8,89.7,89.7,59.7
96.0,96.5,74.1,60.3,60.3,88.0,88.0,59.3
94.9,99.7,75.0,58.7,58.7,89.7,89.7,58.7
94.2,99.4,70.7,59.1,59.1,89.6,89.6,58.8
92.9,99.3,72.9,59.7,59.7,89.7,89.7,58.3
90.8,96.4,70.4,59.5,59.5,89.6,89.6,57.4
91.7,101.3,73.5,58.3,58.3,89.5,89.5,57.9
90.7,98.6,73.2,58.9,58.9,88.9,88.9,58.1
89.1,100.2,73.3,58.7,58.7,90.4,90.4,57.3
89.5,96.4,74.3,59.7,59.7,90.1,90.1,56.9
87.6,98.4,75.6,58.7,58.7,90.9,90.9,57.1
88.6,98.2,76.2,58.1,58.1,90.5,90.5,59.3
91.6,95.1,75.1,58.2,58.2,89.6,89.6,59.4
93.1,95.5,74.5,58.0,58.0,89.3,89.3,59.9
94.1,95.2,75.0,57.6,57.6,88.3,88.3,59.5
93.7,97.0,75.1,57.6,57.6,89.0,89.0,58.7
94.5,98.4,75.3,57.6,57.6,89.2,89.2,55.9
94.7,99.9,74.6,58.1,58.1,88.0,88.0,56.4
95.1,101.1,74.6,59.4,59.4,87.0,87.0,57.6
92.9,103.5,74.3,61.5,61.5,84.9,84.9,58.4
91.1,105.4,74.4,60.0,60.0,88.4,88.4,58.2
85.1,92.8,73.9,60.8,60.8,87.1,87.1,58.0
83.8,70.2,74.3,62.5,62.5,86.7,86.7,55.8
88.6,86.7,74.7,62.1,62.1,86.2,86.2,57.2
97.9,82.4,74.3,62.5,62.5,87.0,87.0,54.4
101.4,85.8,74.5,62.0,62.0,87.1,87.1,54.8
104.6,88.2,73.2,61.0,61.0,87.8,87.8,54.8
105.0,87.5,72.7,62.5,62.5,88.2,88.2,57.8
104.5,89.7,72.3,63.0,63.0,92.4,92.4,57.1
108.9,87.7,71.7,62.7,62.7,89.6,89.6,56.4
109.7,88.7,73.6,61.6,61.6,89.6,89.6,56.5
110.0,86.5,73.1,61.7,61.7,89.4,89.4,56.7
107.7,93.6,71.8,63.6,63.6,88.8,88.8,56.8
107.8,91.8,71.2,62.2,62.2,88.8,88.8,56.4
113.0,85.1,71.9,62.3,62.3,87.0,87.0,57.1
110.5,93.6,70.3,62.7,62.7,89.1,89.1,55.2
107.5,86.6,71.1,62.9,62.9,90.5,90.5,54.7
110.0,89.6,70.8,63.0,63.0,90.8,90.8,54.8
110.2,92.2,69.2,64.4,64.4,91.3,91.3,55.0
108.9,92.8,71.5,63.6,63.6,91.5,91.5,57.0
108.4,92.1,73.0,62.9,62.9,90.1,90.1,57.2
107.4,98.0,72.2,63.0,63.0,90.3,90.3,57.4
107.1,97.0,72.7,62.5,62.5,90.0,90.0,56.8
106.8,94.6,73.2,62.1,62.1,90.2,90.2,57.9
108.7,92.6,74.0,61.7,61.7,91.9,91.9,56.5
107.4,97.5,73.6,62.5,62.5,91.5,91.5,56.5
103.7,95.4,73.3,63.0,63.0,93.1,93.1,55.3
109.0,93.8,74.0,62.4,62.4,93.7,93.7,54.6
108.3,100.6,74.8,61.6,61.6,91.5,91.5,57.2
108.3,99.2,74.5,62.5,62.5,92.2,92.2,57.0
109.9,98.5,75.9,61.3,61.3,91.7,91.7,56.9
105.9,101.4,76.2,58.6,58.6,93.0,93.0,57.2
95.9,102.5,76.2,59.1,59.1,93.5,93.5,57.7
100.1,113.9,73.1,60.9,60.9,93.1,93.1,58.1
102.9,106.6,70.4,61.2,61.2,92.5,92.5,58.3
96.5,110.2,73.1,60.4,60.4,92.7,92.7,58.3
97.2,108.1,72.6,58.6,58.6,90.6,90.6,59.0
98.4,105.2,72.2,57.9,57.9,91.8,91.8,57.7
97.9,102.9,72.6,59.1,59.1,89.5,89.5,56.7
98.0,102.0,71.8,59.7,59.7,91.5,91.5,56.0
96.8,102.1,74.2,58.7,58.7,91.7,91.7,57.8
95.7,101.5,75.0,59.2,59.2,91.4,91.4,57.8
95.2,100.8,75.9,59.7,59.7,91.5,91.5,59.7
92.8,101.1,76.5,58.5,58.5,91.8,91.8,57.4
87.1,104.9,72.4,60.8,60.8,91.3,91.3,58.7
88.7,81.4,72.2,60.6,60.6,92.8,92.8,56.6
84.7,68.9,72.0,59.7,59.7,94.0,94.0,56.6
92.5,90.0,72.1,58.8,58.8,93.6,93.6,56.5
92.4,113.8,71.9,58.7,58.7,93.1,93.1,56.8
109.1,96.0,72.3,59.3,59.3,92.8,92.8,56.5
110.3,91.0,71.9,60.1,60.1,92.2,92.2,55.6
108.0,83.9,70.2,60.1,60.1,93.3,93.3,55.3
104.4,89.5,69.6,60.3,60.3,92.3,92.3,56.0
101.6,88.1,69.8,57.7,57.7,95.6,95.6,55.6
104.7,80.0,70.8,59.9,59.9,92.2,92.2,56.3
98.2,81.2,71.3,58.3,58.3,93.7,93.7,56.9
96.6,79.9,71.2,59.4,59.4,91.4,91.4,57.2
96.4,81.3,71.5,58.7,58.7,90.3,90.3,58.1
93.9,81.5,71.1,58.6,58.6,92.6,92.6,58.9
95.5,81.0,72.8,58.6,58.6,92.7,92.7,59.0
94.4,81.1,72.9,57.7,57.7,92.7,92.7,59.5
93.9,77.6,72.2,58.2,58.2,92.6,92.6,59.2
88.5,71.1,71.4,58.2,58.2,93.0,93.0,59.2
86.0,69.4,70.8,58.3,58.3,93.5,93.5,60.3
93.8,95.0,71.1,58.7,58.7,94.3,94.3,59.5
102.1,94.8,71.1,58.5,58.5,93.3,93.3,61.3
105.1,99.7,71.8,58.9,58.9,93.0,93.0,60.9
98.7,102.3,72.3,59.8,59.8,91.9,91.9,61.7
93.5,98.9,69.4,61.1,61.1,90.1,90.1,62.2
90.2,95.5,69.2,59.1,59.1,83.4,83.4,60.8
95.0,90.6,71.4,54.0,54.0,82.3,82.3,61.7
89.9,89.1,73.2,52.7,52.7,79.5,79.5,58.3
90.6,86.9,71.5,52.6,52.6,79.8,79.8,54.5
90.4,87.8,71.3,51.0,51.0,82.4,82.4,52.5
90.2,89.8,71.4,48.5,48.5,82.2,82.2,51.8
91.8,87.5,67.8,50.8,50.8,86.1,86.1,49.0
90.7,83.5,67.2,48.6,48.6,84.1,84.1,52.9
92.8,87.9,66.6,47.1,47.1,85.7,85.7,49.3
95.7,82.0,66.4,46.5,46.5,85.5,85.5,48.9
92.2,89.9,65.2,47.7,47.7,86.9,86.9,44.6
89.6,77.6,65.4,50.6,50.6,89.9,89.9,48.1
89.6,62.1,67.5,49.7,49.7,90.1,90.1,47.7
106.6,95.3,69.4,50.6,50.6,82.5,82.5,54.3
116.1,96.2,68.1,52.3,52.3,79.8,79.8,57.2
109.6,93.6,67.5,52.2,52.2,78.8,78.8,59.1
102.0,93.6,67.5,52.6,52.6,81.5,81.5,58.6
104.2,87.1,68.8,51.3,51.3,84.0,84.0,57.0
102.5,87.1,67.0,53.6,53.6,87.2,87.2,57.8
98.6,90.0,68.7,54.9,54.9,87.9,87.9,58.6
99.5,87.9,68.7,55.4,55.4,88.9,88.9,58.7
97.6,87.8,66.8,56.4,56.4,89.6,89.6,59.6
95.3,90.5,66.2,56.8,56.8,89.9,89.9,59.6
93.5,90.4,66.9,56.9,56.9,89.6,89.6,61.1
96.2,89.6,64.1,59.1,59.1,90.8,90.8,63.1
98.3,89.1,65.8,56.6,56.6,91.8,91.8,63.7
101.0,82.5,66.8,57.0,57.0,91.2,91.2,64.4
100.4,81.2,67.4,56.8,56.8,94.6,94.6,65.1
94.6,80.9,67.4,55.3,55.3,97.7,97.7,65.5
97.0,70.1,65.7,59.1,59.1,94.0,94.0,65.2
98.6,64.8,65.7,59.0,59.0,99.9,99.9,63.4
109.5,497.9,66.6,58.8,58.8,102.4,102.4,63.7
116.3,104.9,66.5,57.1,57.1,102.3,102.3,62.4
108.8,107.8,67.1,57.6,57.6,99.1,99.1,62.8
99.3,109.9,66.2,59.3,59.3,95.9,95.9,65.5
97.5,109.3,66.2,58.4,58.4,94.9,94.9,67.0
96.8,107.0,65.9,58.8,58.8,94.1,94.1,66.4
96.0,103.4,65.1,58.8,58.8,95.3,95.3,67.2
94.4,103.0,64.3,59.2,59.2,97.2,97.2,65.9
92.8,100.4,66.3,58.8,58.8,98.7,98.7,66.3
90.5,100.4,66.3,58.1,58.1,100.6,100.6,65.9
92.2,97.5,66.7,58.4,58.4,99.6,99.6,62.5
92.2,97.4,65.4,59.5,59.5,96.1,96.1,60.4
94.3,97.1,64.6,58.5,58.5,94.6,94.6,59.8
97.5,94.8,66.0,61.3,61.3,89.3,89.3,57.1
95.5,98.6,65.4,55.4,55.4,88.9,88.9,53.7
96.3,99.7,64.9,50.6,50.6,86.1,86.1,57.6
97.5,96.8,62.4,49.3,49.3,86.0,86.0,58.4
97.8,98.4,61.9,48.3,48.3,81.9,81.9,56.6
98.8,98.8,61.8,47.7,47.7,85.2,85.2,52.5
96.0,98.4,62.8,49.2,49.2,89.1,89.1,54.4
94.3,74.0,64.1,51.3,51.3,91.3,91.3,57.4
97.1,66.8,68.3,57.1,57.1,94.2,94.2,63.4
100.0,111.4,67.7,56.8,56.8,98.0,98.0,65.3
113.5,104.3,65.9,56.7,56.7,93.8,93.8,66.1
108.2,105.0,65.8,59.1,59.1,89.2,89.2,64.8
97.8,109.5,63.8,58.8,58.8,93.0,93.0,64.6
98.5,107.3,63.0,62.7,62.7,91.1,91.1,64.4
99.0,104.0,62.6,64.6,64.6,93.5,93.5,66.0
95.0,102.5,64.0,65.1,65.1,98.6,98.6,66.6
95.1,102.5,63.2,64.7,64.7,95.4,95.4,68.5
93.3,98.2,61.4,59.9,59.9,100.1,100.1,70.8
93.1,97.6,61.4,59.0,59.0,107.2,107.2,66.3
92.6,96.3,60.7,61.7,61.7,106.8,106.8,65.4
91.8,95.9,63.5,57.7,57.7,110.6,110.6,65.7
91.2,98.3,60.1,58.6,58.6,109.3,109.3,64.4
89.8,103.2,62.6,58.4,58.4,110.3,110.3,63.3
90.2,107.5,62.1,61.0,61.0,106.3,106.3,63.5
90.9,105.1,61.6,66.2,66.2,93.1,93.1,62.8
92.3,104.3,62.9,61.5,61.5,91.7,91.7,64.0
94.9,101.5,63.5,56.1,56.1,92.3,92.3,62.8
95.2,92.5,64.3,51.9,51.9,93.6,93.6,61.6
92.0,91.7,65.5,50.0,50.0,89.3,89.3,60.1
99.8,94.6,69.2,47.7,47.7,88.1,88.1,61.0
103.9,120.0,68.8,48.5,48.5,86.6,86.6,59.1
113.4,106.6,64.7,51.2,51.2,88.1,88.1,57.6
103.6,115.3,62.0,51.1,51.1,84.4,84.4,57.3
105.7,105.9,58.8,51.3,51.3,83.5,83.5,55.5
100.5,110.1,59.5,51.0,51.0,80.7,80.7,60.2
98.4,106.2,60.9,50.8,50.8,89.2,89.2,57.3
95.7,104.5,63.0,52.1,52.1,88.2,88.2,58.2
96.3,102.8,64.8,56.1,56.1,92.0,92.0,62.6
94.6,97.2,65.9,57.8,57.8,92.4,92.4,66.2
91.4,91.3,67.2,61.2,61.2,92.3,92.3,66.0
90.9,89.7,67.3,61.8,61.8,91.9,91.9,67.3
92.6,88.8,65.7,63.6,63.6,90.3,90.3,68.0
92.0,90.8,69.3,61.0,61.0,90.9,90.9,67.3
94.4,89.0,68.2,65.2,65.2,90.2,90.2,68.6
93.8,94.3,68.9,64.2,64.2,91.8,91.8,72.7
93.8,91.8,68.6,64.5,64.5,97.8,97.8,67.6
95.5,94.0,67.2,65.4,65.4,96.2,96.2,69.4
97.4,90.6,67.8,68.8,68.8,93.7,93.7,71.9
95.6,92.1,67.2,69.1,69.1,95.1,95.1,71.6
89.3,92.2,65.1,62.9,62.9,102.8,102.8,69.3
89.1,85.7,65.4,62.9,62.9,104.3,104.3,69.7
78.3,74.1,65.1,63.8,63.8,103.1,103.1,70.5
80.5,94.6,64.1,63.8,63.8,103.5,103.5,70.4
88.5,94.3,64.0,64.1,64.1,104.3,104.3,71.3
95.8,95.8,66.5,62.6,62.6,104.3,104.3,72.6
93.6,101.2,66.3,63.1,63.1,105.8,105.8,72.0
93.1,96.4,66.4,62.5,62.5,106.3,106.3,71.7
89.1,96.3,66.6,61.8,61.8,106.8,106.8,71.1
89.5,97.5,67.4,62.0,62.0,107.3,107.3,71.8
90.1,95.6,67.8,64.0,64.0,104.9,104.9,71.8
89.6,98.0,67.9,64.3,64.3,107.2,107.2,71.4
91.0,94.9,68.3,61.7,61.7,110.3,110.3,68.8
89.8,101.8,68.9,62.0,62.0,107.7,107.7,71.8
88.4,107.4,68.7,60.7,60.7,109.5,109.5,72.2
90.0,105.7,69.4,59.1,59.1,109.8,109.8,74.0
90.4,104.9,69.0,62.6,62.6,107.4,107.4,73.2
92.3,103.0,68.8,64.0,64.0,106.5,106.5,70.7
90.8,104.7,70.4,64.8,64.8,106.8,106.8,71.1
89.2,104.1,69.1,63.1,63.1,105.9,105.9,74.5
90.9,101.9,71.0,61.1,61.1,106.6,106.6,73.3
93.4,100.7,68.2,62.5,62.5,108.2,108.2,73.2
92.8,99.8,69.2,61.7,61.7,111.3,111.3,72.9
92.3,100.7,69.0,64.8,64.8,109.6,109.6,71.1
84.5,108.7,72.4,66.4,66.4,106.4,106.4,72.0
78.5,87.8,71.9,67.0,67.0,106.1,106.1,71.7
79.3,99.3,71.3,67.1,67.1,107.0,107.0,70.9
96.8,91.6,70.5,62.7,62.7,109.9,109.9,70.6
101.2,95.9,70.2,59.6,59.6,113.1,113.1,70.4
99.4,96.2,70.5,60.7,60.7,114.1,114.1,70.5
99.8,103.7,69.9,60.9,60.9,113.0,113.0,71.7
98.5,99.8,70.2,60.2,60.2,114.2,114.2,72.5
96.7,99.9,69.9,60.5,60.5,114.2,114.2,72.7
93.9,99.6,70.8,61.9,61.9,115.5,115.5,72.7
94.6,95.7,71.9,62.2,62.2,112.7,112.7,73.9
92.6,96.2,68.8,63.0,63.0,111.9,111.9,75.0
90.3,101.4,68.9,62.0,62.0,112.0,112.0,75.2
92.5,99.0,70.2,61.5,61.5,111.6,111.6,75.8
90.2,102.4,68.8,62.8,62.8,110.6,110.6,76.8
89.5,101.9,69.0,63.9,63.9,110.1,110.1,76.5
90.1,98.6,69.4,64.1,64.1,109.0,109.0,74.9
92.2,96.2,70.1,63.0,63.0,108.5,108.5,75.3
90.7,97.8,68.3,62.6,62.6,107.3,107.3,74.7
88.7,96.0,70.0,61.0,61.0,107.3,107.3,74.9
92.6,94.2,69.2,61.2,61.2,109.0,109.0,73.0
92.7,94.5,70.1,60.2,60.2,109.6,109.6,72.8
94.2,91.5,70.7,60.7,60.7,110.2,110.2,73.2
94.0,93.5,71.2,59.9,59.9,110.4,110.4,72.4
93.3,94.3,68.5,60.9,60.9,111.3,111.3,72.0
91.6,98.8,70.0,60.2,60.2,111.7,111.7,71.3
90.6,99.0,70.6,59.2,59.2,111.7,111.7,71.7
89.2,100.3,70.7,59.1,59.1,111.4,111.4,71.8
89.0,106.6,71.3,57.9,57.9,109.7,109.7,73.5
87.2,108.7,70.5,58.5,58.5,110.8,110.8,72.3
89.1,108.5,68.1,60.1,60.1,112.2,112.2,71.7
82.5,82.5,67.8,66.9,66.9,105.1,105.1,73.4
80.4,96.8,66.0,63.7,63.7,108.6,108.6,73.3
88.3,95.9,66.8,61.4,61.4,109.9,109.9,73.1
99.7,102.0,66.5,58.7,58.7,116.4,116.4,72.0
108.5,95.5,66.7,62.2,62.2,110.8,110.8,73.5
108.3,101.0,67.1,58.1,58.1,116.0,116.0,72.4
108.1,99.9,65.1,63.9,63.9,110.0,110.0,74.4
104.2,100.2,68.2,66.6,66.6,108.8,108.8,75.6
104.9,97.3,69.9,64.6,64.6,107.5,107.5,75.8
103.4,99.7,70.8,64.1,64.1,106.4,106.4,76.7
103.0,98.8,71.1,64.1,64.1,106.6,106.6,76.1
102.2,98.1,70.1,64.8,64.8,107.1,107.1,75.9
100.3,99.6,70.0,65.9,65.9,105.2,105.2,74.5
99.0,97.6,69.3,66.7,66.7,106.0,106.0,74.0
101.7,100.0,69.2,66.7,66.7,105.4,105.4,74.4
101.7,97.2,70.3,59.2,59.2,113.5,113.5,72.9
98.8,95.3,69.0,57.8,57.8,113.5,113.5,73.4
97.6,95.7,70.1,59.2,59.2,111.4,111.4,72.4
98.1,98.3,71.2,59.8,59.8,107.6,107.6,74.9
102.9,94.0,71.0,60.1,60.1,107.0,107.0,74.6
96.7,96.5,69.6,59.7,59.7,107.8,107.8,75.0
92.9,97.4,70.0,59.8,59.8,106.6,106.6,75.6
91.4,97.3,70.0,60.2,60.2,105.6,105.6,74.7
89.8,95.7,69.6,60.6,60.6,105.7,105.7,75.1
91.1,93.0,69.9,60.3,60.3,105.3,105.3,75.6
92.7,92.1,69.8,60.5,60.5,104.3,104.3,76.0
91.7,92.7,70.9,61.1,61.1,103.4,103.4,75.1
93.7,91.6,70.6,61.5,61.5,103.8,103.8,74.8
93.4,92.3,70.3,61.4,61.4,103.2,103.2,74.8
92.4,94.1,70.7,61.6,61.6,102.4,102.4,73.5
91.1,97.0,70.7,62.1,62.1,100.7,100.7,73.5
91.6,98.4,71.3,61.7,61.7,100.7,100.7,73.2
90.6,101.1,71.8,61.3,61.3,101.8,101.8,71.3
89.3,101.5,72.8,63.8,63.8,97.2,97.2,71.5
87.9,106.9,72.6,64.4,64.4,97.3,97.3,71.2
88.6,107.7,72.7,65.7,65.7,97.4,97.4,71.5
88.0,106.8,72.6,65.9,65.9,96.5,96.5,71.5
87.4,107.7,72.7,63.5,63.5,99.0,99.0,71.7
88.3,107.4,73.1,64.6,64.6,99.3,99.3,71.9
88.4,114.4,72.8,64.3,64.3,99.4,99.4,71.3
90.2,115.3,74.0,66.4,66.4,98.5,98.5,70.3
88.5,119.4,73.3,66.2,66.2,98.4,98.4,71.1
84.9,83.7,71.8,66.6,66.6,98.9,98.9,71.6
80.8,95.0,68.4,66.9,66.9,100.6,100.6,70.7
88.3,101.5,69.1,66.2,66.2,101.6,101.6,69.2
106.6,95.4,69.5,66.9,66.9,101.5,101.5,69.0
104.1,99.4,69.5,63.0,63.0,104.7,104.7,70.9
110.2,99.7,70.1,62.6,62.6,102.9,102.9,72.0
108.2,96.9,70.2,62.4,62.4,103.4,103.4,71.9
106.9,97.1,71.4,63.0,63.0,103.9,103.9,71.9
105.9,96.7,72.5,64.9,64.9,99.9,99.9,72.1
104.1,95.1,72.3,66.1,66.1,99.5,99.5,72.9
102.3,92.9,72.9,64.9,64.9,99.7,99.7,73.2
105.9,95.5,72.2,65.0,65.0,100.4,100.4,72.5
101.5,98.5,70.7,62.0,62.0,104.6,104.6,73.2
98.4,99.4,69.5,62.5,62.5,100.8,100.8,71.5
98.9,98.3,70.9,61.9,61.9,94.2,94.2,72.5
96.8,100.1,74.8,60.2,60.2,89.3,89.3,68.2
96.7,98.8,76.0,56.2,56.2,87.8,87.8,67.3
96.8,99.8,77.4,52.8,52.8,87.6,87.6,65.1
91.7,96.6,76.9,52.8,52.8,86.8,86.8,63.7
90.4,96.5,73.5,56.1,56.1,84.0,84.0,62.3
91.5,94.8,72.3,56.4,56.4,85.3,85.3,57.4
93.5,95.3,70.5,54.6,54.6,87.0,87.0,55.7
94.9,95.4,69.9,54.3,54.3,84.7,84.7,55.3
92.6,97.4,69.3,51.0,51.0,84.2,84.2,58.7
96.7,96.7,68.2,50.1,50.1,80.7,80.7,59.7
97.3,99.0,67.2,50.2,50.2,79.7,79.7,57.8
98.6,102.1,67.6,48.5,48.5,78.7,78.7,54.5
92.5,112.3,67.0,49.9,49.9,80.2,80.2,54.5
83.9,76.4,69.4,49.5,49.5,79.4,79.4,54.7
83.9,448.6,67.4,56.0,56.0,88.5,88.5,54.4
91.4,93.7,69.9,56.1,56.1,89.4,89.4,55.9
111.6,86.4,69.4,55.1,55.1,88.9,88.9,53.6
108.6,80.7,70.1,55.1,55.1,88.2,88.2,47.9
108.3,82.7,71.4,53.1,53.1,85.1,85.1,52.6
105.7,77.3,68.9,54.2,54.2,84.6,84.6,55.2
110.0,76.9,68.4,56.6,56.6,86.2,86.2,55.5
110.1,80.5,69.3,57.0,57.0,86.8,86.8,60.3
108.6,78.1,69.8,56.3,56.3,87.9,87.9,60.6
106.4,77.1,71.0,56.5,56.5,90.0,90.0,60.0
107.2,72.7,71.0,58.4,58.4,87.9,87.9,60.8
106.4,75.3,73.3,58.0,58.0,88.9,88.9,59.0
101.7,71.3,72.2,61.1,61.1,89.0,89.0,57.4
99.1,75.5,71.5,62.6,62.6,89.5,89.5,58.4
104.0,90.4,70.4,63.0,63.0,90.2,90.2,58.9
105.3,91.9,70.9,63.4,63.4,90.2,90.2,59.8
106.4,91.5,71.8,62.0,62.0,92.7,92.7,59.6
105.6,86.3,71.4,62.2,62.2,92.7,92.7,61.5
106.4,86.6,70.7,62.3,62.3,93.9,93.9,61.8
104.9,92.4,69.9,63.0,63.0,92.9,92.9,62.2
102.4,88.7,68.8,62.7,62.7,94.8,94.8,63.2
107.6,83.0,69.0,62.6,62.6,95.2,95.2,63.7
102.5,85.5,70.2,62.2,62.2,96.1,96.1,63.4
100.4,82.0,70.0,63.0,63.0,94.4,94.4,64.6
99.0,83.7,69.9,61.8,61.8,96.3,96.3,64.9
105.6,84.8,70.1,60.7,60.7,94.6,94.6,66.2
105.4,81.3,69.5,56.0,56.0,100.1,100.1,66.9
107.0,80.1,68.7,55.5,55.5,101.9,101.9,66.0
105.2,78.3,68.3,55.4,55.4,100.0,100.0,65.9
105.1,73.9,68.5,54.4,54.4,99.2,99.2,66.9
102.8,73.5,69.6,58.6,58.6,96.4,96.4,65.8
97.4,75.6,70.5,56.9,56.9,98.9,98.9,64.8
94.5,70.6,69.8,58.9,58.9,101.4,101.4,64.1
102.1,55.9,69.9,60.4,60.4,101.2,101.2,63.9
51.2,104.8,68.0,58.1,58.1,106.2,106.2,65.0
68.1,118.1,67.6,60.0,60.0,104.3,104.3,64.1
115.2,87.5,68.0,59.9,59.9,102.2,102.2,63.1
117.2,84.8,68.1,61.0,61.0,98.6,98.6,63.7
117.1,80.5,68.4,60.6,60.6,93.6,93.6,64.0
113.5,78.2,68.1,57.8,57.8,98.1,98.1,61.8
114.4,72.6,68.5,57.4,57.4,98.4,98.4,62.1
113.3,73.2,68.5,56.6,56.6,97.8,97.8,62.9
113.3,66.4,68.2,56.7,56.7,97.7,97.7,62.9
112.6,63.1,69.0,56.2,56.2,96.7,96.7,62.4
114.4,58.4,68.8,61.5,61.5,91.6,91.6,64.1
114.2,52.0,68.4,61.3,61.3,90.9,90.9,64.4
106.9,62.0,69.1,61.7,61.7,91.2,91.2,63.6
95.7,62.7,69.5,61.5,61.5,91.7,91.7,62.5
92.4,99.0,69.6,61.6,61.6,91.1,91.1,62.7
103.0,98.5,69.7,60.8,60.8,90.5,90.5,62.5
109.0,97.4,69.0,60.6,60.6,90.4,90.4,59.2
108.4,95.3,68.2,60.8,60.8,87.3,87.3,59.9
105.1,93.8,69.5,60.1,60.1,85.9,85.9,59.0
100.2,94.9,69.3,53.5,53.5,88.0,88.0,58.6
102.6,89.4,68.3,52.1,52.1,86.6,86.6,55.7
103.2,94.9,65.9,47.2,47.2,87.8,87.8,55.4
104.2,102.6,63.4,47.8,47.8,86.3,86.3,50.4
103.5,102.0,62.6,46.6,46.6,82.3,82.3,54.8
102.1,100.2,63.7,45.9,45.9,79.6,79.6,55.0
102.0,96.5,63.9,45.9,45.9,80.1,80.1,52.4
98.6,104.4,64.5,46.6,46.6,80.2,80.2,51.2
109.6,92.9,65.0,47.0,47.0,81.9,81.9,49.4
103.6,98.9,63.3,47.6,47.6,80.1,80.1,52.0
107.9,94.0,64.3,47.7,47.7,79.5,79.5,51.8
109.0,99.5,63.5,48.2,48.2,80.5,80.5,52.8
107.0,97.5,63.6,48.7,48.7,81.5,81.5,54.8
100.4,100.5,64.8,49.5,49.5,84.0,84.0,55.5
107.3,94.8,65.6,50.7,50.7,84.8,84.8,56.3
107.7,102.4,66.0,52.1,52.1,89.2,89.2,55.1
107.9,97.1,67.8,53.0,53.0,90.3,90.3,54.7
108.7,93.7,72.2,50.8,50.8,85.8,85.8,56.3
101.4,99.3,68.7,54.3,54.3,81.1,81.1,58.1
103.2,100.6,68.0,56.5,56.5,85.5,85.5,54.7
100.7,99.6,69.0,56.6,56.6,88.8,88.8,55.1
98.4,99.0,69.7,56.8,56.8,88.1,88.1,55.7
98.1,102.0,70.5,56.6,56.6,90.1,90.1,55.4
101.9,97.2,69.8,57.2,57.2,91.0,91.0,56.0
97.4,100.3,70.1,57.0,57.0,88.0,88.0,56.0
98.5,100.2,70.1,56.7,56.7,90.7,90.7,55.1
97.9,104.5,69.9,57.6,57.6,88.9,88.9,55.7
98.9,103.4,69.9,58.3,58.3,88.8,88.8,56.3
98.6,102.7,70.4,58.2,58.2,86.8,86.8,56.8
98.3,99.4,70.0,58.3,58.3,87.2,87.2,56.6
98.3,101.0,69.8,58.3,58.3,86.8,86.8,57.5
99.6,102.0,69.8,59.4,59.4,86.9,86.9,57.9
99.1,100.7,70.3,59.2,59.2,86.6,86.6,57.3
93.5,103.3,71.0,58.6,58.6,87.0,87.0,57.4
92.9,103.4,69.6,59.2,59.2,88.9,88.9,57.7
94.8,100.6,69.1,60.0,60.0,87.6,87.6,58.0
94.9,99.4,70.6,59.5,59.5,87.7,87.7,57.0
95.0,101.4,73.2,57.4,57.4,87.5,87.5,57.7
97.2,99.2,73.2,57.6,57.6,87.1,87.1,57.3
100.2,99.9,73.0,57.9,57.9,87.7,87.7,57.3
98.4,101.2,73.5,58.5,58.5,88.6,88.6,55.5
95.2,104.7,71.4,59.2,59.2,88.3,88.3,55.9
90.3,91.7,70.4,60.1,60.1,88.8,88.8,56.3
95.3,70.2,71.4,59.5,59.5,90.0,90.0,55.9
96.5,180.7,70.5,61.4,61.4,86.3,86.3,60.7
106.3,100.3,73.3,60.9,60.9,84.8,84.8,59.3
111.7,86.8,67.9,62.2,62.2,84.2,84.2,62.1
111.2,86.7,70.5,59.8,59.8,88.9,88.9,63.1
102.0,91.5,68.6,59.1,59.1,89.7,89.7,62.9
103.9,87.9,66.2,57.1,57.1,90.7,90.7,64.7
102.2,88.1,65.6,57.6,57.6,94.5,94.5,61.8
104.0,86.7,65.9,57.4,57.4,95.3,95.3,62.9
102.9,82.7,66.6,61.5,61.5,94.3,94.3,64.5
103.3,81.1,68.0,57.8,57.8,97.0,97.0,64.1
98.1,85.9,68.3,60.1,60.1,92.3,92.3,66.6
98.5,79.3,68.6,59.1,59.1,96.1,96.1,65.5
100.4,79.2,70.5,59.2,59.2,98.9,98.9,64.5
101.0,77.1,70.7,63.2,63.2,94.1,94.1,65.3
98.5,73.1,70.7,62.9,62.9,95.6,95.6,67.6
99.3,62.1,70.5,64.6,64.6,96.6,96.6,66.0
99.2,55.8,71.1,64.0,64.0,98.0,98.0,67.0
107.2,99.9,71.2,63.1,63.1,99.1,99.1,66.2
113.6,93.1,70.4,62.4,62.4,100.3,100.3,65.7
111.4,91.4,69.6,62.4,62.4,100.8,100.8,66.6
111.7,90.0,66.4,63.1,63.1,102.4,102.4,67.1
108.4,88.3,64.5,60.7,60.7,105.6,105.6,68.4
105.4,88.2,68.5,56.8,56.8,106.7,106.7,68.8
105.6,87.8,65.2,58.6,58.6,107.3,107.3,68.9
104.1,86.5,65.9,61.4,61.4,103.7,103.7,71.8
105.8,85.3,69.1,55.6,55.6,105.0,105.0,69.6
107.5,82.0,66.8,60.3,60.3,103.7,103.7,71.9
101.0,81.0,67.2,60.0,60.0,103.4,103.4,70.7
96.0,79.9,71.0,59.3,59.3,102.2,102.2,72.3
95.0,81.5,69.4,60.8,60.8,100.9,100.9,71.5
97.1,78.1,68.3,64.0,64.0,103.2,103.2,69.1
99.8,73.8,72.2,64.3,64.3,102.8,102.8,68.2
96.0,78.2,71.7,64.2,64.2,103.6,103.6,68.8
99.3,63.2,71.8,64.2,64.2,104.5,104.5,68.7
98.9,64.2,72.9,63.7,63.7,105.4,105.4,68.6
103.4,105.7,72.6,64.0,64.0,104.7,104.7,68.6
112.3,99.1,74.1,64.8,64.8,103.4,103.4,70.1
103.5,100.2,73.5,65.2,65.2,101.3,101.3,70.0
102.4,98.3,72.6,65.2,65.2,99.5,99.5,69.3
95.1,103.2,73.7,60.5,60.5,98.7,98.7,70.8
97.7,101.1,75.8,57.5,57.5,89.7,89.7,66.5
95.5,100.9,74.7,53.5,53.5,84.2,84.2,53.4
94.6,97.1,69.4,52.6,52.6,84.4,84.4,46.8
93.7,92.3,65.8,52.5,52.5,83.9,83.9,47.5
91.2,98.0,66.4,50.7,50.7,86.5,86.5,46.9
86.2,101.1,65.8,48.6,48.6,88.0,88.0,47.0
89.2,99.9,63.6,48.0,48.0,87.6,87.6,51.2
88.7,103.1,61.2,47.9,47.9,89.0,89.0,51.6
88.9,99.5,59.0,50.4,50.4,89.2,89.2,52.0
89.0,96.4,63.4,48.6,48.6,91.6,91.6,53.7
86.9,97.5,63.6,51.1,51.1,91.1,91.1,51.2
89.7,79.6,66.9,52.7,52.7,87.6,87.6,54.2
97.9,72.4,70.6,50.5,50.5,86.1,86.1,58.7
95.9,111.9,70.7,53.3,53.3,85.2,85.2,57.9
107.6,109.2,71.8,54.5,54.5,86.6,86.6,57.9
108.6,106.7,67.4,58.2,58.2,82.8,82.8,56.2
106.3,108.0,68.7,56.8,56.8,86.9,86.9,55.1
105.2,104.1,68.7,56.7,56.7,86.4,86.4,55.1
92.5,113.3,67.7,57.3,57.3,84.6,84.6,54.8
95.3,108.7,69.3,55.5,55.5,85.0,85.0,56.2
95.2,105.0,70.9,54.9,54.9,87.7,87.7,55.5
93.1,102.4,68.4,57.7,57.7,88.7,88.7,57.2
92.0,101.5,68.5,59.8,59.8,90.4,90.4,57.8
91.1,96.3,66.9,60.4,60.4,92.5,92.5,57.6
91.7,93.5,68.1,60.1,60.1,91.8,91.8,56.8
93.6,93.1,71.8,57.2,57.2,90.5,90.5,56.5
93.7,93.0,70.9,56.4,56.4,90.0,90.0,54.2
93.4,94.5,70.5,57.5,57.5,86.3,86.3,57.6
92.0,98.2,69.2,59.8,59.8,86.6,86.6,56.3
93.0,100.7,68.3,59.6,59.6,84.3,84.3,56.9
93.3,100.2,68.2,60.2,60.2,85.5,85.5,56.5
91.3,105.1,67.3,60.5,60.5,84.9,84.9,56.7
94.9,103.8,67.9,60.1,60.1,86.2,86.2,55.7
95.8,98.5,68.7,58.3,58.3,88.1,88.1,55.7
96.2,80.0,68.0,58.9,58.9,83.3,83.3,58.1
95.4,83.5,68.8,57.6,57.6,85.6,85.6,57.1
103.3,109.8,67.7,56.7,56.7,83.1,83.1,58.7
88.0,122.9,67.6,57.0,57.0,85.9,85.9,59.1
105.0,97.3,67.5,56.0,56.0,86.4,86.4,60.1
98.6,96.2,68.9,56.3,56.3,82.4,82.4,63.4
95.7,95.0,68.7,57.0,57.0,85.0,85.0,63.8
95.1,97.4,71.2,57.8,57.8,88.5,88.5,62.0
96.5,89.8,69.5,58.4,58.4,86.4,86.4,65.1
94.0,93.6,70.9,59.2,59.2,90.4,90.4,63.7
91.5,93.2,71.5,59.3,59.3,90.6,90.6,65.9
89.6,92.0,70.5,59.8,59.8,91.8,91.8,66.7
92.6,89.9,71.6,59.4,59.4,91.8,91.8,66.3
95.7,83.6,70.6,60.4,60.4,92.3,92.3,66.7
96.2,80.5,71.4,60.9,60.9,92.6,92.6,66.4
95.1,81.9,71.6,60.3,60.3,93.1,93.1,66.5
93.8,86.1,72.4,59.7,59.7,95.7,95.7,64.5
95.1,85.5,72.6,63.3,63.3,92.6,92.6,63.8
94.7,86.7,72.9,58.6,58.6,99.4,99.4,64.3
96.8,88.1,72.5,58.8,58.8,100.0,100.0,64.6
99.4,86.7,72.8,58.3,58.3,99.4,99.4,65.6
99.5,89.6,72.8,58.7,58.7,98.6,98.6,66.8
93.6,84.1,72.3,59.2,59.2,99.6,99.6,65.9
92.6,91.1,71.7,59.9,59.9,99.0,99.0,66.2
93.8,93.0,72.2,60.0,60.0,98.4,98.4,66.3
99.0,95.1,72.4,60.5,60.5,99.2,99.2,65.9
105.8,106.4,72.5,59.3,59.3,100.7,100.7,64.8
107.4,107.6,73.1,59.0,59.0,101.0,101.0,64.6
107.7,107.5,72.5,59.6,59.6,99.2,99.2,66.4
107.1,104.2,72.5,60.2,60.2,99.0,99.0,65.8
104.9,99.4,72.5,60.4,60.4,99.8,99.8,63.9
97.2,102.0,72.6,60.6,60.6,97.2,97.2,63.7
97.1,101.1,72.2,60.8,60.8,96.4,96.4,64.2
94.6,101.1,72.2,61.0,61.0,96.5,96.5,63.9
91.9,99.1,73.0,60.4,60.4,97.5,97.5,63.3
92.3,99.1,73.3,59.4,59.4,97.0,97.0,63.9
93.5,94.2,73.8,58.5,58.5,97.6,97.6,65.2
93.1,93.6,74.2,63.0,63.0,93.1,93.1,66.4
97.8,89.7,74.7,62.8,62.8,93.0,93.0,67.0
99.3,87.6,72.9,63.3,63.3,93.8,93.8,67.6
96.9,88.4,73.7,63.4,63.4,91.0,91.0,68.3
97.6,83.7,73.3,63.5,63.5,93.0,93.0,67.1
97.3,86.4,75.1,57.9,57.9,97.2,97.2,65.5
96.1,84.0,73.4,65.8,65.8,91.9,91.9,66.4
96.5,89.9,74.4,64.1,64.1,91.8,91.8,66.8
100.1,86.7,74.2,62.9,62.9,94.0,94.0,65.9
99.5,83.7,74.3,63.6,63.6,95.0,95.0,64.7
98.8,82.1,76.6,63.6,63.6,96.5,96.5,63.2
99.8,96.1,75.7,64.4,64.4,96.0,96.0,63.7
107.4,92.2,75.9,63.9,63.9,92.4,92.4,66.8
100.5,96.3,74.7,63.7,63.7,94.2,94.2,66.6
101.6,93.3,75.2,63.3,63.3,92.9,92.9,67.2
103.4,100.3,73.8,64.2,64.2,92.4,92.4,66.8
105.3,95.1,74.1,63.7,63.7,95.0,95.0,64.2
104.4,96.0,73.9,63.3,63.3,95.5,95.5,64.8
103.3,98.1,73.5,63.9,63.9,94.7,94.7,64.9
102.6,100.8,73.7,63.9,63.9,92.9,92.9,67.0
105.1,95.7,74.0,64.6,64.6,90.8,90.8,68.9
102.2,98.1,73.9,63.6,63.6,92.1,92.1,68.5
99.3,97.2,73.0,64.8,64.8,92.2,92.2,67.9
95.2,97.3,74.6,64.6,64.6,91.3,91.3,68.6
95.1,100.0,73.5,64.9,64.9,90.8,90.8,68.8
102.2,97.4,74.1,63.9,63.9,90.4,90.4,69.5
100.1,98.0,73.3,64.2,64.2,90.7,90.7,69.5
98.4,96.9,73.3,63.9,63.9,91.0,91.0,68.0
95.8,97.6,73.9,63.8,63.8,90.2,90.2,68.2
97.9,101.7,74.4,63.8,63.8,89.1,89.1,68.9
97.5,98.7,74.2,63.8,63.8,89.1,89.1,68.2
96.1,100.2,74.3,63.9,63.9,89.3,89.3,67.9
94.0,99.8,74.7,63.9,63.9,88.7,88.7,68.0
94.7,100.5,74.9,63.0,63.0,89.2,89.2,68.2
98.4,99.7,75.0,63.9,63.9,89.5,89.5,68.7
94.6,102.5,74.8,63.9,63.9,88.9,88.9,68.7
95.1,100.2,74.4,63.8,63.8,90.3,90.3,67.7
95.6,98.7,74.5,63.4,63.4,90.4,90.4,67.7
92.2,105.6,74.7,64.2,64.2,90.1,90.1,67.8
95.8,102.8,74.7,63.7,63.7,89.1,89.1,68.5
95.2,102.2,73.9,64.0,64.0,89.4,89.4,68.5
95.5,98.6,74.9,63.9,63.9,88.7,88.7,68.5
95.0,105.8,75.8,63.8,63.8,88.9,88.9,68.2
92.9,103.5,76.0,64.1,64.1,88.5,88.5,68.2
94.6,99.9,75.2,63.6,63.6,89.1,89.1,67.9
94.8,100.7,75.6,63.6,63.6,88.5,88.5,67.3
96.0,95.4,75.3,63.6,63.6,89.6,89.6,67.2
93.4,99.1,75.3,63.6,63.6,89.6,89.6,67.3
94.9,99.1,76.1,62.3,62.3,88.2,88.2,68.0
91.9,101.2,76.0,63.0,63.0,88.4,88.4,68.7
92.5,96.9,76.0,62.0,62.0,87.9,87.9,68.3
91.1,100.6,76.0,62.4,62.4,88.1,88.1,67.4
92.2,98.4,76.0,62.6,62.6,88.9,88.9,66.5
92.8,96.1,75.9,61.4,61.4,89.8,89.8,65.4
97.8,94.7,75.2,62.0,62.0,91.0,91.0,65.4
96.8,91.2,75.1,60.7,60.7,89.2,89.2,65.4
95.9,94.0,74.7,60.4,60.4,89.2,89.2,65.0
93.7,94.5,76.3,60.3,60.3,90.8,90.8,65.2
92.1,96.2,76.9,59.9,59.9,88.9,88.9,64.8
91.3,97.9,77.2,61.8,61.8,88.3,88.3,66.1
87.8,103.8,78.5,62.2,62.2,88.4,88.4,66.4
86.0,106.8,74.8,64.0,64.0,87.2,87.2,68.8
91.1,105.7,75.4,62.9,62.9,86.6,86.6,68.4
89.0,109.0,76.1,63.3,63.3,88.3,88.3,66.4
93.7,109.4,75.1,63.2,63.2,89.1,89.1,65.7
90.8,116.4,74.1,63.9,63.9,88.9,88.9,65.6
85.8,107.8,72.5,65.5,65.5,88.4,88.4,64.7
83.3,69.8,72.6,65.4,65.4,88.7,88.7,64.7
96.8,92.1,74.0,65.0,65.0,87.4,87.4,64.9
105.8,97.0,72.6,65.2,65.2,88.7,88.7,64.4
109.0,94.8,75.2,64.6,64.6,87.4,87.4,64.1
105.9,97.6,76.2,64.0,64.0,85.9,85.9,64.9
107.1,94.2,74.9,62.8,62.8,86.9,86.9,65.4
106.9,96.0,75.4,62.4,62.4,88.0,88.0,65.9
109.2,101.4,75.2,62.9,62.9,90.5,90.5,66.0
111.3,96.1,74.9,63.9,63.9,89.7,89.7,66.7
111.5,93.9,73.4,64.4,64.4,89.3,89.3,67.0
108.4,99.4,75.3,64.1,64.1,87.8,87.8,65.4
109.4,95.5,74.6,61.8,61.8,91.5,91.5,61.8
107.9,99.2,74.4,61.5,61.5,88.1,88.1,62.4
108.8,100.1,73.9,61.5,61.5,84.2,84.2,61.5
106.8,99.4,79.2,57.1,57.1,83.9,83.9,60.6
107.4,100.0,79.2,55.5,55.5,83.5,83.5,59.9
107.1,100.9,76.0,57.5,57.5,82.9,82.9,58.3
103.1,102.2,75.1,57.7,57.7,83.6,83.6,53.2
100.6,102.1,74.6,55.6,55.6,87.2,87.2,49.4
102.8,101.5,74.2,57.0,57.0,87.3,87.3,48.3
102.3,100.7,70.7,59.7,59.7,90.2,90.2,49.2
100.9,99.2,70.7,59.0,59.0,89.7,89.7,50.8
98.9,100.4,70.2,58.6,58.6,88.1,88.1,50.3
101.6,95.5,71.0,58.2,58.2,89.2,89.2,50.0
98.2,97.7,71.1,58.2,58.2,88.5,88.5,50.2
100.2,97.9,71.4,57.8,57.8,89.1,89.1,49.6
100.6,99.4,71.5,57.0,57.0,89.4,89.4,48.5
99.7,100.1,71.7,57.0,57.0,88.4,88.4,49.0
100.1,98.7,71.0,57.4,57.4,88.2,88.2,48.4
101.9,97.0,70.3,57.0,57.0,89.6,89.6,49.3
100.1,98.8,70.0,57.2,57.2,89.1,89.1,49.0
99.4,97.8,70.8,57.9,57.9,88.8,88.8,46.8
99.5,98.2,70.6,58.3,58.3,89.0,89.0,48.6
96.2,95.3,70.9,57.9,57.9,88.1,88.1,48.7
91.8,97.5,71.2,58.5,58.5,88.1,88.1,48.3
92.3,96.6,71.7,58.6,58.6,90.7,90.7,46.7
93.2,94.2,74.2,56.9,56.9,87.8,87.8,48.1
91.1,94.9,73.7,57.9,57.9,88.5,88.5,44.5
92.3,94.3,76.1,58.6,58.6,87.8,87.8,48.0
93.1,94.1,75.7,59.1,59.1,85.9,85.9,51.8
93.1,92.9,76.0,60.1,60.1,85.8,85.8,53.9
93.7,92.0,75.5,60.5,60.5,86.5,86.5,55.1
93.8,93.4,74.8,61.4,61.4,85.2,85.2,59.5
92.5,92.7,74.3,61.6,61.6,85.6,85.6,58.2
92.0,95.1,75.1,61.3,61.3,85.3,85.3,58.6
93.4,97.3,75.1,61.0,61.0,85.1,85.1,59.5
95.1,97.6,74.3,60.5,60.5,84.6,84.6,60.9
92.4,105.3,76.8,59.9,59.9,86.7,86.7,59.4
86.9,97.1,77.1,60.5,60.5,86.2,86.2,59.5
81.5,76.1,77.1,60.6,60.6,86.9,86.9,61.6
89.2,91.9,76.6,61.3,61.3,87.3,87.3,58.3
100.3,97.3,75.4,61.9,61.9,88.2,88.2,58.4
104.5,98.3,75.6,61.5,61.5,88.2,88.2,57.9
102.9,99.6,75.5,61.9,61.9,88.0,88.0,56.8
103.7,94.7,75.4,62.7,62.7,85.4,85.4,61.0
105.8,95.5,75.6,63.6,63.6,84.1,84.1,63.5
104.5,97.8,75.5,63.6,63.6,87.0,87.0,63.4
105.1,96.3,71.5,65.9,65.9,88.3,88.3,63.5
105.8,97.4,71.6,68.2,68.2,85.9,85.9,63.2
104.6,99.1,71.3,65.5,65.5,88.8,88.8,63.9
102.3,99.9,75.1,62.9,62.9,89.4,89.4,63.3
104.3,96.4,75.2,62.8,62.8,89.6,89.6,63.2
102.1,97.1,74.6,63.4,63.4,89.1,89.1,63.5
101.0,94.6,75.0,63.7,63.7,89.3,89.3,63.4
99.5,91.8,74.9,63.3,63.3,89.0,89.0,63.5
99.9,93.7,74.2,63.5,63.5,88.7,88.7,64.1
97.0,91.8,74.5,63.6,63.6,89.5,89.5,63.7
96.2,89.2,74.2,64.1,64.1,89.7,89.7,64.4
94.2,96.0,70.7,65.1,65.1,89.1,89.1,65.0
92.8,92.6,74.2,64.3,64.3,90.3,90.3,64.7
92.6,91.4,74.3,63.7,63.7,89.5,89.5,65.2
91.9,89.4,74.0,63.9,63.9,90.2,90.2,65.5
91.0,88.7,74.5,63.0,63.0,89.9,89.9,65.6
93.4,85.8,73.9,62.9,62.9,89.3,89.3,67.3
94.0,85.7,74.4,62.4,62.4,90.0,90.0,67.0
94.3,87.7,74.6,62.2,62.2,89.1,89.1,66.6
94.6,87.6,74.4,61.9,61.9,89.2,89.2,66.8
92.9,88.4,74.8,61.8,61.8,88.4,88.4,67.2
92.4,92.6,72.1,63.4,63.4,88.2,88.2,66.5
92.4,92.9,73.2,63.3,63.3,88.5,88.5,67.0
91.7,96.6,73.8,65.8,65.8,86.0,86.0,66.4
91.2,97.2,77.7,63.9,63.9,88.5,88.5,65.8
90.9,99.4,73.2,66.6,66.6,89.4,89.4,64.7
91.3,101.2,73.0,66.1,66.1,90.8,90.8,64.7
90.8,102.3,73.0,66.3,66.3,89.7,89.7,64.9
86.5,112.0,76.9,63.7,63.7,90.0,90.0,65.4
89.7,97.3,72.5,66.6,66.6,91.6,91.6,64.7
81.0,75.3,72.0,67.2,67.2,90.8,90.8,64.1
87.2,58.4,71.1,67.4,67.4,91.2,91.2,63.1
94.8,96.1,71.3,67.7,67.7,91.0,91.0,63.6
104.0,98.4,70.7,68.5,68.5,91.0,91.0,64.6
107.7,95.9,72.0,67.8,67.8,91.6,91.6,63.9
108.6,94.9,70.9,68.9,68.9,90.6,90.6,65.2
108.0,95.3,70.1,68.7,68.7,91.9,91.9,66.1
109.2,93.5,70.5,68.7,68.7,93.0,93.0,66.2
112.3,96.3,71.3,68.7,68.7,93.0,93.0,66.6
109.3,91.9,71.7,68.3,68.3,92.8,92.8,66.5
108.8,96.0,72.2,67.4,67.4,93.9,93.9,65.8
105.9,97.2,71.5,67.6,67.6,93.7,93.7,65.9
102.6,95.0,72.4,67.4,67.4,92.5,92.5,66.4
99.3,98.2,72.8,66.7,66.7,93.4,93.4,65.9
103.2,91.1,73.2,66.0,66.0,93.2,93.2,65.9
94.2,96.8,72.3,67.0,67.0,93.5,93.5,66.0
90.4,97.2,71.4,67.0,67.0,92.6,92.6,66.5
89.9,95.9,71.3,67.3,67.3,91.8,91.8,67.1
89.1,93.9,72.2,67.3,67.3,93.0,93.0,66.0
91.9,92.7,72.4,64.4,64.4,95.4,95.4,66.7
92.4,91.6,73.2,64.0,64.0,95.4,95.4,67.1
92.8,89.0,73.1,63.5,63.5,96.7,96.7,65.4
92.5,90.1,72.8,63.7,63.7,97.8,97.8,65.0
93.3,89.1,73.1,65.2,65.2,96.9,96.9,65.0
95.0,87.1,72.8,64.9,64.9,96.6,96.6,64.9
95.2,88.0,73.8,65.1,65.1,96.1,96.1,65.2
95.2,93.4,73.2,65.1,65.1,96.1,96.1,64.2
86.5,97.9,72.4,64.7,64.7,97.0,97.0,63.2
78.7,72.9,72.0,65.2,65.2,98.0,98.0,61.3
85.9,94.6,71.7,65.0,65.0,97.9,97.9,60.0
93.6,111.6,70.7,64.2,64.2,97.4,97.4,61.1
98.7,96.3,70.5,64.4,64.4,97.0,97.0,60.7
99.4,97.8,71.5,67.5,67.5,90.9,90.9,61.2
101.7,96.4,71.8,66.4,66.4,90.9,90.9,60.6
102.1,96.0,71.6,66.6,66.6,91.4,91.4,60.3
101.1,95.3,70.7,67.3,67.3,90.6,90.6,62.2
102.0,97.8,71.0,67.7,67.7,90.6,90.6,62.8
100.7,95.7,69.7,67.8,67.8,91.2,91.2,62.6
101.0,96.1,69.7,68.6,68.6,91.1,91.1,63.1
101.1,94.7,70.0,68.6,68.6,90.8,90.8,63.7
98.9,95.4,69.6,68.3,68.3,92.2,92.2,63.5
101.2,98.3,70.0,67.7,67.7,91.4,91.4,63.6
99.9,94.6,70.5,68.0,68.0,91.7,91.7,63.4
99.9,96.6,70.1,67.8,67.8,91.8,91.8,63.1
99.0,99.8,70.9,68.1,68.1,90.4,90.4,63.5
98.9,95.7,70.7,68.1,68.1,92.4,92.4,60.9
98.7,95.7,69.4,67.3,67.3,93.9,93.9,60.5
98.7,100.3,69.9,67.8,67.8,92.5,92.5,61.9
98.2,95.4,70.4,67.7,67.7,92.7,92.7,61.2
95.9,96.2,70.0,68.1,68.1,92.6,92.6,61.4
96.6,96.6,71.1,67.6,67.6,91.5,91.5,62.1
96.6,95.8,71.4,67.6,67.6,90.0,90.0,64.0
96.0,97.4,71.2,67.7,67.7,90.1,90.1,64.0
95.8,100.6,72.1,68.2,68.2,88.9,88.9,64.6
96.8,100.1,71.7,68.3,68.3,89.7,89.7,64.5
94.0,100.2,71.3,68.2,68.2,89.5,89.5,63.9
93.9,101.5,70.3,68.8,68.8,91.7,91.7,61.9
92.3,100.7,70.2,68.7,68.7,91.5,91.5,62.0
92.6,99.9,71.2,68.1,68.1,90.2,90.2,63.6
91.9,101.3,72.3,67.0,67.0,90.1,90.1,62.6
96.1,98.7,72.0,64.8,64.8,94.0,94.0,62.7
92.9,101.0,72.7,64.0,64.0,93.3,93.3,63.5
89.1,102.5,72.1,63.8,63.8,93.4,93.4,62.6
92.1,102.6,72.3,64.0,64.0,93.7,93.7,62.5
91.9,104.7,71.2,67.6,67.6,89.8,89.8,62.5
91.2,104.1,72.5,67.3,67.3,89.8,89.8,61.5
87.5,106.5,72.6,67.1,67.1,90.2,90.2,62.1
89.9,103.9,72.9,66.4,66.4,89.2,89.2,63.4
92.3,101.1,77.7,64.6,64.6,89.2,89.2,62.2
91.7,100.0,77.7,63.8,63.8,91.6,91.6,60.8
92.2,99.3,75.8,64.3,64.3,92.0,92.0,60.4
89.1,101.9,77.3,63.9,63.9,93.3,93.3,60.6
99.2,95.3,76.0,64.9,64.9,94.5,94.5,62.3
97.4,98.7,71.6,66.5,66.5,94.6,94.6,62.1
96.5,99.7,71.9,67.2,67.2,93.2,93.2,61.7
96.0,97.6,76.3,64.2,64.2,94.2,94.2,62.1
96.4,97.0,77.4,63.7,63.7,94.9,94.9,62.8
91.4,99.9,78.9,63.8,63.8,93.6,93.6,63.4
99.6,99.2,76.8,65.3,65.3,93.7,93.7,63.8
95.9,99.4,76.6,65.5,65.5,93.6,93.6,63.5
90.5,100.0,76.1,65.6,65.6,93.6,93.6,64.3
91.7,95.9,76.4,65.6,65.6,94.1,94.1,64.7
93.5,95.1,76.6,65.1,65.1,94.7,94.7,64.3
92.3,92.8,80.1,63.1,63.1,94.3,94.3,64.1
93.7,93.8,77.2,65.0,65.0,94.4,94.4,63.6
84.5,99.4,76.7,65.3,65.3,95.2,95.2,63.2
81.6,70.6,78.7,63.4,63.4,94.9,94.9,62.7
82.2,92.7,78.4,63.1,63.1,96.2,96.2,62.8
98.8,90.6,77.7,64.0,64.0,94.3,94.3,61.7
103.2,92.1,76.6,64.1,64.1,93.6,93.6,61.4
103.0,93.7,72.3,66.1,66.1,94.1,94.1,61.8
102.2,97.3,71.6,67.2,67.2,94.5,94.5,62.3
99.6,98.9,70.8,68.5,68.5,94.7,94.7,62.3
100.1,92.5,71.1,67.9,67.9,95.5,95.5,62.5
100.1,98.3,70.9,67.7,67.7,96.6,96.6,63.9
101.0,96.4,71.4,67.3,67.3,97.4,97.4,64.0
101.2,94.2,71.2,66.8,66.8,96.3,96.3,65.0
101.9,97.4,71.2,66.9,66.9,96.5,96.5,64.6
100.6,95.4,71.6,66.4,66.4,96.7,96.7,63.7
100.5,97.5,71.4,66.9,66.9,96.3,96.3,63.8
100.2,95.4,72.0,66.9,66.9,95.2,95.2,64.0
100.6,96.0,71.8,66.1,66.1,95.6,95.6,63.7
103.4,101.8,72.3,68.0,68.0,95.8,95.8,64.4
103.8,99.6,72.1,67.1,67.1,95.0,95.0,64.2
103.4,99.2,71.8,67.9,67.9,94.8,94.8,63.7
108.1,98.4,72.7,67.3,67.3,95.0,95.0,63.7
106.3,98.4,72.1,66.9,66.9,95.2,95.2,63.6
106.9,97.7,71.3,68.6,68.6,94.4,94.4,64.2
114.3,97.2,71.6,68.2,68.2,94.1,94.1,64.0
109.3,96.8,70.6,64.7,64.7,98.7,98.7,63.8
112.9,94.0,70.8,67.2,67.2,95.0,95.0,64.6
113.4,97.8,71.5,67.4,67.4,95.9,95.9,64.3
112.3,96.7,71.0,67.1,67.1,94.9,94.9,64.1
110.7,93.3,70.3,68.4,68.4,94.8,94.8,63.3
107.2,92.5,71.3,66.9,66.9,95.2,95.2,62.4
106.6,94.2,72.2,67.7,67.7,94.1,94.1,63.4
105.5,98.2,76.9,64.6,64.6,94.4,94.4,62.2
104.7,94.1,74.9,66.1,66.1,94.0,94.0,63.2
105.2,96.1,74.8,66.5,66.5,97.1,97.1,61.4
106.4,94.0,75.9,66.5,66.5,96.5,96.5,63.4
102.1,98.8,76.0,66.2,66.2,96.4,96.4,63.5
104.2,96.5,76.3,66.3,66.3,96.3,96.3,63.6
100.3,96.9,75.5,66.7,66.7,95.9,95.9,62.1
96.5,98.1,76.4,65.5,65.5,94.0,94.0,64.5
96.4,96.2,72.8,65.9,65.9,95.1,95.1,63.8
97.2,96.3,73.4,66.3,66.3,95.2,95.2,63.6
93.4,98.6,77.8,65.8,65.8,95.9,95.9,62.5
93.4,97.8,75.5,66.3,66.3,94.5,94.5,64.1
93.8,97.0,77.8,66.0,66.0,95.7,95.7,63.9
93.9,98.0,76.4,68.3,68.3,91.2,91.2,64.4
90.3,94.6,76.6,68.4,68.4,91.0,91.0,64.4
90.9,98.4,77.5,64.5,64.5,94.4,94.4,62.7
89.4,98.8,76.8,65.1,65.1,93.8,93.8,64.3
91.1,95.2,79.0,65.2,65.2,95.1,95.1,63.9
91.5,97.6,77.7,66.2,66.2,94.1,94.1,64.1
90.7,97.0,78.1,66.3,66.3,94.7,94.7,66.1
88.2,100.6,77.2,68.6,68.6,90.7,90.7,65.7
89.2,102.2,80.7,68.9,68.9,89.9,89.9,65.7
90.0,105.3,75.4,70.5,70.5,90.8,90.8,65.1
92.6,107.9,79.8,67.8,67.8,90.9,90.9,64.2
92.8,108.3,76.6,70.0,70.0,90.6,90.6,63.8
90.8,85.6,80.8,67.4,67.4,89.8,89.8,63.3
97.1,86.6,78.0,69.6,69.6,90.7,90.7,59.3
118.4,78.8,74.9,69.4,69.4,93.0,93.0,58.8
112.3,84.0,72.3,71.4,71.4,91.8,91.8,56.3
109.0,87.7,72.5,64.9,64.9,94.0,94.0,63.0
102.1,75.1,69.0,68.2,68.2,93.1,93.1,62.6
99.8,90.3,65.1,61.6,61.6,99.4,99.4,65.3
98.5,89.8,62.5,60.5,60.5,94.2,94.2,67.4
97.6,91.1,63.2,56.7,56.7,98.3,98.3,69.5
97.1,93.0,65.4,59.1,59.1,100.9,100.9,69.6
90.9,94.5,68.0,63.9,63.9,106.0,106.0,66.7
89.1,92.7,66.3,61.6,61.6,115.9,115.9,66.2
95.9,97.6,69.9,60.3,60.3,117.1,117.1,67.5
113.2,94.9,72.1,67.8,67.8,116.9,116.9,70.2
115.3,96.1,71.3,68.8,68.8,120.8,120.8,73.1
111.0,98.2,73.5,68.5,68.5,120.4,120.4,73.9
105.0,97.2,74.3,67.9,67.9,120.4,120.4,72.1
103.8,93.7,73.2,66.2,66.2,120.6,120.6,70.0
103.6,93.2,67.7,67.0,67.0,121.1,121.1,68.2
99.2,91.8,68.4,66.0,66.0,117.3,117.3,66.8
97.0,91.2,67.1,61.6,61.6,112.3,112.3,66.9
98.4,93.9,72.8,57.7,57.7,104.8,104.8,66.7
95.0,98.8,72.5,60.3,60.3,89.6,89.6,69.0
97.2,96.4,67.7,56.8,56.8,88.9,88.9,64.1
97.4,97.1,64.7,54.0,54.0,88.3,88.3,63.4
97.6,95.2,64.6,52.9,52.9,91.7,91.7,56.4
96.8,94.4,63.2,53.0,53.0,91.2,91.2,55.7
96.3,92.9,67.9,51.6,51.6,90.1,90.1,55.2
93.7,89.1,69.3,50.9,50.9,90.5,90.5,50.8
90.8,88.1,71.7,52.1,52.1,89.8,89.8,49.8
93.8,86.5,68.8,53.9,53.9,90.5,90.5,47.8
100.4,74.5,73.5,52.5,52.5,87.7,87.7,50.6
110.4,58.5,70.4,53.2,53.2,90.9,90.9,49.6
113.1,48.5,70.2,53.5,53.5,91.3,91.3,47.1
123.6,86.2,71.4,53.2,53.2,91.1,91.1,48.2
116.9,89.4,72.6,52.3,52.3,91.7,91.7,50.3
116.2,88.1,71.2,51.8,51.8,92.4,92.4,47.9
108.7,87.5,67.4,52.7,52.7,89.6,89.6,53.3
105.0,91.7,68.9,54.4,54.4,90.5,90.5,54.0
107.9,94.1,68.3,53.9,53.9,92.3,92.3,55.8
105.1,90.9,63.7,54.6,54.6,95.8,95.8,54.1
105.0,89.5,64.2,55.4,55.4,90.0,90.0,56.9
105.9,85.1,63.8,52.1,52.1,86.4,86.4,56.7
102.4,85.8,65.1,53.9,53.9,91.5,91.5,58.1
100.9,84.8,68.9,53.0,53.0,87.4,87.4,62.4
101.1,80.5,68.6,54.8,54.8,85.9,85.9,62.0
98.5,80.9,68.7,54.4,54.4,88.7,88.7,59.7
101.2,76.5,70.7,55.6,55.6,85.8,85.8,59.4
105.0,65.2,68.3,59.2,59.2,87.5,87.5,57.2
115.6,53.5,68.1,61.6,61.6,89.6,89.6,57.6
114.8,45.8,69.7,58.8,58.8,91.3,91.3,56.8
120.1,41.6,70.1,59.3,59.3,90.3,90.3,57.4
126.3,36.8,69.7,59.2,59.2,90.1,90.1,57.4
124.3,82.7,70.5,59.0,59.0,89.5,89.5,54.2
62.4,95.1,69.7,57.1,57.1,90.8,90.8,55.0
61.0,116.0,68.6,57.5,57.5,89.3,89.3,52.3
117.3,63.2,68.8,59.5,59.5,88.5,88.5,53.5
114.8,70.3,66.4,62.8,62.8,86.2,86.2,56.9
119.0,62.3,67.4,64.7,64.7,86.3,86.3,54.4
125.0,62.5,68.4,65.1,65.1,86.7,86.7,52.6
122.5,56.1,68.0,65.9,65.9,87.5,87.5,52.7
121.7,52.9,67.7,66.1,66.1,87.7,87.7,53.3
119.8,45.6,66.7,66.3,66.3,88.5,88.5,52.4
120.5,40.4,66.8,63.1,63.1,86.7,86.7,54.1
114.7,50.8,67.5,62.2,62.2,86.0,86.0,54.9
102.4,58.1,67.2,63.0,63.0,84.1,84.1,55.1
92.2,87.7,68.6,62.6,62.6,84.6,84.6,53.6
93.3,80.9,68.9,63.2,63.2,86.3,86.3,51.5
106.1,94.7,69.5,63.8,63.8,87.1,87.1,51.1
104.6,98.2,69.7,63.7,63.7,87.0,87.0,51.5
105.7,100.7,69.7,64.0,64.0,87.1,87.1,52.5
109.9,102.3,69.6,64.3,64.3,86.5,86.5,54.0
109.9,98.5,68.5,63.6,63.6,88.7,88.7,54.1
111.0,97.9,68.7,63.7,63.7,88.3,88.3,55.0
112.0,97.0,70.5,62.5,62.5,88.8,88.8,54.4
109.0,103.6,69.5,64.0,64.0,88.4,88.4,56.7
109.2,97.1,70.1,63.9,63.9,88.9,88.9,56.9
106.4,97.0,70.3,64.5,64.5,89.4,89.4,56.9
103.3,104.6,69.8,63.9,63.9,88.9,88.9,56.2
110.1,96.6,69.9,63.9,63.9,89.6,89.6,56.0
107.1,98.5,68.9,64.1,64.1,90.5,90.5,56.3
107.9,99.1,70.7,61.5,61.5,90.0,90.0,56.3
109.6,99.2,70.8,62.8,62.8,88.3,88.3,56.8
106.6,97.4,71.1,63.1,63.1,89.2,89.2,56.4
105.0,96.3,70.7,63.7,63.7,89.2,89.2,57.4
100.9,96.8,70.3,64.5,64.5,90.1,90.1,56.5
109.6,95.0,69.7,64.0,64.0,88.5,88.5,57.7
109.3,93.6,69.2,64.1,64.1,90.1,90.1,56.8
109.8,91.1,69.2,63.4,63.4,90.1,90.1,56.6
104.2,94.5,71.3,62.8,62.8,90.2,90.2,56.4
112.0,92.7,71.2,62.8,62.8,89.8,89.8,57.1
111.3,91.9,72.0,63.4,63.4,89.4,89.4,57.2
110.7,89.8,71.6,63.7,63.7,89.5,89.5,56.2
108.9,91.8,71.0,64.0,64.0,89.7,89.7,55.6
106.0,97.3,71.3,63.4,63.4,90.5,90.5,54.8
106.8,96.6,72.1,62.6,62.6,90.8,90.8,54.9
105.0,99.4,70.7,64.4,64.4,91.0,91.0,55.8
110.1,104.5,70.6,66.2,66.2,90.2,90.2,54.6
109.3,101.7,69.9,63.3,63.3,91.9,91.9,55.1
109.5,96.6,69.3,62.7,62.7,91.4,91.4,55.8
99.1,101.1,67.3,63.5,63.5,91.4,91.4,57.7
90.8,108.4,64.1,57.0,57.0,96.0,96.0,61.4
92.9,109.9,60.7,55.6,55.6,96.0,96.0,62.6
95.5,101.3,61.1,56.9,56.9,94.9,94.9,59.1
97.2,99.3,62.5,58.7,58.7,90.5,90.5,60.8
98.8,100.3,62.9,57.5,57.5,97.0,97.0,62.9
97.3,99.6,66.2,59.1,59.1,94.0,94.0,62.9
98.0,94.7,69.2,57.7,57.7,92.3,92.3,62.1
95.3,94.6,72.2,56.1,56.1,97.3,97.3,61.5
92.9,97.2,70.6,59.1,59.1,98.6,98.6,57.1
90.8,91.6,71.6,58.7,58.7,96.9,96.9,61.0
92.5,83.4,72.5,57.2,57.2,102.3,102.3,58.8
90.3,89.4,69.0,59.2,59.2,104.2,104.2,59.4
94.7,80.7,73.1,55.6,55.6,105.5,105.5,60.0
102.2,103.9,72.3,57.9,57.9,103.4,103.4,59.0
111.6,103.0,67.7,60.9,60.9,99.2,99.2,60.8
117.5,99.7,66.7,59.7,59.7,100.2,100.2,59.8
111.5,98.2,67.1,60.3,60.3,100.0,100.0,58.9
109.5,95.4,66.5,60.6,60.6,98.9,98.9,58.9
106.3,96.7,66.5,58.2,58.2,102.2,102.2,59.5
102.0,99.3,67.1,56.1,56.1,102.2,102.2,61.4
101.1,98.8,66.9,56.7,56.7,102.4,102.4,62.5
96.1,98.5,68.9,59.2,59.2,102.4,102.4,62.3
95.5,99.9,65.2,60.9,60.9,102.0,102.0,63.2
91.8,101.4,66.2,57.1,57.1,104.0,104.0,64.0
93.4,98.2,66.0,59.2,59.2,102.7,102.7,64.5
91.9,98.7,67.8,59.6,59.6,102.0,102.0,64.7
90.5,100.1,68.3,59.8,59.8,101.4,101.4,64.3
92.1,100.4,67.0,60.8,60.8,100.3,100.3,64.1
96.8,94.5,67.4,60.7,60.7,99.2,99.2,63.8
94.4,91.4,68.5,58.5,58.5,100.2,100.2,63.5
100.3,91.6,67.4,57.6,57.6,102.1,102.1,62.4
99.0,88.4,67.8,61.9,61.9,96.9,96.9,61.2
98.0,59.6,68.2,61.6,61.6,98.2,98.2,62.4
105.5,104.6,69.7,59.0,59.0,98.0,98.0,63.3
119.2,97.3,70.8,58.9,58.9,99.0,99.0,62.9
112.2,99.5,71.0,58.0,58.0,98.3,98.3,63.9
112.1,99.0,65.4,57.8,57.8,99.4,99.4,63.3
108.9,99.8,66.8,61.5,61.5,95.6,95.6,65.2
109.1,97.6,70.4,59.5,59.5,100.1,100.1,63.4
106.9,99.6,70.8,59.0,59.0,101.7,101.7,62.5
109.8,104.9,72.0,57.5,57.5,100.1,100.1,65.5
100.8,112.3,70.3,58.0,58.0,100.1,100.1,65.1
106.8,102.9,70.3,61.5,61.5,96.3,96.3,64.4
104.6,101.0,69.9,62.0,62.0,96.1,96.1,65.1
104.6,101.1,69.8,62.4,62.4,95.9,95.9,65.2
105.1,106.6,70.4,62.4,62.4,95.7,95.7,64.6
102.9,107.6,70.5,61.7,61.7,94.9,94.9,65.0
101.8,105.0,70.6,61.6,61.6,94.2,94.2,64.6
101.2,105.3,70.9,61.9,61.9,93.4,93.4,64.8
95.2,107.4,68.8,62.6,62.6,95.3,95.3,63.7
94.9,104.7,69.4,63.3,63.3,96.0,96.0,63.0
93.4,103.6,72.0,60.8,60.8,98.5,98.5,60.9
94.2,100.4,71.6,60.6,60.6,98.3,98.3,61.0
93.3,100.8,72.0,63.0,63.0,95.2,95.2,63.3
93.1,103.1,70.5,58.4,58.4,99.6,99.6,63.1
92.9,102.2,70.3,61.9,61.9,96.8,96.8,62.7
93.3,99.8,71.0,62.0,62.0,95.1,95.1,63.3
92.2,98.5,71.6,58.3,58.3,98.0,98.0,62.5
91.9,96.3,72.2,62.7,62.7,93.7,93.7,61.7
91.7,94.6,71.8,63.2,63.2,93.3,93.3,61.8
94.1,93.4,72.4,62.8,62.8,92.2,92.2,62.3
91.8,97.2,72.8,62.8,62.8,93.4,93.4,62.4
91.5,94.6,72.4,63.5,63.5,91.8,91.8,61.8
91.6,94.5,73.2,63.5,63.5,92.3,92.3,62.0
92.7,90.7,73.7,63.1,63.1,92.1,92.1,61.7
93.7,89.4,73.6,61.6,61.6,94.7,94.7,60.3
94.0,90.2,72.8,59.4,59.4,96.6,96.6,60.9
93.6,90.9,74.9,59.4,59.4,96.2,96.2,61.1
93.3,90.2,74.8,61.9,61.9,95.5,95.5,60.4
93.8,90.2,74.8,61.7,61.7,93.5,93.5,63.0
92.1,93.7,75.0,61.7,61.7,92.4,92.4,63.1
93.6,91.8,75.2,58.4,58.4,94.9,94.9,64.0
88.6,98.4,75.9,57.5,57.5,93.6,93.6,64.1
95.0,99.2,70.9,60.1,60.1,95.3,95.3,63.4
87.9,101.7,68.8,61.2,61.2,99.5,99.5,61.4
85.4,89.3,67.0,62.8,62.8,95.8,95.8,59.7
92.4,93.7,67.3,62.3,62.3,95.3,95.3,58.0
109.5,54.7,67.7,61.7,61.7,93.9,93.9,58.7
121.9,96.2,71.1,60.3,60.3,95.5,95.5,60.9
122.0,92.3,71.2,60.2,60.2,96.0,96.0,62.0
121.1,90.8,67.6,60.9,60.9,96.0,96.0,62.3
118.3,87.5,67.8,60.6,60.6,95.5,95.5,61.3
119.8,89.3,70.6,60.2,60.2,96.2,96.2,59.8
120.6,90.3,71.1,58.9,58.9,98.5,98.5,57.9
120.2,88.2,70.5,58.9,58.9,97.7,97.7,59.4
120.0,87.4,71.5,59.2,59.2,96.1,96.1,57.5
116.2,88.6,68.3,60.6,60.6,95.2,95.2,59.0
119.4,85.1,72.4,57.8,57.8,93.1,93.1,60.2
118.4,85.8,73.3,57.1,57.1,92.5,92.5,61.8
119.2,81.9,74.5,57.4,57.4,91.8,91.8,59.9
112.2,84.1,74.4,57.5,57.5,90.8,90.8,59.7
108.8,82.2,73.5,57.9,57.9,91.3,91.3,59.4
116.5,73.1,73.5,57.4,57.4,91.5,91.5,58.7
108.3,74.2,72.9,58.6,58.6,92.1,92.1,58.4
111.7,68.6,73.2,57.9,57.9,92.6,92.6,58.0
110.3,71.9,73.5,58.2,58.2,92.5,92.5,58.1
114.6,62.7,73.5,57.1,57.1,93.0,93.0,58.0
113.6,59.8,75.3,58.1,58.1,90.7,90.7,62.3
105.0,73.0,72.1,60.2,60.2,89.4,89.4,62.1
103.9,72.1,73.0,59.7,59.7,89.5,89.5,59.6
100.0,75.1,73.0,60.2,60.2,89.3,89.3,58.8
110.0,90.7,73.0,60.1,60.1,88.2,88.2,59.3
110.2,100.1,75.0,60.0,60.0,87.7,87.7,60.0
112.1,96.2,76.1,60.2,60.2,88.0,88.0,57.4
110.7,94.8,76.0,60.3,60.3,88.1,88.1,56.8
110.9,91.8,76.9,59.9,59.9,86.0,86.0,57.2
109.9,95.6,74.5,60.2,60.2,86.2,86.2,56.1
111.6,89.0,74.4,59.9,59.9,87.3,87.3,57.1
113.6,91.0,74.8,59.8,59.8,86.0,86.0,58.2
109.8,97.3,75.0,60.8,60.8,88.0,88.0,55.7
107.1,94.7,76.0,60.8,60.8,89.3,89.3,56.0
111.0,96.4,76.1,60.0,60.0,89.6,89.6,56.4
109.7,95.4,75.3,60.5,60.5,89.4,89.4,56.6
110.8,88.5,74.9,59.2,59.2,90.6,90.6,56.4
111.0,93.4,75.9,60.0,60.0,88.4,88.4,57.1
112.1,91.1,75.8,58.7,58.7,88.8,88.8,57.6
114.2,85.6,75.0,59.7,59.7,88.6,88.6,57.3
114.9,84.3,73.5,59.5,59.5,90.5,90.5,57.7
107.1,83.1,71.1,58.7,58.7,90.1,90.1,59.4
103.1,85.1,67.5,56.7,56.7,93.0,93.0,59.7
101.1,83.5,69.5,54.5,54.5,89.7,89.7,62.7
100.7,81.2,67.2,52.9,52.9,88.4,88.4,62.6
101.0,81.5,68.9,52.4,52.4,85.4,85.4,60.0
102.3,79.1,71.9,52.3,52.3,86.1,86.1,57.8
103.0,77.5,70.8,54.6,54.6,86.9,86.9,55.8
99.2,80.1,74.1,52.8,52.8,89.6,89.6,50.0
96.1,72.7,74.9,51.8,51.8,93.2,93.2,50.6
100.6,56.8,75.4,52.8,52.8,91.1,91.1,53.6
105.9,50.0,75.6,54.1,54.1,94.2,94.2,53.7
108.5,99.3,74.2,54.1,54.1,93.5,93.5,52.1
117.3,89.9,71.8,54.2,54.2,93.4,93.4,51.3
107.9,98.1,70.3,54.3,54.3,93.1,93.1,50.4
115.3,89.1,70.3,55.0,55.0,91.2,91.2,54.7
108.7,89.6,72.2,54.5,54.5,89.6,89.6,54.5
110.4,85.3,73.1,53.9,53.9,88.7,88.7,55.0
115.0,84.2,72.1,54.7,54.7,90.6,90.6,52.5
118.1,77.6,72.4,54.3,54.3,92.4,92.4,49.6
115.3,74.2,71.3,55.5,55.5,90.1,90.1,48.9
116.8,72.9,74.4,53.9,53.9,91.1,91.1,45.7
115.4,71.3,75.4,53.4,53.4,88.6,88.6,48.7
115.7,69.2,74.9,54.3,54.3,86.3,86.3,54.5
119.3,62.7,75.7,54.6,54.6,84.8,84.8,54.6
114.6,61.0,75.4,55.6,55.6,86.8,86.8,56.1
105.3,62.9,75.7,55.6,55.6,85.7,85.7,56.7
101.5,65.0,75.3,55.6,55.6,84.5,84.5,61.9
99.4,84.8,76.4,55.8,55.8,85.1,85.1,62.0
110.2,80.7,75.4,55.4,55.4,85.5,85.5,61.1
111.1,85.9,75.1,55.7,55.7,87.6,87.6,61.2
112.3,89.2,77.4,55.2,55.2,87.9,87.9,60.5
111.4,81.6,77.6,54.1,54.1,88.0,88.0,57.3
110.6,81.2,78.7,53.4,53.4,91.3,91.3,55.1
110.4,83.2,80.3,54.5,54.5,90.2,90.2,55.2
110.7,73.4,74.9,57.0,57.0,89.5,89.5,58.2
102.8,80.0,76.9,57.8,57.8,88.8,88.8,58.1
103.0,74.0,74.4,57.7,57.7,90.2,90.2,55.3
108.5,71.9,75.1,57.4,57.4,90.7,90.7,54.9
100.1,73.7,73.9,57.8,57.8,90.7,90.7,55.1
101.3,73.7,75.3,57.2,57.2,89.5,89.5,55.0
102.1,73.4,75.7,57.7,57.7,89.4,89.4,54.9
99.3,71.9,75.3,58.6,58.6,89.4,89.4,54.7
101.0,65.6,75.9,57.6,57.6,89.5,89.5,54.7
99.9,66.2,75.4,58.2,58.2,90.6,90.6,55.4
102.4,63.3,75.6,57.7,57.7,90.6,90.6,56.2
102.2,64.2,75.5,57.9,57.9,89.9,89.9,57.7
100.2,63.1,74.6,60.2,60.2,88.4,88.4,58.1
103.1,60.2,75.6,58.9,58.9,91.0,91.0,58.5
101.4,58.4,72.7,59.6,59.6,91.3,91.3,57.9
100.6,61.3,72.4,60.2,60.2,90.6,90.6,57.7
102.8,69.9,70.1,63.5,63.5,88.5,88.5,56.9
92.4,89.8,74.5,61.5,61.5,89.6,89.6,58.6
89.1,87.7,75.1,61.6,61.6,88.7,88.7,61.1
91.9,93.4,72.2,61.1,61.1,88.0,88.0,61.4
96.5,95.4,75.9,60.0,60.0,88.1,88.1,61.3
93.7,96.6,73.0,62.3,62.3,88.0,88.0,60.7
93.5,97.3,74.6,61.9,61.9,87.8,87.8,59.9
93.4,95.8,74.6,64.5,64.5,86.8,86.8,59.2
93.9,98.2,74.6,64.8,64.8,87.3,87.3,60.5
94.1,95.8,74.1,61.9,61.9,88.7,88.7,61.8
94.0,95.8,77.0,60.9,60.9,91.1,91.1,62.0
93.2,97.1,71.2,65.1,65.1,91.2,91.2,62.8
94.9,95.0,69.8,65.8,65.8,92.1,92.1,64.4
94.5,93.5,70.6,62.5,62.5,98.6,98.6,63.9
88.3,98.5,71.3,65.9,65.9,93.0,93.0,64.1
88.6,85.1,72.0,64.9,64.9,91.8,91.8,65.6
88.7,91.2,72.1,66.0,66.0,90.9,90.9,66.5
92.0,100.3,68.2,69.1,69.1,91.4,91.4,62.4
101.8,99.8,74.9,65.7,65.7,92.3,92.3,63.7
116.1,98.2,75.2,63.7,63.7,90.7,90.7,64.7
109.3,104.0,76.1,63.9,63.9,91.6,91.6,64.4
116.4,99.3,75.6,63.9,63.9,90.6,90.6,65.1
112.4,96.4,75.6,64.3,64.3,90.7,90.7,65.7
110.9,96.3,75.5,64.3,64.3,90.7,90.7,66.8
105.6,102.4,73.0,66.2,66.2,91.1,91.1,67.5
105.2,103.2,76.9,62.4,62.4,94.3,94.3,64.5
104.6,101.2,77.2,59.4,59.4,96.9,96.9,65.0
103.9,101.7,68.8,68.0,68.0,92.9,92.9,64.5
98.3,103.2,75.2,65.9,65.9,93.3,93.3,64.2
97.8,102.2,76.3,65.1,65.1,91.9,91.9,67.0
95.7,102.3,76.2,63.2,63.2,91.5,91.5,66.3
95.0,100.1,77.0,63.0,63.0,91.6,91.6,66.6
93.6,102.8,76.2,62.4,62.4,90.0,90.0,67.1
92.5,100.3,74.1,64.7,64.7,89.9,89.9,66.7
93.2,99.8,76.3,64.6,64.6,91.5,91.5,63.3
93.6,99.0,76.8,64.7,64.7,90.9,90.9,61.6
94.4,102.0,77.7,63.7,63.7,92.0,92.0,61.4
95.4,104.1,78.5,64.9,64.9,88.5,88.5,65.6
96.4,103.5,77.0,65.7,65.7,88.8,88.8,65.8
96.1,107.3,81.2,64.2,64.2,89.5,89.5,64.5
94.6,109.0,81.1,65.1,65.1,90.4,90.4,61.5
93.6,83.3,76.0,68.7,68.7,91.1,91.1,60.4
102.2,100.0,73.9,69.7,69.7,92.7,92.7,59.2
117.8,94.0,77.7,67.3,67.3,94.3,94.3,55.5
116.3,89.4,70.6,66.0,66.0,93.7,93.7,59.6
111.1,100.0,68.6,64.3,64.3,94.9,94.9,64.2
106.1,108.8,69.1,59.3,59.3,97.5,97.5,62.3
105.6,102.2,65.6,62.0,62.0,92.5,92.5,68.3
100.1,103.0,68.6,64.0,64.0,94.2,94.2,67.0
101.0,99.5,69.0,63.4,63.4,97.7,97.7,68.9
98.0,102.4,70.1,63.0,63.0,100.1,100.1,65.8
99.1,98.1,70.1,66.2,66.2,98.9,98.9,67.9
96.4,90.0,68.2,63.8,63.8,105.6,105.6,67.5
93.8,93.4,68.2,59.4,59.4,112.4,112.4,67.1
92.0,95.1,67.1,62.1,62.1,110.1,110.1,68.7
95.8,79.0,68.2,60.3,60.3,115.0,115.0,68.8
107.9,107.0,65.7,65.0,65.0,113.9,113.9,70.5
118.1,91.3,66.1,64.7,64.7,114.8,114.8,69.9
114.0,95.7,66.0,64.1,64.1,115.7,115.7,70.0
106.8,92.9,64.6,65.0,65.0,117.4,117.4,68.7
102.1,96.7,63.7,66.0,66.0,117.4,117.4,69.4
101.6,90.8,62.7,66.3,66.3,117.1,117.1,71.3
101.4,84.7,62.9,65.5,65.5,117.6,117.6,71.2
93.4,91.2,65.5,66.2,66.2,118.6,118.6,69.6
92.3,92.7,68.3,62.2,62.2,120.3,120.3,70.6
93.2,94.0,67.7,62.4,62.4,117.8,117.8,71.0
97.9,95.7,63.9,64.6,64.6,117.9,117.9,68.4
97.7,96.4,61.9,62.2,62.2,119.6,119.6,68.4
95.5,94.6,63.0,60.9,60.9,121.0,121.0,67.6
94.0,93.8,63.2,60.5,60.5,121.2,121.2,67.6
93.1,94.4,61.0,60.7,60.7,122.0,122.0,67.7
100.1,85.9,65.2,63.0,63.0,116.6,116.6,66.7
100.1,85.9,67.3,63.8,63.8,117.5,117.5,68.7
93.6,89.9,65.7,66.7,66.7,114.5,114.5,66.5
96.6,94.2,66.7,65.3,65.3,116.8,116.8,71.1
109.3,96.2,64.9,64.4,64.4,117.0,117.0,70.7
115.1,108.1,64.8,66.2,66.2,114.8,114.8,70.8
116.3,94.7,64.8,66.1,66.1,113.7,113.7,66.7
116.6,97.2,66.3,66.6,66.6,111.2,111.2,67.6
114.0,90.1,65.2,64.8,64.8,112.2,112.2,68.0
109.0,92.3,67.2,62.4,62.4,114.2,114.2,63.5
107.3,94.5,64.6,62.8,62.8,114.7,114.7,63.8
110.7,95.6,65.4,61.2,61.2,112.0,112.0,68.5
103.5,100.1,66.6,59.4,59.4,109.8,109.8,70.2
104.8,97.7,65.1,61.0,61.0,107.3,107.3,66.8
101.7,95.2,65.6,60.4,60.4,93.8,93.8,68.8
106.7,90.2,68.2,54.6,54.6,89.7,89.7,62.1
105.9,81.7,69.6,51.0,51.0,91.4,91.4,57.2
100.2,84.8,67.8,53.4,53.4,86.5,86.5,57.6
97.4,90.3,72.8,49.3,49.3,88.1,88.1,55.2
102.0,83.9,70.0,50.7,50.7,91.3,91.3,48.3
108.7,109.8,71.8,52.4,52.4,90.6,90.6,44.6
117.5,102.5,71.1,52.0,52.0,94.3,94.3,47.3
112.2,102.2,70.9,51.1,51.1,91.8,91.8,53.3
107.7,106.4,69.9,51.6,51.6,94.9,94.9,45.8
108.6,107.7,69.9,52.2,52.2,91.6,91.6,44.9
114.8,107.5,68.9,52.8,52.8,91.0,91.0,43.2
118.5,104.8,68.8,53.4,53.4,87.1,87.1,47.2
117.5,103.8,69.4,53.2,53.2,87.5,87.5,47.0
116.4,101.0,70.4,51.9,51.9,88.6,88.6,43.8
112.8,105.2,71.6,54.2,54.2,91.6,91.6,42.7
114.1,106.4,69.8,56.2,56.2,89.9,89.9,44.0
114.6,104.2,69.4,55.6,55.6,89.2,89.2,45.5
114.8,103.8,72.5,55.3,55.3,87.7,87.7,48.6
113.8,105.7,74.8,55.2,55.2,89.5,89.5,49.7
113.4,106.3,73.8,54.6,54.6,89.3,89.3,50.0
114.8,100.9,73.3,56.1,56.1,88.1,88.1,52.7
111.9,106.0,76.1,55.5,55.5,86.8,86.8,53.9
110.9,103.8,76.2,56.3,56.3,85.4,85.4,56.4
111.6,98.0,76.5,56.6,56.6,86.2,86.2,56.6
108.1,107.8,76.7,56.4,56.4,87.0,87.0,56.6
112.5,102.4,74.2,57.2,57.2,84.5,84.5,57.3
110.9,97.2,72.7,58.5,58.5,84.1,84.1,56.7
100.6,112.8,73.6,57.4,57.4,84.1,84.1,54.0
111.7,98.9,72.6,57.8,57.8,85.4,85.4,54.7
105.4,103.0,72.2,58.0,58.0,86.4,86.4,54.5
99.4,113.7,73.3,57.4,57.4,86.2,86.2,54.5
104.5,101.9,73.3,57.0,57.0,86.0,86.0,55.2
101.5,102.0,72.7,57.8,57.8,85.8,85.8,55.6
100.9,109.4,72.7,57.6,57.6,85.4,85.4,55.5
100.7,107.4,73.1,57.2,57.2,85.0,85.0,56.4
101.0,102.8,71.9,57.5,57.5,85.9,85.9,56.2
104.5,105.3,72.9,56.8,56.8,84.8,84.8,56.9
103.7,104.8,71.8,56.2,56.2,88.1,88.1,56.4
104.5,100.0,71.5,57.4,57.4,87.8,87.8,56.1
100.3,106.9,72.6,57.4,57.4,87.3,87.3,55.5
105.0,100.8,73.1,57.1,57.1,87.0,87.0,58.1
104.0,99.2,72.6,57.4,57.4,86.9,86.9,58.7
104.5,105.8,72.5,57.5,57.5,86.9,86.9,56.3
108.8,97.0,72.3,56.8,56.8,85.9,85.9,57.7
106.7,98.3,71.9,56.4,56.4,86.6,86.6,56.9
109.5,100.3,71.8,56.5,56.5,86.1,86.1,56.9
109.9,97.1,73.1,56.6,56.6,86.3,86.3,56.5
109.6,95.7,72.9,56.4,56.4,86.7,86.7,56.6
105.8,101.5,73.5,55.7,55.7,86.8,86.8,56.1
110.7,96.3,73.8,56.0,56.0,84.9,84.9,57.1
104.1,99.3,73.5,56.1,56.1,85.9,85.9,57.0
105.8,103.4,73.6,55.9,55.9,85.2,85.2,57.0
110.4,95.0,72.5,56.7,56.7,85.8,85.8,57.2
106.5,97.1,71.3,57.1,57.1,86.2,86.2,57.4
104.5,103.0,72.2,57.2,57.2,85.4,85.4,57.2
102.2,98.2,72.4,56.7,56.7,85.8,85.8,58.3
103.3,97.8,72.6,56.4,56.4,88.3,88.3,55.9
104.1,101.7,72.5,56.8,56.8,86.6,86.6,57.9
111.5,94.2,72.0,55.2,55.2,88.3,88.3,56.4
109.7,95.0,71.9,55.7,55.7,87.6,87.6,58.0
105.6,99.2,72.2,56.2,56.2,86.6,86.6,56.7
107.7,101.7,72.0,56.3,56.3,87.1,87.1,55.6
111.2,93.9,72.1,56.3,56.3,88.7,88.7,54.6
108.7,96.5,72.0,55.9,55.9,88.6,88.6,53.8
107.6,96.2,73.1,57.8,57.8,86.5,86.5,54.1
104.6,97.1,73.9,55.8,55.8,87.7,87.7,54.8
109.1,96.7,72.4,55.0,55.0,88.7,88.7,53.8
107.7,96.2,73.3,54.7,54.7,88.3,88.3,54.6
105.9,97.2,73.3,54.6,54.6,88.0,88.0,54.3
111.4,93.9,73.8,54.2,54.2,88.5,88.5,54.1
105.2,98.8,70.0,58.8,58.8,89.7,89.7,55.0
109.0,96.6,69.0,58.2,58.2,89.0,89.0,54.5
105.4,98.6,70.3,57.1,57.1,90.5,90.5,53.4
101.8,97.5,71.0,57.0,57.0,91.2,91.2,53.5
100.7,99.4,71.6,57.0,57.0,89.9,89.9,52.2
102.6,102.5,74.4,55.6,55.6,87.0,87.0,53.4
102.3,101.5,75.5,55.3,55.3,89.6,89.6,52.0
102.5,100.8,75.1,56.5,56.5,85.7,85.7,51.8
102.9,102.7,75.6,55.4,55.4,89.8,89.8,51.7
100.3,99.8,75.1,56.2,56.2,89.7,89.7,52.1
100.2,98.5,75.3,56.1,56.1,88.7,88.7,52.8
99.7,99.1,75.0,55.9,55.9,88.9,88.9,53.2
100.2,98.0,76.0,56.2,56.2,85.2,85.2,53.5
100.3,99.4,77.9,54.8,54.8,84.6,84.6,52.6
103.4,96.5,78.1,56.1,56.1,85.2,85.2,53.2
104.4,94.5,78.5,55.0,55.0,86.7,86.7,53.3
102.0,98.0,74.6,55.4,55.4,88.8,88.8,53.9
96.2,105.7,72.6,55.3,55.3,88.1,88.1,52.9
91.7,89.1,71.8,56.0,56.0,87.6,87.6,58.2
99.7,72.0,71.1,57.7,57.7,84.7,84.7,56.5
110.7,92.9,70.9,57.8,57.8,89.1,89.1,54.7
122.9,81.9,66.9,54.9,54.9,88.1,88.1,53.1
119.3,82.4,67.9,55.6,55.6,89.2,89.2,52.1
121.8,80.8,68.7,56.4,56.4,89.3,89.3,53.3
125.6,77.0,67.5,53.9,53.9,91.5,91.5,53.8
117.0,81.4,70.2,55.5,55.5,91.6,91.6,53.4
115.8,76.7,71.3,55.3,55.3,87.5,87.5,57.2
119.7,74.2,74.6,54.7,54.7,88.4,88.4,59.9
121.9,71.4,75.5,53.4,53.4,91.7,91.7,57.1
120.0,69.8,74.4,55.1,55.1,90.9,90.9,57.2
123.3,65.5,74.6,55.7,55.7,89.7,89.7,56.1
123.9,58.5,74.3,55.5,55.5,89.9,89.9,53.8
120.3,58.5,71.9,56.3,56.3,88.4,88.4,52.7
108.1,65.0,72.5,55.9,55.9,89.4,89.4,52.1
93.2,76.6,72.7,55.5,55.5,89.2,89.2,51.7
104.9,87.6,72.7,55.8,55.8,89.1,89.1,51.5
106.1,88.2,72.0,56.4,56.4,89.2,89.2,51.0
109.6,94.7,72.4,56.7,56.7,88.9,88.9,51.2
110.8,91.3,72.6,57.6,57.6,87.6,87.6,51.6
112.0,89.3,73.0,56.9,56.9,88.1,88.1,51.9
101.3,103.6,73.1,56.0,56.0,88.8,88.8,53.0
104.8,91.9,70.4,56.6,56.6,90.4,90.4,52.3
103.5,90.6,70.7,57.6,57.6,91.9,91.9,53.0
101.1,86.2,71.1,56.6,56.6,92.4,92.4,52.7
89.6,90.6,70.4,55.4,55.4,91.3,91.3,55.9
91.1,90.0,68.8,56.6,56.6,95.7,95.7,57.1
81.0,97.3,63.4,60.2,60.2,98.1,98.1,59.3
84.3,96.4,61.4,59.6,59.6,95.9,95.9,60.4
84.7,98.6,66.2,56.4,56.4,93.2,93.2,60.9
98.0,101.4,63.7,53.9,53.9,91.8,91.8,57.7
90.5,98.1,67.2,51.8,51.8,84.9,84.9,58.2
89.7,96.2,65.2,54.9,54.9,86.7,86.7,54.8
98.1,115.8,66.1,56.0,56.0,87.2,87.2,56.3
108.5,105.7,63.5,54.9,54.9,89.0,89.0,57.8
100.6,109.5,64.0,57.0,57.0,89.7,89.7,56.1
92.2,112.2,69.3,54.5,54.5,96.8,96.8,55.3
92.0,114.0,70.1,55.1,55.1,91.3,91.3,54.3
90.0,108.1,71.5,55.6,55.6,93.0,93.0,52.9
91.1,104.4,71.5,54.9,54.9,91.4,91.4,55.9
90.3,105.2,71.8,55.8,55.8,91.2,91.2,54.8
90.4,105.8,71.1,57.5,57.5,89.7,89.7,54.7
90.8,106.4,71.7,56.7,56.7,89.8,89.8,53.3
87.5,97.6,70.8,58.7,58.7,88.6,88.6,51.6
84.2,93.7,71.5,58.0,58.0,89.7,89.7,51.3
87.8,89.1,72.1,55.9,55.9,90.7,90.7,52.3
88.9,89.2,73.7,54.2,54.2,90.1,90.1,52.6
89.2,98.7,73.3,54.1,54.1,89.6,89.6,53.3
102.0,95.5,73.8,54.8,54.8,86.8,86.8,55.2
98.3,102.6,74.2,53.1,53.1,90.0,90.0,52.0
100.5,104.6,73.5,52.7,52.7,85.7,85.7,50.5
108.6,93.4,71.4,51.5,51.5,83.9,83.9,51.6
100.6,92.8,67.1,50.9,50.9,86.3,86.3,52.5
110.2,102.2,63.0,51.2,51.2,87.2,87.2,50.5
109.8,100.8,63.5,47.8,47.8,88.4,88.4,47.9
108.8,100.3,61.8,50.8,50.8,88.4,88.4,44.6
108.4,101.3,62.0,47.6,47.6,87.2,87.2,44.5
114.6,97.4,61.3,50.6,50.6,81.7,81.7,54.0
109.8,95.7,63.4,50.6,50.6,83.6,83.6,54.8
103.2,90.9,67.0,52.8,52.8,91.2,91.2,57.5
87.2,91.6,67.3,58.8,58.8,94.7,94.7,60.8
85.6,77.1,69.7,59.4,59.4,101.3,101.3,56.5
86.4,83.1,68.4,61.5,61.5,96.3,96.3,64.0
95.5,80.1,74.1,62.7,62.7,96.4,96.4,66.5
87.9,89.3,78.3,64.6,64.6,90.5,90.5,74.1
89.2,92.5,72.6,65.1,65.1,87.5,87.5,82.8
90.6,85.7,96.0,52.1,52.1,89.7,89.7,77.5
93.4,92.6,67.7,55.9,55.9,87.8,87.8,69.7
88.3,78.6,69.8,51.8,51.8,85.4,85.4,72.1
93.9,105.2,71.2,50.1,50.1,91.2,91.2,70.7
102.3,121.5,64.4,56.2,56.2,86.4,86.4,71.8
109.4,101.7,70.3,57.2,57.2,87.5,87.5,74.2
100.9,105.2,70.0,56.6,56.6,89.8,89.8,73.9
97.9,103.5,70.7,56.4,56.4,91.8,91.8,72.8
95.5,102.6,72.3,55.8,55.8,94.1,94.1,70.2
97.3,98.7,70.3,56.2,56.2,97.9,97.9,69.5
97.4,92.4,68.9,58.1,58.1,101.0,101.0,68.5
92.9,96.3,69.9,57.1,57.1,101.1,101.1,67.5
93.5,94.4,66.6,59.3,59.3,104.4,104.4,67.1
93.3,93.0,68.6,59.2,59.2,103.3,103.3,66.8
97.7,92.3,68.8,58.8,58.8,101.3,101.3,69.8
98.0,96.1,68.0,60.6,60.6,98.9,98.9,68.3
93.0,103.3,66.1,56.8,56.8,102.7,102.7,67.2
96.6,103.6,66.0,58.0,58.0,102.6,102.6,68.2
97.2,103.2,64.8,57.9,57.9,101.7,101.7,69.3
92.8,105.6,65.9,58.9,58.9,102.3,102.3,68.4
90.4,102.2,63.1,60.7,60.7,101.3,101.3,66.5
88.3,105.5,63.5,59.1,59.1,97.0,97.0,61.9
96.1,90.3,62.3,56.7,56.7,93.5,93.5,59.9
105.4,126.8,62.3,55.5,55.5,91.5,91.5,58.5
114.1,114.8,61.5,58.8,58.8,91.1,91.1,58.0
103.4,113.6,65.2,57.0,57.0,95.4,95.4,58.1
101.7,111.9,69.7,57.5,57.5,96.5,96.5,58.9
97.8,117.3,69.8,56.6,56.6,97.9,97.9,58.5
94.9,116.0,69.8,55.1,55.1,103.2,103.2,57.3
93.6,117.9,67.5,59.9,59.9,97.8,97.8,58.4
91.9,115.7,68.2,59.6,59.6,99.3,99.3,60.4
92.2,110.0,68.0,56.3,56.3,98.5,98.5,58.7
92.2,107.1,68.6,54.2,54.2,94.8,94.8,55.6
92.9,103.3,71.5,51.0,51.0,93.7,93.7,53.6
94.7,99.2,68.7,50.3,50.3,91.9,91.9,52.5
96.1,97.9,67.1,50.5,50.5,85.8,85.8,56.7
97.4,96.4,66.4,49.1,49.1,87.4,87.4,55.1
98.2,95.3,66.7,49.8,49.8,88.1,88.1,55.0
98.5,97.7,66.3,48.8,48.8,87.3,87.3,56.1
96.4,99.7,66.4,49.2,49.2,85.3,85.3,57.5
91.7,104.3,67.8,49.1,49.1,85.8,85.8,58.7
88.7,107.0,68.2,49.9,49.9,85.7,85.7,59.5
83.7,105.7,69.2,51.7,51.7,89.9,89.9,51.8
78.5,92.6,68.1,52.9,52.9,92.8,92.8,55.9
76.2,75.3,69.5,51.8,51.8,93.5,93.5,57.8
89.0,97.4,71.0,51.5,51.5,94.9,94.9,59.0
98.9,97.4,72.0,51.8,51.8,94.1,94.1,57.2
97.4,101.1,71.1,52.7,52.7,98.3,98.3,53.6
96.4,96.5,71.2,55.1,55.1,94.4,94.4,52.6
99.7,104.5,69.9,56.4,56.4,94.1,94.1,54.6
105.8,100.7,70.5,56.1,56.1,92.9,92.9,57.4
98.9,102.3,70.1,57.2,57.2,95.6,95.6,59.5
100.2,99.7,69.7,59.2,59.2,91.7,91.7,60.8
100.2,102.4,70.0,59.0,59.0,93.0,93.0,60.6
104.6,100.1,71.3,58.3,58.3,94.4,94.4,62.9
97.8,101.2,72.2,57.6,57.6,94.5,94.5,64.5
98.6,101.1,69.5,60.8,60.8,93.4,93.4,62.5
97.8,104.0,70.1,61.7,61.7,95.9,95.9,60.4
103.3,101.3,70.2,62.2,62.2,95.6,95.6,60.9
98.1,103.7,71.3,62.1,62.1,97.4,97.4,60.6
105.9,102.0,71.9,62.2,62.2,97.1,97.1,61.8
105.2,101.7,71.9,62.2,62.2,96.6,96.6,63.8
101.9,100.5,71.6,61.9,61.9,96.1,96.1,64.1
105.7,99.4,72.3,62.5,62.5,97.0,97.0,63.1
103.8,98.3,70.6,61.2,61.2,97.4,97.4,63.2
105.0,98.0,71.2,61.0,61.0,96.5,96.5,63.6
105.7,97.6,71.1,60.7,60.7,97.0,97.0,63.7
99.3,96.6,70.8,61.3,61.3,100.4,100.4,60.3
101.9,97.4,71.8,60.4,60.4,100.3,100.3,61.0
94.2,97.2,72.1,60.5,60.5,99.3,99.3,60.8
95.2,99.4,72.2,63.7,63.7,95.8,95.8,60.4
94.0,98.7,72.2,60.6,60.6,99.7,99.7,60.6
91.4,97.1,72.1,60.0,60.0,100.2,100.2,61.1
93.0,97.5,70.8,60.9,60.9,101.0,101.0,61.8
95.0,98.9,70.8,61.1,61.1,97.4,97.4,64.4
94.7,93.7,73.3,59.0,59.0,96.4,96.4,65.1
93.4,95.4,72.6,59.6,59.6,96.8,96.8,64.9
89.9,98.9,73.3,60.0,60.0,97.8,97.8,65.8
91.3,95.0,72.2,59.8,59.8,98.1,98.1,66.3
89.8,95.6,69.1,61.8,61.8,98.7,98.7,66.3
91.5,94.9,74.3,59.8,59.8,97.5,97.5,66.1
90.1,96.5,76.5,59.4,59.4,97.2,97.2,64.9
90.9,98.0,75.4,59.0,59.0,95.3,95.3,65.5
91.2,97.4,73.1,60.5,60.5,94.7,94.7,65.3
91.4,94.4,73.4,59.7,59.7,98.2,98.2,61.2
92.3,98.9,73.5,62.3,62.3,94.3,94.3,61.8
90.8,102.2,74.5,63.2,63.2,93.3,93.3,62.4
90.9,99.3,74.5,63.4,63.4,93.6,93.6,62.6
90.4,101.2,70.8,67.0,67.0,93.8,93.8,62.2
93.9,97.4,70.9,66.9,66.9,94.1,94.1,62.4
93.4,98.6,71.5,66.9,66.9,92.6,92.6,63.2
92.3,101.4,75.0,62.9,62.9,93.3,93.3,63.6
91.7,107.7,74.9,63.2,63.2,93.5,93.5,63.6
94.1,105.8,75.8,63.4,63.4,92.9,92.9,63.1
75.3,84.8,74.4,64.5,64.5,92.4,92.4,64.0
80.0,95.6,74.5,64.0,64.0,92.2,92.2,61.9
97.1,102.3,74.6,63.1,63.1,91.1,91.1,62.1
101.1,99.8,72.3,63.6,63.6,92.0,92.0,62.3
100.9,99.3,76.8,60.1,60.1,91.5,91.5,62.3
100.2,98.9,76.7,60.1,60.1,91.0,91.0,64.2
100.5,97.0,68.9,64.1,64.1,91.9,91.9,65.3
100.7,99.4,72.4,62.6,62.6,92.4,92.4,66.3
101.5,98.9,72.3,62.8,62.8,94.1,94.1,67.7
106.4,100.7,69.8,63.8,63.8,92.7,92.7,66.1
103.0,99.5,71.3,63.6,63.6,95.1,95.1,63.7
101.9,100.3,70.4,60.5,60.5,98.0,98.0,63.1
101.9,97.3,69.8,61.6,61.6,96.8,96.8,63.6
100.0,98.6,71.8,59.9,59.9,95.6,95.6,64.2
105.3,97.0,73.4,59.1,59.1,97.0,97.0,65.1
102.0,98.4,73.7,63.5,63.5,93.7,93.7,66.5
102.7,95.9,75.1,61.4,61.4,94.0,94.0,65.7
97.6,97.5,76.1,61.8,61.8,94.1,94.1,64.1
97.0,99.4,77.1,62.1,62.1,93.2,93.2,63.5
97.0,97.9,73.2,65.8,65.8,92.6,92.6,64.4
97.3,95.9,72.2,66.7,66.7,92.5,92.5,64.6
97.9,97.8,71.6,66.5,66.5,91.1,91.1,65.4
95.2,99.2,72.3,66.4,66.4,92.3,92.3,64.6
98.3,99.2,72.4,66.6,66.6,92.5,92.5,64.4
98.1,99.0,73.0,66.9,66.9,92.8,92.8,62.5
97.8,99.8,69.6,67.7,67.7,91.6,91.6,61.8
93.4,106.1,72.7,65.3,65.3,88.9,88.9,64.5
90.3,75.0,71.1,66.8,66.8,88.0,88.0,64.6
95.2,65.0,71.0,63.6,63.6,92.2,92.2,65.5
68.4,116.1,70.9,62.5,62.5,91.9,91.9,65.1
116.3,89.0,69.0,62.3,62.3,94.7,94.7,62.1
116.7,81.4,72.4,60.7,60.7,92.7,92.7,62.1
116.3,81.2,70.9,60.7,60.7,92.2,92.2,61.6
114.1,78.2,72.0,60.5,60.5,94.2,94.2,61.2
110.3,82.2,76.3,59.6,59.6,91.3,91.3,64.2
110.8,76.3,69.3,61.8,61.8,92.8,92.8,66.4
112.3,73.8,69.6,62.2,62.2,93.6,93.6,65.8
114.3,65.9,73.1,60.3,60.3,93.4,93.4,64.8
112.1,63.6,72.7,59.7,59.7,93.8,93.8,63.6
111.6,58.9,73.2,59.9,59.9,92.9,92.9,63.9
110.5,57.5,69.5,62.7,62.7,92.7,92.7,64.0
107.0,60.1,70.8,64.3,64.3,91.4,91.4,59.9
100.3,59.6,71.7,64.1,64.1,91.7,91.7,59.7
101.6,82.1,74.4,63.7,63.7,89.3,89.3,61.4
105.6,84.0,72.1,65.6,65.6,88.7,88.7,61.4
103.9,93.7,72.4,65.7,65.7,88.1,88.1,61.6
104.3,84.4,71.8,66.8,66.8,87.7,87.7,61.3
105.9,82.3,72.3,65.9,65.9,88.0,88.0,61.4
105.5,88.8,72.1,66.0,66.0,88.7,88.7,61.5
103.5,84.0,75.2,63.8,63.8,89.6,89.6,60.5
106.1,82.7,75.1,63.2,63.2,90.1,90.1,61.6
106.9,80.6,75.1,63.0,63.0,90.0,90.0,61.5
106.5,81.6,73.8,62.0,62.0,89.8,89.8,61.3
105.1,83.1,74.5,61.2,61.2,88.6,88.6,64.3
105.1,78.7,73.1,61.2,61.2,90.3,90.3,65.2
106.5,75.7,72.8,61.4,61.4,91.7,91.7,63.9
103.9,81.2,73.2,61.1,61.1,92.4,92.4,63.9
104.4,73.5,72.6,61.0,61.0,91.5,91.5,64.0
105.0,72.0,72.4,60.6,60.6,90.8,90.8,64.6
103.5,71.9,72.1,60.9,60.9,91.3,91.3,63.1
103.1,69.7,72.8,60.9,60.9,88.4,88.4,63.5
99.9,71.8,72.6,61.4,61.4,87.9,87.9,64.0
100.2,71.3,72.9,61.4,61.4,89.0,89.0,63.4
99.6,66.0,73.0,61.2,61.2,87.5,87.5,63.8
99.2,66.3,73.0,61.6,61.6,86.4,86.4,63.6
100.1,64.2,73.0,61.6,61.6,87.2,87.2,63.4
99.7,65.5,73.4,61.0,61.0,86.9,86.9,63.7
100.5,58.7,73.5,61.2,61.2,87.3,87.3,64.4
100.1,64.4,73.6,61.8,61.8,87.2,87.2,64.0
100.6,56.1,73.9,60.1,60.1,90.7,90.7,61.5
106.9,52.0,73.4,60.5,60.5,87.4,87.4,64.7
107.6,49.3,74.5,60.0,60.0,88.1,88.1,63.8
110.2,51.0,72.8,60.3,60.3,89.2,89.2,63.9
105.6,50.8,73.4,59.8,59.8,88.5,88.5,64.1
109.4,48.2,74.0,59.4,59.4,88.7,88.7,64.0
96.1,79.9,74.4,60.3,60.3,89.8,89.8,61.8
89.1,87.8,74.3,61.0,61.0,86.3,86.3,65.6
99.4,93.9,75.0,61.2,61.2,86.6,86.6,65.1
99.5,95.0,75.7,62.6,62.6,87.4,87.4,64.9
105.9,97.0,71.0,66.4,66.4,88.7,88.7,62.4
108.5,93.4,72.9,67.6,67.6,89.2,89.2,63.2
108.9,95.1,73.7,65.7,65.7,89.6,89.6,63.0
111.9,96.4,74.0,65.7,65.7,90.8,90.8,63.8
107.4,97.8,72.1,65.5,65.5,91.0,91.0,64.6
104.8,96.2,70.5,66.2,66.2,93.0,93.0,64.3
103.9,95.4,73.6,63.9,63.9,93.1,93.1,64.1
100.0,96.7,73.1,61.3,61.3,95.8,95.8,63.1
97.7,94.7,73.1,60.6,60.6,95.4,95.4,63.4
97.0,96.5,73.8,60.8,60.8,96.6,96.6,64.7
97.2,102.5,74.6,61.0,61.0,96.3,96.3,66.4
95.0,98.4,68.4,64.2,64.2,97.8,97.8,66.2
93.7,96.9,68.3,64.3,64.3,96.8,96.8,66.5
93.6,94.8,68.7,65.6,65.6,96.1,96.1,64.5
93.8,92.7,69.1,65.2,65.2,93.8,93.8,67.3
94.8,92.3,69.4,65.4,65.4,95.7,95.7,65.0
95.8,88.9,69.7,66.3,66.3,96.5,96.5,65.3
96.1,89.9,66.6,68.6,68.6,93.5,93.5,66.9
95.1,93.0,74.6,63.5,63.5,93.2,93.2,67.2
96.1,89.7,69.9,66.8,66.8,94.0,94.0,67.4
98.4,89.1,74.4,63.5,63.5,93.7,93.7,67.9
95.1,89.3,71.0,66.3,66.3,93.6,93.6,68.0
95.7,88.1,66.6,67.6,67.6,93.9,93.9,68.6
95.3,88.3,71.5,64.4,64.4,94.4,94.4,68.8
94.7,90.5,71.0,60.6,60.6,98.0,98.0,68.0
95.5,91.5,71.2,60.9,60.9,98.3,98.3,67.4
93.7,95.5,70.6,60.9,60.9,97.8,97.8,67.2
91.3,104.1,70.4,60.2,60.2,98.1,98.1,65.7
85.5,94.9,69.5,60.5,60.5,98.9,98.9,65.2
76.9,98.0,72.8,58.5,58.5,98.9,98.9,64.8
83.3,101.0,73.4,58.6,58.6,98.2,98.2,66.1
94.9,103.9,72.1,59.5,59.5,98.0,98.0,66.4
104.3,97.3,73.1,58.5,58.5,98.3,98.3,67.3
103.4,100.5,72.8,63.4,63.4,94.4,94.4,68.5
103.1,98.8,71.3,66.0,66.0,94.2,94.2,69.0
102.7,98.4,72.7,65.3,65.3,93.3,93.3,69.0
105.0,98.1,74.2,66.0,66.0,93.1,93.1,68.2
101.1,101.7,75.4,65.2,65.2,93.1,93.1,67.4
104.2,98.8,75.1,64.7,64.7,91.7,91.7,69.1
105.6,95.2,75.3,63.8,63.8,88.9,88.9,69.1
99.3,101.0,74.9,65.2,65.2,92.5,92.5,67.9
98.6,95.3,74.6,64.4,64.4,92.1,92.1,67.7
95.4,92.2,74.8,64.7,64.7,92.4,92.4,67.1
90.6,93.7,75.4,63.7,63.7,92.6,92.6,67.7
96.2,90.2,75.5,64.0,64.0,92.0,92.0,68.1
90.5,93.9,73.5,64.2,64.2,92.8,92.8,67.9
91.9,93.1,73.4,64.1,64.1,93.4,93.4,67.4
92.6,93.3,78.5,60.7,60.7,93.4,93.4,67.2
90.9,94.5,78.8,57.8,57.8,96.2,96.2,66.6
91.2,92.7,78.6,61.4,61.4,92.3,92.3,67.2
92.2,91.6,78.3,58.1,58.1,95.6,95.6,67.2
91.3,92.8,77.8,58.3,58.3,94.4,94.4,66.0
92.6,90.8,77.2,57.8,57.8,93.2,93.2,66.1
91.5,91.1,77.1,58.2,58.2,91.8,91.8,68.2
90.2,92.4,73.4,60.1,60.1,91.7,91.7,68.1
88.4,96.6,73.1,60.1,60.1,92.1,92.1,68.4
87.5,99.0,73.9,58.6,58.6,92.1,92.1,66.8
86.3,100.2,77.4,57.4,57.4,90.3,90.3,66.4
86.5,103.9,78.3,56.9,56.9,90.2,90.2,66.1
87.5,105.5,74.6,59.5,59.5,93.3,93.3,60.9
90.3,104.5,75.4,58.9,58.9,94.3,94.3,61.5
91.2,106.1,75.8,58.9,58.9,94.3,94.3,61.3
91.3,111.5,75.2,59.6,59.6,93.6,93.6,61.6
89.0,114.3,74.9,63.9,63.9,91.9,91.9,60.7
88.2,122.0,74.6,64.1,64.1,90.9,90.9,60.8
88.0,99.1,74.2,64.4,64.4,90.5,90.5,61.0
87.6,85.4,74.6,64.6,64.6,90.2,90.2,61.2
99.2,84.3,74.7,64.2,64.2,90.3,90.3,61.4
113.4,84.3,75.2,64.5,64.5,89.8,89.8,61.4
109.6,89.4,75.4,64.0,64.0,90.0,90.0,62.4
113.8,96.2,76.0,63.1,63.1,91.3,91.3,62.9
112.1,98.1,76.6,63.1,63.1,89.6,89.6,66.7
118.0,100.8,75.2,63.0,63.0,90.7,90.7,65.8
120.4,96.1,72.3,65.1,65.1,91.3,91.3,65.1
121.3,90.5,73.9,59.8,59.8,96.1,96.1,64.6
121.7,98.3,65.4,63.4,63.4,95.1,95.1,66.5
116.8,97.3,72.7,62.3,62.3,92.4,92.4,65.9
112.9,91.8,73.2,58.1,58.1,93.5,93.5,65.4
113.5,98.4,74.7,59.0,59.0,93.4,93.4,66.2
112.6,93.8,75.0,58.0,58.0,94.2,94.2,65.1
110.9,89.3,73.9,58.3,58.3,96.0,96.0,64.1
110.1,91.6,74.2,57.6,57.6,95.5,95.5,63.5
111.2,89.1,73.6,57.0,57.0,96.3,96.3,63.2
111.7,85.4,72.6,57.9,57.9,95.9,95.9,62.6
111.4,85.1,73.4,57.5,57.5,96.5,96.5,61.9
114.4,83.2,74.0,57.6,57.6,95.6,95.6,61.8
114.4,87.2,73.3,58.4,58.4,96.2,96.2,61.4
115.0,88.6,69.8,60.9,60.9,96.5,96.5,61.4
114.6,89.2,66.5,63.7,63.7,95.9,95.9,61.3
113.3,83.5,65.9,68.2,68.2,91.2,91.2,61.1
112.7,90.7,75.6,63.6,63.6,90.9,90.9,61.0
110.1,90.9,74.8,63.6,63.6,90.9,90.9,62.2
109.4,86.0,74.1,59.3,59.3,95.6,95.6,61.4
110.1,90.7,75.6,58.7,58.7,94.6,94.6,61.9
109.2,90.8,74.5,63.4,63.4,90.1,90.1,61.8
112.8,84.4,75.3,58.8,58.8,94.3,94.3,62.1
113.0,85.4,73.6,59.3,59.3,95.5,95.5,63.4
114.2,83.8,71.7,59.2,59.2,95.5,95.5,63.1
115.4,83.0,68.8,61.6,61.6,94.5,94.5,65.9
114.5,83.7,68.7,62.3,62.3,94.6,94.6,65.1
115.6,82.5,68.7,61.2,61.2,94.0,94.0,64.5
113.7,89.5,68.9,62.1,62.1,92.8,92.8,64.3
114.4,89.3,73.5,59.0,59.0,94.4,94.4,60.8
115.5,86.2,74.7,62.7,62.7,89.9,89.9,61.7
113.1,91.2,76.6,63.4,63.4,88.8,88.8,61.3
115.3,89.7,68.0,67.8,67.8,89.9,89.9,61.4
119.4,85.0,75.9,62.1,62.1,91.4,91.4,60.4
120.6,88.5,72.2,61.1,61.1,91.4,91.4,64.0
118.4,86.9,74.5,59.9,59.9,91.6,91.6,64.8
115.5,84.8,70.2,62.9,62.9,91.3,91.3,66.2
118.1,84.7,69.4,60.8,60.8,92.7,92.7,66.7
114.2,87.0,69.5,59.6,59.6,96.5,96.5,65.5
104.9,93.4,70.6,62.3,62.3,92.7,92.7,63.4
103.7,90.5,68.7,62.6,62.6,94.0,94.0,63.2
103.3,85.2,70.9,59.2,59.2,91.3,91.3,59.3
105.9,83.7,70.0,58.3,58.3,90.6,90.6,58.6
101.5,82.8,69.2,59.2,59.2,88.7,88.7,60.9
99.3,82.4,70.6,57.9,57.9,92.1,92.1,60.5
99.3,81.6,75.6,53.6,53.6,88.8,88.8,63.5
94.9,80.5,75.4,56.7,56.7,89.7,89.7,63.7
96.5,64.0,76.1,57.1,57.1,89.4,89.4,63.3
105.5,55.6,73.7,58.5,58.5,94.2,94.2,59.6
107.1,47.3,74.7,61.8,61.8,92.6,92.6,59.1
109.7,77.5,74.6,61.8,61.8,93.1,93.1,59.2
116.2,85.3,77.0,58.8,58.8,91.8,91.8,59.3
112.6,92.2,76.2,57.0,57.0,92.5,92.5,61.5
111.1,92.8,76.2,59.5,59.5,91.2,91.2,61.3
111.7,87.7,72.4,62.8,62.8,91.7,91.7,59.2
114.1,86.3,73.4,60.9,60.9,89.1,89.1,61.1
111.7,83.4,75.8,57.5,57.5,88.9,88.9,61.0
112.4,83.1,73.3,59.5,59.5,88.1,88.1,62.9
110.8,81.8,73.7,59.8,59.8,88.0,88.0,62.2
113.2,74.4,73.4,59.7,59.7,88.9,88.9,62.6
113.1,73.7,77.0,58.3,58.3,88.1,88.1,61.9
111.0,73.2,77.1,57.7,57.7,87.6,87.6,62.7
108.1,67.2,76.2,57.6,57.6,87.2,87.2,62.7
110.3,65.4,76.5,57.6,57.6,87.1,87.1,62.8
108.1,64.2,76.6,57.0,57.0,87.4,87.4,62.7
109.7,65.4,76.7,57.6,57.6,86.6,86.6,63.6
110.3,59.0,76.7,57.6,57.6,87.5,87.5,63.8
111.2,54.2,75.2,57.2,57.2,88.6,88.6,63.9
108.7,50.1,76.8,57.3,57.3,89.1,89.1,62.7
112.1,47.5,73.2,60.4,60.4,89.0,89.0,62.9
109.9,49.3,73.9,59.6,59.6,89.4,89.4,62.4
95.2,60.5,71.0,66.0,66.0,85.4,85.4,62.8
95.2,78.9,71.9,65.9,65.9,85.5,85.5,62.6
100.9,77.1,71.9,66.5,66.5,85.7,85.7,62.6
98.0,80.2,71.3,63.9,63.9,90.3,90.3,62.4
108.0,85.7,72.2,67.2,67.2,85.3,85.3,62.3
106.9,82.6,71.5,64.6,64.6,89.5,89.5,61.9
104.1,89.6,72.1,67.5,67.5,85.7,85.7,62.1
104.5,87.1,72.3,67.2,67.2,86.6,86.6,62.4
105.8,77.8,72.5,66.9,66.9,86.6,86.6,61.1
107.2,81.6,72.0,65.3,65.3,90.0,90.0,61.7
104.1,83.0,71.8,64.8,64.8,90.1,90.1,62.1
99.9,81.8,71.1,64.3,64.3,91.3,91.3,63.2
102.6,78.5,71.2,63.1,63.1,91.7,91.7,64.3
99.1,74.1,70.9,63.9,63.9,91.8,91.8,65.2
96.9,76.0,70.1,64.1,64.1,91.5,91.5,64.0
96.7,74.8,72.3,63.1,63.1,93.1,93.1,62.5
89.7,78.8,71.1,64.9,64.9,92.4,92.4,62.9
103.3,72.1,71.2,64.3,64.3,92.5,92.5,62.1
85.8,91.7,72.0,63.7,63.7,91.8,91.8,63.3
87.5,101.0,69.5,63.9,63.9,92.4,92.4,61.9
89.4,104.7,74.2,62.0,62.0,91.6,91.6,62.4
94.2,111.2,70.7,67.4,67.4,92.3,92.3,60.2
96.4,109.0,70.0,66.6,66.6,92.2,92.2,59.8
98.0,108.4,70.2,66.1,66.1,92.6,92.6,59.0
98.0,107.5,69.3,65.7,65.7,92.4,92.4,60.8
94.9,105.7,72.5,60.3,60.3,97.2,97.2,61.4
96.4,104.6,75.6,60.7,60.7,94.1,94.1,62.5
94.7,104.0,75.1,58.3,58.3,97.5,97.5,63.4
92.2,105.0,69.8,62.0,62.0,99.2,99.2,62.9
89.8,106.5,70.4,60.5,60.5,102.1,102.1,63.9
88.7,109.4,69.3,61.1,61.1,105.0,105.0,63.9
88.6,111.0,69.9,60.9,60.9,106.3,106.3,63.8
89.3,110.7,70.2,61.0,61.0,107.0,107.0,63.3
90.1,108.6,70.1,60.9,60.9,108.5,108.5,63.2
95.1,95.3,70.0,60.5,60.5,109.2,109.2,64.0
88.5,86.2,69.5,60.9,60.9,111.7,111.7,62.9
87.2,88.0,69.8,61.2,61.2,112.6,112.6,61.8
88.8,94.6,70.1,61.4,61.4,113.4,113.4,62.0
93.6,100.5,70.7,61.0,61.0,113.1,113.1,61.9
99.0,103.0,70.7,64.5,64.5,108.3,108.3,60.7
102.2,100.1,72.5,64.5,64.5,106.4,106.4,61.6
98.8,101.2,68.8,65.6,65.6,106.2,106.2,62.5
97.3,100.0,69.1,65.8,65.8,106.2,106.2,61.4
96.4,95.1,70.0,66.0,66.0,107.2,107.2,60.9
96.7,95.5,73.8,64.0,64.0,107.8,107.8,61.9
93.5,109.4,74.6,62.8,62.8,107.9,107.9,62.7
107.0,96.7,74.2,62.9,62.9,108.3,108.3,62.7
96.6,101.8,73.3,66.7,66.7,106.4,106.4,61.5
96.0,103.8,72.6,63.7,63.7,109.1,109.1,62.4
106.7,96.5,70.2,65.1,65.1,109.2,109.2,61.6
97.8,101.4,72.6,63.7,63.7,109.0,109.0,61.6
98.8,100.7,70.5,65.2,65.2,107.9,107.9,61.7
101.2,102.8,74.2,61.7,61.7,107.5,107.5,62.2
107.0,98.8,71.8,69.2,69.2,101.7,101.7,62.6
101.6,99.7,72.9,65.2,65.2,106.0,106.0,64.6
99.8,103.4,75.2,66.3,66.3,102.6,102.6,64.8
108.1,98.4,74.1,63.6,63.6,105.3,105.3,64.6
99.9,100.5,74.5,68.6,68.6,102.3,102.3,64.5
97.7,101.0,73.2,69.6,69.6,100.8,100.8,65.0
96.7,100.1,73.5,69.7,69.7,99.4,99.4,65.1
97.0,100.1,74.6,70.0,70.0,97.7,97.7,65.1
98.2,98.7,79.2,66.8,66.8,98.4,98.4,64.2
98.8,95.4,80.0,64.5,64.5,99.2,99.2,63.9
99.5,98.6,80.9,65.0,65.0,97.5,97.5,61.2
98.7,93.6,79.8,66.2,66.2,98.4,98.4,61.2
96.6,94.6,79.1,67.0,67.0,98.8,98.8,60.8
97.2,93.2,79.1,66.8,66.8,99.8,99.8,61.0
94.1,92.6,76.9,66.4,66.4,100.7,100.7,61.8
91.6,96.3,78.2,66.9,66.9,100.9,100.9,62.3
91.7,93.9,78.4,66.4,66.4,100.0,100.0,62.5
91.5,96.0,75.5,68.6,68.6,99.4,99.4,62.7
93.1,95.1,74.7,68.9,68.9,98.8,98.8,62.8
93.1,96.0,74.4,68.6,68.6,99.4,99.4,63.6
92.9,98.2,75.7,67.8,67.8,98.0,98.0,64.6
93.2,95.7,73.4,63.6,63.6,101.3,101.3,65.5
94.0,95.0,75.3,63.4,63.4,101.0,101.0,66.0
91.6,97.6,71.3,61.9,61.9,103.2,103.2,67.4
91.2,97.7,71.1,62.2,62.2,102.7,102.7,66.6
91.3,99.6,72.9,65.3,65.3,99.5,99.5,64.0
90.1,103.3,75.3,62.2,62.2,99.4,99.4,66.8
89.8,105.5,76.1,61.1,61.1,98.7,98.7,66.6
88.5,107.5,77.5,62.3,62.3,97.0,97.0,66.9
88.7,114.7,77.9,60.9,60.9,96.2,96.2,65.9
88.0,115.7,78.6,64.3,64.3,92.9,92.9,65.7
87.5,116.2,78.0,64.0,64.0,92.7,92.7,65.6
88.2,116.1,78.9,64.3,64.3,92.1,92.1,66.0
87.5,121.2,77.8,63.7,63.7,93.3,93.3,64.7
88.3,120.4,76.5,59.7,59.7,97.9,97.9,65.1
88.9,123.1,76.1,60.9,60.9,98.5,98.5,64.3
90.1,123.2,76.9,63.8,63.8,94.4,94.4,64.2
94.0,111.2,77.2,65.3,65.3,94.7,94.7,63.2
79.5,90.2,77.4,65.0,65.0,95.9,95.9,62.9
93.1,89.0,76.6,65.7,65.7,97.0,97.0,61.9
105.3,84.3,73.4,70.3,70.3,95.2,95.2,62.2
108.6,88.7,75.9,69.2,69.2,94.9,94.9,62.1
106.0,93.6,74.2,69.7,69.7,96.9,96.9,62.2
106.8,94.9,77.0,69.0,69.0,95.6,95.6,61.3
108.3,91.2,73.2,71.0,71.0,96.5,96.5,60.7
109.0,94.8,77.6,68.5,68.5,96.5,96.5,61.3
106.9,94.3,77.1,67.6,67.6,96.6,96.6,61.2
109.2,91.2,73.2,69.8,69.8,97.3,97.3,60.8
110.9,97.9,76.7,68.3,68.3,95.8,95.8,63.1
111.0,94.4,73.7,69.1,69.1,97.1,97.1,62.1
109.8,92.8,75.0,64.1,64.1,101.5,101.5,62.6
109.6,95.6,75.2,63.4,63.4,100.3,100.3,63.1
108.3,93.1,74.3,63.0,63.0,100.1,100.1,62.8
107.5,93.1,73.5,64.1,64.1,99.9,99.9,62.9
107.8,95.3,74.3,63.0,63.0,99.2,99.2,63.6
106.8,91.6,74.1,63.7,63.7,99.7,99.7,63.2
105.8,91.4,70.9,66.7,66.7,99.2,99.2,62.8
106.2,94.6,73.9,64.1,64.1,98.4,98.4,61.3
104.0,90.6,73.9,63.7,63.7,98.4,98.4,61.3
104.2,91.4,74.0,63.6,63.6,97.8,97.8,61.5
106.2,92.4,73.5,62.8,62.8,98.1,98.1,62.1
104.7,89.8,73.6,62.3,62.3,97.1,97.1,66.1
105.2,92.3,73.5,62.6,62.6,96.1,96.1,62.6
105.5,91.1,75.1,61.2,61.2,96.9,96.9,62.3
102.7,92.6,73.7,62.2,62.2,95.8,95.8,66.6
104.5,93.5,73.4,61.8,61.8,96.4,96.4,62.7
110.4,87.9,73.7,62.2,62.2,94.9,94.9,65.7
105.6,89.2,73.9,63.6,63.6,94.4,94.4,65.5
105.5,92.8,69.7,65.4,65.4,96.2,96.2,65.1
108.1,90.5,73.6,63.2,63.2,95.8,95.8,64.9
111.5,87.6,75.0,62.2,62.2,97.3,97.3,64.9
109.2,87.1,75.0,68.2,68.2,92.4,92.4,65.7
111.0,88.8,75.5,67.7,67.7,91.2,91.2,66.1
111.4,89.7,75.6,66.8,66.8,90.1,90.1,65.9
114.6,87.7,75.2,68.4,68.4,91.4,91.4,65.7
112.6,88.7,75.7,67.7,67.7,91.1,91.1,63.7
114.4,87.8,76.5,64.2,64.2,93.9,93.9,61.8
109.8,88.9,76.2,64.3,64.3,94.7,94.7,61.8
112.1,89.7,76.4,64.5,64.5,94.6,94.6,62.1
113.8,88.9,76.5,64.3,64.3,94.5,94.5,62.1
113.0,90.0,75.8,65.3,65.3,95.2,95.2,61.7
108.7,91.4,72.2,68.3,68.3,93.0,93.0,64.4
112.3,90.5,75.5,65.5,65.5,94.2,94.2,62.9
112.5,88.6,75.9,64.9,64.9,94.0,94.0,62.4
111.8,87.2,76.4,64.9,64.9,94.3,94.3,61.0
108.0,97.1,77.0,65.9,65.9,94.7,94.7,60.3
101.3,97.8,72.9,68.2,68.2,93.6,93.6,60.1
106.3,93.8,71.9,68.6,68.6,92.9,92.9,61.0
114.8,96.6,72.7,67.3,67.3,92.1,92.1,61.9
111.1,99.6,72.2,67.1,67.1,91.0,91.0,62.3
109.5,99.5,71.7,66.4,66.4,92.0,92.0,61.9
113.5,101.8,71.5,65.7,65.7,91.6,91.6,61.8
113.2,99.5,75.4,62.0,62.0,93.3,93.3,60.9
111.8,98.0,74.3,61.3,61.3,91.9,91.9,61.5
115.4,95.4,70.4,63.2,63.2,90.1,90.1,62.8
111.2,97.6,73.1,60.6,60.6,90.2,90.2,62.4
110.2,98.6,72.8,60.9,60.9,93.6,93.6,59.8
115.1,94.8,72.8,60.0,60.0,93.9,93.9,59.7
112.0,92.0,72.3,58.9,58.9,92.3,92.3,60.1
110.4,94.7,72.5,58.9,58.9,88.2,88.2,60.5
107.5,97.8,72.5,57.5,57.5,87.1,87.1,56.4
117.5,94.9,71.9,57.2,57.2,88.1,88.1,51.8
116.3,92.5,70.7,58.6,58.6,89.7,89.7,45.2
111.4,97.0,71.2,57.8,57.8,93.5,93.5,46.1
118.0,92.0,71.2,56.0,56.0,92.4,92.4,47.2
115.1,86.0,70.6,56.3,56.3,94.1,94.1,43.0
116.5,87.1,71.0,55.7,55.7,93.7,93.7,44.8
113.3,96.0,71.3,56.1,56.1,93.2,93.2,44.5
113.8,90.3,70.2,56.6,56.6,94.4,94.4,43.7
111.2,87.3,70.8,56.8,56.8,92.9,92.9,43.4
111.5,94.1,70.4,57.5,57.5,94.3,94.3,44.2
108.8,91.6,67.9,57.1,57.1,93.3,93.3,43.1
109.9,89.5,71.0,57.8,57.8,94.6,94.6,43.4
110.4,93.0,71.3,58.3,58.3,94.2,94.2,40.5
110.9,89.7,71.0,59.4,59.4,97.5,97.5,41.7
107.4,89.9,69.8,60.7,60.7,97.8,97.8,41.3
109.1,95.3,71.0,60.5,60.5,96.4,96.4,42.0
108.8,89.5,70.5,61.1,61.1,96.2,96.2,40.5
104.9,89.8,70.4,61.0,61.0,95.5,95.5,41.7
106.3,89.3,71.3,60.4,60.4,94.4,94.4,42.5
108.2,90.9,71.8,58.5,58.5,90.8,90.8,48.5
105.5,90.1,71.3,59.2,59.2,90.2,90.2,51.0
105.7,90.9,71.8,59.3,59.3,88.2,88.2,53.6
108.2,90.8,72.2,59.6,59.6,85.5,85.5,55.5
105.0,89.4,75.6,56.3,56.3,88.8,88.8,53.1
105.6,88.1,72.1,60.0,60.0,88.2,88.2,55.7
106.5,90.9,72.8,59.6,59.6,88.8,88.8,56.1
104.5,89.6,72.2,60.2,60.2,89.2,89.2,55.2
103.1,89.6,72.5,60.3,60.3,89.0,89.0,57.2
106.1,91.8,73.2,59.7,59.7,89.4,89.4,57.6
103.0,89.2,72.0,59.5,59.5,88.3,88.3,59.0
103.5,90.1,69.5,62.0,62.0,88.8,88.8,58.8
108.1,91.9,69.8,62.9,62.9,88.4,88.4,58.9
105.2,89.7,72.8,60.9,60.9,89.6,89.6,58.2
105.1,90.8,72.8,61.2,61.2,89.7,89.7,58.7
108.0,91.9,70.3,62.6,62.6,89.1,89.1,58.8
105.2,90.3,72.9,60.6,60.6,88.9,88.9,59.1
106.6,88.9,73.9,60.5,60.5,90.2,90.2,58.4
108.9,89.6,70.8,62.4,62.4,89.6,89.6,58.9
105.6,90.0,73.7,60.4,60.4,90.4,90.4,58.8
106.8,92.3,70.5,63.1,63.1,90.4,90.4,59.1
108.4,90.2,73.7,61.7,61.7,89.8,89.8,59.4
106.2,89.5,69.7,63.8,63.8,87.6,87.6,63.9
102.2,92.3,74.1,62.8,62.8,88.1,88.1,64.0
107.0,88.6,70.6,64.2,64.2,87.7,87.7,64.0
108.2,85.1,73.8,61.9,61.9,87.9,87.9,65.0
106.8,89.6,73.8,61.0,61.0,87.6,87.6,65.6
109.6,87.5,74.1,60.5,60.5,88.2,88.2,65.7
110.7,87.6,69.5,63.1,63.1,87.9,87.9,66.0
111.8,88.7,74.6,62.2,62.2,87.2,87.2,65.8
112.6,86.5,70.9,63.9,63.9,86.7,86.7,64.6
112.6,83.3,71.8,64.7,64.7,87.2,87.2,64.6
111.3,88.8,72.6,64.5,64.5,87.1,87.1,65.1
108.1,87.1,74.4,65.3,65.3,85.6,85.6,66.3
108.6,87.4,74.5,65.8,65.8,88.3,88.3,65.3
107.9,92.9,76.1,65.1,65.1,87.0,87.0,64.9
108.9,86.8,76.0,65.0,65.0,87.4,87.4,64.8
111.2,90.8,76.3,65.6,65.6,87.6,87.6,64.2
110.4,81.3,72.4,66.7,66.7,87.5,87.5,65.3
111.1,85.0,70.3,67.1,67.1,90.8,90.8,65.2
114.5,84.6,70.0,65.7,65.7,92.2,92.2,66.1
111.9,85.8,70.4,66.8,66.8,92.1,92.1,66.4
114.3,82.5,71.7,64.7,64.7,95.3,95.3,66.1
113.5,84.4,72.0,66.5,66.5,92.2,92.2,65.4
111.9,86.9,73.2,65.7,65.7,91.0,91.0,64.7
114.1,83.8,76.9,64.2,64.2,91.4,91.4,64.0
115.7,84.3,77.2,64.3,64.3,93.5,93.5,63.8
111.5,87.3,76.7,64.1,64.1,93.1,93.1,64.2
113.6,83.7,74.5,64.9,64.9,93.9,93.9,63.4
111.0,91.6,75.0,64.9,64.9,95.2,95.2,62.6
109.5,91.6,74.9,65.6,65.6,95.0,95.0,63.1
108.6,87.9,74.5,65.5,65.5,96.1,96.1,62.5
109.2,93.1,75.8,66.0,66.0,94.7,94.7,62.6
109.0,92.0,75.3,65.3,65.3,95.5,95.5,62.7
107.5,87.5,74.7,66.2,66.2,95.4,95.4,61.8
105.9,93.6,75.8,68.8,68.8,92.1,92.1,62.2
104.5,92.2,76.1,68.6,68.6,92.0,92.0,62.5
106.2,93.7,75.7,69.2,69.2,91.6,91.6,64.1
103.1,100.0,75.0,67.9,67.9,91.9,91.9,65.2
106.6,93.8,73.8,66.6,66.6,93.5,93.5,65.0
108.3,94.7,76.4,64.7,64.7,95.4,95.4,64.6
117.5,97.9,77.2,64.0,64.0,94.9,94.9,64.5
117.6,93.7,74.0,64.8,64.8,96.6,96.6,64.5
113.1,90.0,70.9,66.9,66.9,94.2,94.2,65.6
100.1,96.3,72.4,64.0,64.0,93.4,93.4,66.1
105.1,94.1,72.8,61.7,61.7,96.4,96.4,66.9
101.9,94.0,71.9,62.0,62.0,92.6,92.6,67.5
108.3,112.4,71.2,62.6,62.6,91.5,91.5,68.3
114.4,104.1,69.2,63.8,63.8,94.7,94.7,69.1
111.8,104.0,69.9,64.0,64.0,96.6,96.6,67.5
110.4,105.2,71.8,64.2,64.2,94.9,94.9,65.2
109.5,102.8,72.2,65.4,65.4,94.2,94.2,66.1
110.1,101.6,71.0,67.0,67.0,94.6,94.6,65.2
107.6,106.1,72.5,65.7,65.7,93.8,93.8,65.6
111.4,103.1,72.4,66.3,66.3,94.8,94.8,64.7
108.6,103.2,75.4,63.9,63.9,95.0,95.0,64.4
108.4,102.6,76.7,63.7,63.7,94.5,94.5,64.1
114.4,99.2,77.0,63.7,63.7,94.6,94.6,64.2
111.9,97.0,75.8,63.7,63.7,95.8,95.8,63.7
106.1,102.4,75.3,64.0,64.0,94.7,94.7,63.9
108.8,98.0,77.2,62.9,62.9,94.2,94.2,63.3
101.3,100.1,77.4,62.8,62.8,92.2,92.2,63.4
104.2,97.6,76.3,62.1,62.1,93.5,93.5,63.8
99.8,103.6,75.6,62.2,62.2,93.1,93.1,63.9
99.7,99.7,73.7,62.3,62.3,92.5,92.5,64.0
98.6,99.4,75.1,61.8,61.8,93.7,93.7,64.1
96.5,102.2,74.6,61.9,61.9,93.1,93.1,63.5
98.2,99.8,75.1,61.4,61.4,94.0,94.0,63.8
95.4,97.4,75.0,62.1,62.1,94.0,94.0,63.6
93.0,99.2,74.9,62.1,62.1,93.8,93.8,64.3
92.8,99.5,75.1,62.8,62.8,93.2,93.2,64.3
93.6,96.6,76.0,62.3,62.3,93.8,93.8,64.0
94.3,99.1,76.7,63.2,63.2,93.1,93.1,63.8
93.0,99.7,76.1,62.0,62.0,94.8,94.8,63.6
92.9,98.8,75.7,62.5,62.5,96.3,96.3,63.2
91.0,98.0,76.4,66.1,66.1,92.5,92.5,64.8
92.2,96.9,74.6,67.1,67.1,91.4,91.4,64.4
94.6,96.3,78.7,64.7,64.7,89.8,89.8,63.0
95.2,94.3,79.8,63.1,63.1,89.9,89.9,62.1
93.5,97.0,80.9,63.0,63.0,88.9,88.9,62.3
94.9,94.9,82.3,63.5,63.5,89.0,89.0,61.2
95.8,94.4,77.6,67.1,67.1,92.0,92.0,60.9
93.4,97.1,78.0,67.0,67.0,91.4,91.4,62.0
94.7,94.3,77.2,67.3,67.3,92.3,92.3,61.8
95.3,96.2,76.6,67.2,67.2,90.7,90.7,63.5
95.6,95.6,77.8,67.9,67.9,90.4,90.4,63.3
93.3,94.7,81.9,63.4,63.4,90.3,90.3,63.7
98.2,95.5,81.0,63.0,63.0,90.8,90.8,63.3
97.8,95.2,80.2,62.2,62.2,88.5,88.5,65.6
85.5,94.7,79.4,63.4,63.4,87.5,87.5,65.3
76.7,77.0,81.1,63.5,63.5,88.1,88.1,64.3
89.7,86.5,79.9,63.8,63.8,90.0,90.0,62.4
110.3,78.0,78.9,64.5,64.5,90.7,90.7,62.2
108.1,85.7,76.3,64.2,64.2,93.9,93.9,60.0
110.2,92.0,76.9,63.7,63.7,93.4,93.4,62.1
110.8,86.3,75.6,63.9,63.9,94.4,94.4,62.0
111.0,96.1,77.0,64.0,64.0,93.8,93.8,64.1
108.2,89.5,76.4,64.0,64.0,92.9,92.9,65.8
111.0,90.1,75.5,62.8,62.8,93.3,93.3,65.7
110.7,92.4,74.6,62.8,62.8,95.8,95.8,63.7
113.2,88.8,73.2,64.5,64.5,92.3,92.3,65.7
110.2,98.7,73.4,63.6,63.6,94.6,94.6,66.2
112.3,100.2,70.0,65.8,65.8,94.8,94.8,65.7
108.3,96.0,71.3,63.5,63.5,96.2,96.2,64.0
112.4,92.3,73.8,64.4,64.4,94.6,94.6,66.1
111.3,102.1,74.3,64.2,64.2,94.7,94.7,66.3
110.0,93.3,76.0,64.5,64.5,95.1,95.1,65.5
111.6,92.4,76.0,63.0,63.0,96.2,96.2,67.5
112.2,99.9,76.2,62.9,62.9,94.7,94.7,67.7
112.5,94.8,76.1,63.4,63.4,94.2,94.2,65.2
112.3,88.9,76.2,62.5,62.5,95.4,95.4,63.7
110.1,94.1,77.1,62.5,62.5,93.5,93.5,64.6
109.3,92.4,76.9,62.3,62.3,94.2,94.2,64.5
104.2,92.5,76.2,62.4,62.4,95.1,95.1,62.2
104.8,93.5,76.0,62.2,62.2,95.2,95.2,62.8
109.2,93.1,75.0,61.6,61.6,94.2,94.2,63.5
104.5,94.3,76.1,62.0,62.0,95.6,95.6,63.4
108.6,91.2,76.8,61.8,61.8,95.4,95.4,62.7
109.5,92.5,76.2,62.3,62.3,95.4,95.4,62.9
109.1,87.2,76.7,61.9,61.9,95.3,95.3,63.3
106.7,90.8,76.4,62.0,62.0,94.3,94.3,64.2
110.1,89.0,76.0,62.1,62.1,92.9,92.9,64.2
110.2,86.7,75.7,60.5,60.5,95.6,95.6,62.7
100.7,90.0,76.2,60.2,60.2,95.0,95.0,62.3
109.7,87.4,76.5,60.1,60.1,93.7,93.7,63.1
109.3,85.9,75.8,60.8,60.8,94.0,94.0,62.3
109.3,84.6,76.1,61.5,61.5,92.3,92.3,63.5
112.6,85.6,76.6,61.5,61.5,92.7,92.7,63.6
111.9,84.5,75.5,60.4,60.4,93.2,93.2,63.7
105.6,85.7,75.2,61.0,61.0,92.4,92.4,63.4
104.1,87.9,75.6,62.6,62.6,90.1,90.1,63.9
105.5,79.1,75.6,64.7,64.7,90.2,90.2,63.9
113.8,75.9,74.9,65.8,65.8,89.2,89.2,64.8
109.9,74.4,76.0,67.3,67.3,89.4,89.4,62.8
113.8,73.4,78.4,63.7,63.7,90.1,90.1,62.8
115.8,69.0,76.1,67.3,67.3,91.1,91.1,62.8
114.5,69.6,75.5,66.8,66.8,91.8,91.8,63.8
114.2,70.4,76.1,66.4,66.4,91.6,91.6,64.1
109.8,70.2,76.1,66.4,66.4,91.6,91.6,63.4
106.0,71.2,76.7,66.9,66.9,91.8,91.8,62.5
97.6,79.9,75.8,68.5,68.5,90.4,90.4,62.9
94.3,90.8,78.5,65.3,65.3,91.0,91.0,62.1
103.2,87.5,78.3,64.7,64.7,92.2,92.2,62.3
102.3,95.3,79.8,65.4,65.4,90.5,90.5,64.3
107.4,88.4,80.8,65.1,65.1,90.5,90.5,64.2
108.4,90.9,80.6,65.0,65.0,89.9,89.9,62.9
109.3,92.6,81.7,64.9,64.9,89.0,89.0,62.1
106.3,94.0,81.7,64.4,64.4,88.0,88.0,62.0
107.1,98.2,81.5,63.9,63.9,87.4,87.4,62.5
107.2,97.5,81.0,63.6,63.6,87.8,87.8,62.2
109.0,96.2,79.6,63.5,63.5,87.1,87.1,62.7
111.0,102.6,80.3,62.9,62.9,86.6,86.6,63.3
107.6,97.4,78.1,63.3,63.3,89.0,89.0,62.7
108.2,100.4,75.5,60.2,60.2,93.1,93.1,62.4
111.9,101.2,77.1,62.3,62.3,90.8,90.8,64.8
110.4,94.8,74.9,64.9,64.9,90.8,90.8,65.0
108.1,95.0,70.2,66.6,66.6,94.5,94.5,64.9
112.8,93.5,70.6,68.2,68.2,94.8,94.8,64.2
111.1,96.8,72.3,67.3,67.3,92.9,92.9,64.9
113.7,92.2,77.4,62.5,62.5,96.5,96.5,62.7
115.9,91.4,77.4,65.4,65.4,94.0,94.0,63.9
114.8,87.3,75.7,66.8,66.8,92.9,92.9,64.3
115.0,95.0,74.8,67.3,67.3,93.4,93.4,64.7
115.4,93.9,75.5,67.2,67.2,92.9,92.9,63.6
116.6,89.3,76.2,67.9,67.9,92.2,92.2,63.9
115.1,92.1,77.0,68.1,68.1,91.1,91.1,64.5
114.7,89.5,78.5,66.2,66.2,91.7,91.7,63.5
113.5,92.0,80.7,65.0,65.0,90.7,90.7,64.1
112.6,98.9,80.2,65.7,65.7,89.7,89.7,64.0
113.4,97.7,80.0,64.7,64.7,89.4,89.4,63.4
114.9,97.8,80.4,65.3,65.3,88.3,88.3,63.0
111.3,96.4,80.9,64.6,64.6,89.1,89.1,63.1
115.7,93.4,81.3,64.3,64.3,87.8,87.8,64.3
107.6,114.7,81.3,62.4,62.4,88.4,88.4,62.3
110.4,110.2,77.9,61.7,61.7,88.9,88.9,61.9
110.4,100.9,73.2,59.0,59.0,91.5,91.5,62.0
111.0,99.0,70.7,56.2,56.2,94.7,94.7,62.6
104.0,98.9,62.4,57.7,57.7,86.5,86.5,65.2
100.4,98.8,63.0,53.9,53.9,87.4,87.4,63.8
93.1,107.5,58.7,56.4,56.4,83.9,83.9,67.9
85.5,111.9,57.4,56.8,56.8,86.7,86.7,64.8
91.6,106.8,56.4,52.2,52.2,91.8,91.8,63.7
101.3,96.6,68.7,58.2,58.2,91.4,91.4,66.3
111.4,97.4,58.7,63.2,63.2,92.1,92.1,67.4
101.1,101.4,63.4,63.4,63.4,94.1,94.1,62.0
108.0,99.2,61.8,66.8,66.8,91.7,91.7,66.7
110.6,99.0,65.0,68.5,68.5,93.8,93.8,63.3
116.7,103.8,69.8,66.2,66.2,94.9,94.9,65.2
59.3,152.1,69.7,66.3,66.3,99.7,99.7,62.3
70.2,141.2,63.9,68.9,68.9,102.0,102.0,62.0
59.5,144.9,65.4,68.6,68.6,100.4,100.4,63.1
61.4,138.9,63.1,69.0,69.0,98.5,98.5,63.3
107.8,89.0,63.1,69.2,69.2,100.2,100.2,64.1
107.9,89.1,64.1,65.7,65.7,95.0,95.0,67.4
103.8,87.4,64.6,64.7,64.7,94.3,94.3,68.0
93.8,94.2,68.6,61.2,61.2,92.2,92.2,67.2
91.5,96.8,69.6,59.3,59.3,94.1,94.1,63.4
93.6,95.0,69.9,56.8,56.8,90.8,90.8,60.4
93.6,94.8,70.8,54.4,54.4,93.6,93.6,63.3
90.9,96.7,66.2,55.0,55.0,89.1,89.1,63.7
97.1,87.1,72.0,52.1,52.1,87.0,87.0,55.5
104.1,89.4,70.3,50.1,50.1,86.2,86.2,49.9
101.8,93.5,66.6,55.6,55.6,92.4,92.4,46.1
92.5,85.5,64.1,55.8,55.8,96.3,96.3,38.2
106.7,117.8,66.4,56.8,56.8,98.3,98.3,39.6
107.7,114.1,69.3,55.9,55.9,103.6,103.6,32.0
105.9,111.4,71.1,55.7,55.7,97.0,97.0,35.3
105.5,110.4,72.1,57.7,57.7,99.8,99.8,33.6
102.2,108.4,77.3,54.6,54.6,100.5,100.5,33.8
99.3,100.7,75.3,54.7,54.7,99.8,99.8,35.2
87.0,102.4,74.0,53.9,53.9,96.4,96.4,39.1
89.8,112.9,71.0,55.2,55.2,94.5,94.5,42.0
88.7,108.5,70.2,55.9,55.9,92.1,92.1,43.4
88.4,108.4,69.3,55.8,55.8,87.5,87.5,47.6
90.7,109.2,70.7,56.7,56.7,88.5,88.5,54.4
92.4,112.1,68.8,58.9,58.9,88.2,88.2,58.4
94.6,112.8,72.4,57.9,57.9,91.5,91.5,54.7
95.4,112.7,72.1,59.4,59.4,91.5,91.5,58.4
94.4,110.1,68.7,61.2,61.2,92.5,92.5,60.2
91.4,110.1,68.8,63.7,63.7,91.7,91.7,59.2
89.7,116.5,69.1,63.8,63.8,93.2,93.2,59.7
95.5,108.3,68.2,63.6,63.6,94.8,94.8,59.0
90.0,112.6,74.1,59.4,59.4,94.9,94.9,59.9
91.1,107.8,74.2,59.0,59.0,92.3,92.3,60.0
89.6,108.3,72.4,62.7,62.7,86.8,86.8,60.5
92.7,106.2,74.4,62.2,62.2,89.0,89.0,62.2
94.2,105.1,75.7,62.3,62.3,90.1,90.1,62.0
94.7,105.1,74.1,62.6,62.6,89.4,89.4,64.5
93.5,107.6,74.3,62.5,62.5,91.3,91.3,63.2
103.3,108.3,72.1,63.0,63.0,92.0,92.0,62.6
104.4,106.9,75.0,61.3,61.3,93.3,93.3,61.9
100.1,103.9,72.9,62.0,62.0,92.4,92.4,62.2
101.2,103.8,74.7,61.7,61.7,93.3,93.3,61.8
110.9,104.5,73.9,61.5,61.5,91.9,91.9,62.1
112.5,100.6,73.3,61.9,61.9,91.6,91.6,63.7
110.2,98.5,73.6,61.0,61.0,91.5,91.5,63.8
112.9,100.0,74.5,59.6,59.6,91.4,91.4,62.2
104.5,101.9,74.0,61.1,61.1,91.0,91.0,62.2
109.7,104.1,75.3,60.6,60.6,91.3,91.3,62.5
106.9,104.1,74.7,61.1,61.1,92.8,92.8,63.0
106.6,103.3,72.2,63.5,63.5,93.7,93.7,62.3
101.1,101.8,73.8,62.5,62.5,92.5,92.5,62.5
100.5,106.5,74.5,63.0,63.0,91.5,91.5,62.5
109.1,99.3,74.4,63.1,63.1,91.0,91.0,61.8
100.0,101.6,73.4,63.5,63.5,91.9,91.9,62.7
98.9,101.9,73.7,62.5,62.5,93.1,93.1,62.2
99.2,107.0,73.7,62.6,62.6,92.9,92.9,60.7
99.3,104.1,73.8,62.6,62.6,91.6,91.6,61.3
98.7,107.5,73.9,62.4,62.4,93.1,93.1,60.4
99.0,102.6,74.4,62.1,62.1,92.2,92.2,59.8
98.2,100.5,74.6,62.3,62.3,92.4,92.4,59.3
93.1,102.1,75.3,62.5,62.5,92.9,92.9,59.5
93.4,100.0,78.3,60.2,60.2,90.5,90.5,57.2
93.0,99.4,78.0,62.1,62.1,91.5,91.5,55.6
93.4,98.9,77.4,62.3,62.3,89.8,89.8,56.6
94.2,100.1,76.8,62.3,62.3,92.1,92.1,55.1
93.7,101.1,75.0,61.8,61.8,93.1,93.1,55.6
93.8,99.7,75.8,60.7,60.7,93.5,93.5,55.4
95.8,98.4,75.7,60.0,60.0,93.6,93.6,55.7
96.1,98.5,76.6,57.9,57.9,95.8,95.8,56.2
97.9,98.8,74.5,59.3,59.3,96.0,96.0,57.6
97.3,99.4,76.0,59.3,59.3,95.3,95.3,57.5
96.9,100.4,76.6,59.5,59.5,94.5,94.5,58.2
97.0,104.4,76.5,61.5,61.5,95.8,95.8,56.4
94.3,104.1,68.6,67.7,67.7,95.0,95.0,56.9
87.3,188.6,69.9,68.4,68.4,92.6,92.6,57.4
91.4,98.6,73.8,65.8,65.8,90.6,90.6,58.4
98.6,109.8,73.9,64.6,64.6,90.7,90.7,58.8
101.4,104.2,76.8,63.9,63.9,91.2,91.2,58.0
100.7,105.4,77.8,63.3,63.3,92.5,92.5,56.9
102.1,107.9,77.0,62.9,62.9,92.7,92.7,56.9
94.1,109.7,77.3,63.2,63.2,91.8,91.8,56.9
97.1,108.9,77.3,62.5,62.5,93.0,93.0,57.6
99.1,111.4,77.6,62.4,62.4,93.4,93.4,57.4
122.1,103.2,76.5,62.9,62.9,92.3,92.3,58.9
110.4,117.4,71.5,61.9,61.9,90.9,90.9,60.9
106.9,115.9,71.5,61.6,61.6,90.8,90.8,62.7
107.5,124.2,69.1,60.1,60.1,87.9,87.9,60.9
99.7,124.2,68.1,58.1,58.1,91.5,91.5,64.7
105.2,123.0,62.6,59.5,59.5,90.8,90.8,61.9
106.3,115.8,66.1,55.5,55.5,84.3,84.3,61.7
93.0,105.9,65.3,60.1,60.1,85.5,85.5,61.8
100.0,107.9,71.2,55.6,55.6,90.9,90.9,61.5
114.3,85.0,62.2,60.7,60.7,89.9,89.9,62.9
116.4,116.7,68.8,57.6,57.6,87.7,87.7,62.6
118.6,115.9,71.1,58.5,58.5,91.0,91.0,63.4
115.8,115.8,73.6,57.5,57.5,90.3,90.3,62.8
114.3,112.1,73.6,59.2,59.2,94.4,94.4,60.6
115.4,108.5,71.5,63.0,63.0,92.7,92.7,59.6
113.5,104.9,71.5,65.1,65.1,92.9,92.9,59.6
111.2,102.1,69.6,63.7,63.7,96.8,96.8,58.9
109.6,104.9,70.4,62.3,62.3,98.0,98.0,58.6
108.0,100.3,71.0,60.4,60.4,96.4,96.4,59.8
108.0,99.4,70.4,62.3,62.3,96.4,96.4,57.8
109.1,95.0,71.4,61.7,61.7,96.2,96.2,57.3
108.6,95.5,72.8,61.2,61.2,96.1,96.1,57.1
107.2,93.6,72.0,63.0,63.0,94.9,94.9,57.2
103.9,96.7,72.6,63.5,63.5,94.6,94.6,60.7
104.2,96.4,73.4,61.6,61.6,96.1,96.1,61.5
102.8,96.1,72.2,59.8,59.8,96.3,96.3,60.8
100.6,96.0,73.1,58.7,58.7,98.8,98.8,58.7
101.9,93.2,71.2,60.7,60.7,100.5,100.5,58.5
96.5,92.3,69.5,66.1,66.1,96.6,96.6,60.5
94.4,94.1,68.5,63.8,63.8,99.1,99.1,59.1
95.9,102.7,70.7,65.6,65.6,95.7,95.7,57.6
99.8,93.5,73.4,62.9,62.9,97.6,97.6,60.9
101.1,105.9,70.7,67.9,67.9,96.6,96.6,60.7
111.5,112.6,71.8,69.4,69.4,95.2,95.2,59.9
113.6,109.9,76.5,61.5,61.5,97.6,97.6,60.6
110.1,109.9,77.6,64.4,64.4,95.0,95.0,62.0
120.3,102.3,79.0,62.6,62.6,96.1,96.1,60.7
118.8,99.4,78.5,63.2,63.2,94.7,94.7,60.4
119.0,96.5,80.0,64.1,64.1,93.6,93.6,60.4
112.5,104.2,79.1,62.6,62.6,91.6,91.6,61.3
117.8,103.9,78.9,62.3,62.3,91.3,91.3,59.8
116.0,98.5,78.5,62.1,62.1,90.5,90.5,60.0
110.1,102.6,77.5,61.6,61.6,89.0,89.0,60.4
107.7,105.2,76.5,61.3,61.3,89.9,89.9,61.2
105.9,103.3,77.3,60.4,60.4,93.1,93.1,61.2
101.3,101.2,78.5,60.0,60.0,94.1,94.1,60.9
104.1,96.5,76.5,61.6,61.6,93.4,93.4,60.6
103.8,96.5,76.4,60.1,60.1,92.8,92.8,60.8
104.9,95.2,75.8,63.6,63.6,89.9,89.9,60.0
101.1,100.6,79.2,62.2,62.2,89.1,89.1,59.9
97.6,97.1,79.2,61.7,61.7,89.1,89.1,60.6
98.3,99.6,78.6,61.4,61.4,88.7,88.7,60.9
99.5,101.2,77.8,61.1,61.1,90.2,90.2,62.2
96.5,98.2,75.2,60.6,60.6,94.2,94.2,62.2
96.8,96.5,78.1,59.5,59.5,93.6,93.6,61.4
94.4,100.0,77.3,62.3,62.3,90.0,90.0,61.3
95.8,96.4,77.5,63.9,63.9,90.3,90.3,61.3
95.7,99.2,82.3,61.8,61.8,91.9,91.9,61.1
93.7,102.0,83.9,60.3,60.3,88.9,88.9,61.4
95.1,98.9,83.7,61.3,61.3,88.5,88.5,61.4
96.8,99.4,83.8,60.2,60.2,89.4,89.4,61.5
95.0,96.6,84.2,61.1,61.1,87.2,87.2,61.2
96.3,95.3,80.3,63.0,63.0,88.0,88.0,60.2
97.8,93.9,80.2,62.6,62.6,87.0,87.0,59.8
98.3,95.7,80.3,61.2,61.2,88.1,88.1,60.5
99.0,97.3,80.5,60.4,60.4,85.8,85.8,58.8
98.4,98.0,79.7,57.4,57.4,82.3,82.3,57.9
91.6,103.3,81.3,54.7,54.7,83.8,83.8,54.1
81.6,67.3,77.0,55.4,55.4,82.8,82.8,46.8
96.1,97.5,73.4,53.7,53.7,84.2,84.2,39.7
110.2,94.2,70.9,55.0,55.0,80.0,80.0,37.7
102.5,100.3,72.2,54.7,54.7,83.8,83.8,36.7
109.4,94.9,73.0,52.4,52.4,83.8,83.8,33.6
103.0,98.4,71.6,55.3,55.3,95.1,95.1,31.3
101.1,100.0,71.6,55.2,55.2,95.2,95.2,26.1
103.8,104.1,70.6,53.5,53.5,91.6,91.6,25.3
100.7,101.9,69.8,53.1,53.1,91.5,91.5,80.2
99.7,98.5,73.8,52.8,52.8,95.0,95.0,81.4
100.4,97.2,73.5,53.1,53.1,85.6,85.6,81.6
99.1,96.0,70.4,54.5,54.5,99.7,99.7,85.7
98.4,99.2,73.3,56.4,56.4,99.9,99.9,32.7
96.9,96.8,71.1,58.1,58.1,99.6,99.6,37.5
96.0,97.4,72.5,59.3,59.3,94.7,94.7,36.8
95.7,95.5,72.9,58.6,58.6,94.7,94.7,41.7
95.2,97.0,73.1,59.2,59.2,94.5,94.5,39.1
95.0,97.7,74.3,58.1,58.1,88.1,88.1,46.5
94.3,96.5,77.2,56.1,56.1,81.6,81.6,55.6
95.0,99.3,73.9,60.3,60.3,79.9,79.9,58.7
97.5,95.3,71.7,62.2,62.2,81.4,81.4,60.4
90.7,100.3,75.7,57.2,57.2,84.3,84.3,58.8
88.2,155.0,76.5,57.8,57.8,84.7,84.7,63.3
93.7,99.5,77.1,58.5,58.5,83.4,83.4,64.5
107.7,102.1,73.6,63.6,63.6,84.4,84.4,62.3
109.2,105.2,79.0,61.8,61.8,86.0,86.0,61.7
113.7,102.2,75.5,64.1,64.1,86.6,86.6,62.7
113.3,99.4,75.2,63.6,63.6,86.6,86.6,65.3
114.4,94.7,72.5,65.1,65.1,87.8,87.8,63.0
111.4,100.9,72.7,65.1,65.1,91.2,91.2,60.1
109.1,99.0,71.8,63.8,63.8,93.6,93.6,63.7
105.2,98.4,70.0,65.9,65.9,95.6,95.6,62.5
111.1,101.7,68.4,65.4,65.4,96.6,96.6,63.2
111.6,93.9,67.9,65.0,65.0,96.6,96.6,64.6
108.4,97.5,68.7,64.2,64.2,96.4,96.4,65.3
106.2,99.6,66.1,65.4,65.4,96.2,96.2,66.7
106.1,97.8,66.5,65.7,65.7,97.5,97.5,65.2
103.5,101.5,67.3,66.2,66.2,99.3,99.3,63.4
101.0,100.5,69.4,66.2,66.2,98.6,98.6,65.4
101.9,98.7,71.4,64.1,64.1,99.4,99.4,69.4
101.5,97.5,72.1,64.3,64.3,99.5,99.5,68.6
100.5,100.1,74.0,65.3,65.3,99.0,99.0,67.6
97.4,100.2,73.8,64.9,64.9,98.7,98.7,67.9
98.4,98.2,74.1,64.4,64.4,99.3,99.3,67.8
98.0,97.0,75.3,65.9,65.9,96.2,96.2,65.3
98.6,95.3,75.0,65.6,65.6,97.9,97.9,64.5
99.1,94.6,76.9,65.4,65.4,97.8,97.8,63.7
98.9,92.9,75.7,65.5,65.5,97.7,97.7,63.8
99.3,89.2,76.4,66.1,66.1,98.2,98.2,63.0
99.3,85.8,75.7,66.1,66.1,97.6,97.6,62.6
98.3,82.9,76.2,65.4,65.4,96.9,96.9,62.5
91.8,85.4,75.8,64.2,64.2,96.2,96.2,62.4
85.5,156.4,75.6,65.2,65.2,96.9,96.9,60.8
95.5,86.7,72.9,69.6,69.6,95.8,95.8,62.3
110.1,93.6,74.1,66.0,66.0,95.4,95.4,62.6
111.4,98.7,75.9,61.7,61.7,96.4,96.4,63.1
110.9,95.2,74.5,64.8,64.8,97.6,97.6,63.7
108.9,94.0,75.6,61.4,61.4,97.2,97.2,63.2
111.5,87.6,76.4,61.0,61.0,97.1,97.1,63.0
111.7,89.0,76.9,62.1,62.1,97.0,97.0,63.7
114.0,88.0,73.3,66.1,66.1,97.7,97.7,64.8
114.7,87.2,71.8,64.8,64.8,98.5,98.5,66.8
113.7,90.0,73.8,63.3,63.3,100.2,100.2,66.4
114.6,91.5,74.6,63.4,63.4,98.8,98.8,70.2
114.6,88.7,71.8,64.3,64.3,99.7,99.7,68.3
116.3,91.2,73.5,64.8,64.8,101.7,101.7,67.0
112.9,89.6,74.3,64.8,64.8,102.3,102.3,66.4
112.6,89.9,75.3,64.6,64.6,100.5,100.5,67.0
110.4,95.9,74.2,63.6,63.6,101.1,101.1,65.7
109.4,93.0,76.2,64.6,64.6,98.6,98.6,67.2
111.3,86.8,77.6,61.5,61.5,98.1,98.1,65.9
108.6,92.9,71.5,67.2,67.2,98.6,98.6,63.7
108.7,91.1,77.9,62.0,62.0,97.5,97.5,62.7
110.5,86.1,73.3,66.2,66.2,97.2,97.2,62.7
103.4,87.0,75.4,65.5,65.5,98.1,98.1,60.7
103.7,86.9,75.5,65.6,65.6,97.9,97.9,61.2
104.1,89.8,73.5,65.3,65.3,98.0,98.0,60.6
115.0,87.3,76.5,64.0,64.0,99.2,99.2,60.4
108.7,87.0,71.8,64.9,64.9,100.0,100.0,60.8
104.5,89.4,70.5,65.5,65.5,99.7,99.7,63.4
104.5,89.6,72.7,66.4,66.4,101.3,101.3,62.6
114.5,82.2,73.1,66.2,66.2,101.0,101.0,62.6
103.6,87.9,74.9,65.6,65.6,102.5,102.5,62.1
102.0,87.5,76.5,65.3,65.3,101.3,101.3,65.7
100.2,84.4,75.5,66.2,66.2,100.9,100.9,65.9
96.1,83.8,76.1,65.2,65.2,100.1,100.1,64.0
101.2,101.9,77.1,65.7,65.7,100.0,100.0,63.3
101.5,96.6,76.0,65.9,65.9,100.7,100.7,62.2
106.6,102.9,78.1,65.1,65.1,99.4,99.4,63.1
109.8,97.4,78.7,64.6,64.6,99.0,99.0,61.7
108.2,96.4,78.6,64.6,64.6,97.4,97.4,62.2
105.5,98.0,79.3,64.6,64.6,96.8,96.8,61.6
112.6,94.2,79.4,63.7,63.7,97.2,97.2,61.3
110.5,89.8,79.1,63.9,63.9,97.2,97.2,62.1
108.9,92.1,81.4,63.0,63.0,96.7,96.7,61.2
110.1,94.3,82.0,62.8,62.8,94.9,94.9,62.0
104.0,92.5,80.9,62.8,62.8,93.5,93.5,60.6
101.7,96.2,78.4,62.9,62.9,94.7,94.7,59.6
107.7,93.0,81.0,62.3,62.3,93.9,93.9,60.4
103.7,93.6,80.1,62.3,62.3,93.8,93.8,60.0
104.8,96.1,79.9,62.1,62.1,92.8,92.8,61.0
104.2,98.7,79.2,61.7,61.7,95.1,95.1,60.5
102.6,93.1,80.0,61.1,61.1,94.8,94.8,61.2
100.3,94.0,79.8,59.5,59.5,95.9,95.9,62.1
98.0,96.2,79.3,61.2,61.2,95.6,95.6,62.2
97.0,95.2,77.2,62.8,62.8,97.5,97.5,61.6
95.4,98.0,76.7,62.2,62.2,99.2,99.2,61.2
96.2,96.5,77.4,62.4,62.4,99.4,99.4,62.3
94.2,98.9,77.4,62.1,62.1,101.2,101.2,61.5
94.6,97.5,74.4,66.1,66.1,100.5,100.5,61.2
94.2,99.0,77.4,61.8,61.8,100.5,100.5,63.4
94.1,100.7,73.8,67.6,67.6,100.4,100.4,62.5
95.1,100.6,75.2,68.4,68.4,101.2,101.2,62.7
96.4,99.8,79.6,64.7,64.7,101.6,101.6,61.8
97.1,104.2,76.0,67.8,67.8,102.7,102.7,61.5
93.3,108.6,75.7,66.6,66.6,103.5,103.5,60.8
93.9,71.6,72.3,67.4,67.4,103.3,103.3,62.1
99.9,67.9,66.4,71.5,71.5,105.1,105.1,61.8
68.5,106.8,70.7,66.3,66.3,105.3,105.3,61.1
71.7,126.7,70.5,70.0,70.0,110.3,110.3,59.8
117.8,82.3,70.5,70.4,70.4,110.2,110.2,60.0
119.4,82.8,69.6,69.9,69.9,109.4,109.4,60.3
115.3,83.0,69.6,69.9,69.9,106.7,106.7,60.5
116.3,67.9,70.9,68.9,68.9,106.9,106.9,61.5
115.8,74.5,70.1,72.2,72.2,103.0,103.0,61.4
119.9,68.6,69.9,73.5,73.5,101.2,101.2,61.4
114.1,69.1,70.5,72.5,72.5,102.9,102.9,60.3
113.4,66.4,70.9,72.8,72.8,103.0,103.0,59.4
114.8,57.8,70.3,74.0,74.0,103.0,103.0,59.1
103.7,63.5,66.5,76.5,76.5,102.1,102.1,59.0
98.3,65.1,73.4,70.8,70.8,103.1,103.1,57.4
99.4,71.0,72.5,70.5,70.5,102.9,102.9,57.6
100.9,89.2,73.9,70.2,70.2,101.6,101.6,58.3
111.8,88.5,73.8,70.4,70.4,99.7,99.7,59.0
109.7,90.9,67.2,76.2,76.2,99.0,99.0,59.4
109.1,88.9,74.2,69.1,69.1,97.9,97.9,61.1
108.6,97.2,75.3,68.1,68.1,100.3,100.3,61.9
110.2,93.5,75.3,70.5,70.5,96.2,96.2,61.8
109.5,88.1,75.4,70.7,70.7,96.7,96.7,62.5
109.1,82.4,70.9,75.0,75.0,96.6,96.6,63.1
109.7,89.9,75.7,67.9,67.9,99.5,99.5,61.6
110.2,87.1,76.1,67.5,67.5,99.3,99.3,61.0
111.4,80.9,75.0,67.9,67.9,100.2,100.2,60.1
111.1,80.0,74.4,69.0,69.0,99.6,99.6,58.5
110.6,82.2,75.1,68.7,68.7,99.4,99.4,58.7
108.4,78.7,73.9,68.2,68.2,101.3,101.3,59.0
110.0,76.2,74.7,67.7,67.7,99.6,99.6,59.6
105.5,72.8,76.3,66.0,66.0,100.8,100.8,60.1
105.3,76.3,74.4,67.9,67.9,100.3,100.3,61.1
105.3,75.7,74.6,68.4,68.4,102.0,102.0,60.3
107.2,73.3,75.5,68.8,68.8,101.0,101.0,61.1
110.2,73.8,74.3,68.1,68.1,101.8,101.8,59.9
107.7,73.5,77.4,64.9,64.9,101.4,101.4,59.7
108.5,75.2,77.5,65.3,65.3,100.4,100.4,58.9
108.6,76.6,76.7,65.0,65.0,99.8,99.8,59.3
109.4,75.7,73.8,67.7,67.7,101.9,101.9,58.8
108.7,76.5,73.9,68.5,68.5,100.7,100.7,59.7
109.0,80.3,73.3,68.0,68.0,102.5,102.5,62.3
107.0,78.7,72.7,70.8,70.8,98.7,98.7,61.6
106.0,79.1,70.8,71.4,71.4,98.6,98.6,61.5
107.0,80.3,66.6,75.6,75.6,97.8,97.8,63.1
113.2,76.7,67.4,75.6,75.6,97.1,97.1,62.7
108.1,79.0,66.5,77.0,77.0,99.3,99.3,62.2
106.8,87.5,66.5,76.4,76.4,99.9,99.9,63.6
112.8,82.6,68.7,76.5,76.5,98.0,98.0,64.2
106.7,84.6,69.3,72.5,72.5,101.2,101.2,63.8
108.8,85.7,68.7,72.1,72.1,101.6,101.6,63.4
111.7,86.0,72.5,68.3,68.3,101.2,101.2,61.6
107.8,86.7,66.9,71.1,71.1,102.3,102.3,61.7
109.5,86.7,67.3,74.3,74.3,98.3,98.3,61.5
109.5,89.4,67.9,75.2,75.2,99.6,99.6,60.8
106.6,84.5,69.2,75.7,75.7,99.7,99.7,61.2
106.5,92.8,73.6,72.0,72.0,98.4,98.4,61.4
111.9,83.9,69.6,76.1,76.1,97.8,97.8,62.3
110.2,87.8,77.2,63.9,63.9,99.4,99.4,61.3
113.0,89.3,71.4,70.5,70.5,99.8,99.8,62.4
110.8,88.4,72.4,69.1,69.1,101.0,101.0,63.9
111.4,87.7,73.2,68.4,68.4,101.3,101.3,61.6
110.3,89.8,73.4,67.8,67.8,100.3,100.3,61.4
112.9,89.1,68.8,71.2,71.2,100.7,100.7,62.3
111.1,88.1,72.0,70.6,70.6,98.2,98.2,63.0
113.2,89.7,79.1,62.0,62.0,99.2,99.2,60.9
110.5,90.6,78.9,62.7,62.7,99.2,99.2,60.7
111.0,90.9,79.3,62.2,62.2,100.8,100.8,60.4
110.7,89.9,72.7,70.3,70.3,101.1,101.1,60.7
113.7,91.2,72.3,69.7,69.7,100.4,100.4,63.0
112.9,90.1,72.9,69.6,69.6,100.7,100.7,64.1
112.5,89.3,73.3,69.7,69.7,98.9,98.9,66.1
112.4,84.9,73.9,68.3,68.3,101.0,101.0,63.9
108.4,95.5,73.7,70.1,70.1,100.6,100.6,63.8
106.0,95.9,73.6,71.0,71.0,98.4,98.4,63.9
107.3,86.6,79.4,62.0,62.0,101.2,101.2,61.0
110.5,89.7,80.8,62.4,62.4,99.8,99.8,61.2
107.8,89.3,78.6,63.0,63.0,99.1,99.1,62.0
111.2,90.4,72.4,68.1,68.1,101.0,101.0,64.4
113.1,90.1,72.6,68.4,68.4,102.2,102.2,62.7
113.8,89.3,73.4,68.0,68.0,101.9,101.9,61.1
112.1,95.4,73.6,66.8,66.8,101.6,101.6,60.7
112.8,93.2,73.6,66.7,66.7,98.8,98.8,61.5
111.4,96.6,72.1,66.7,66.7,100.2,100.2,61.9
113.1,91.3,79.5,59.3,59.3,100.5,100.5,64.0
113.9,94.8,79.0,61.1,61.1,98.1,98.1,63.7
112.9,92.3,78.1,62.3,62.3,98.4,98.4,63.2
109.4,93.5,72.1,70.5,70.5,99.2,99.2,63.5
110.5,94.3,73.8,69.9,69.9,97.6,97.6,64.0
106.9,92.6,72.2,67.8,67.8,100.5,100.5,63.3
109.0,94.6,79.9,61.2,61.2,99.0,99.0,61.8
111.0,95.8,73.8,66.8,66.8,100.3,100.3,61.4
108.0,96.6,73.2,67.0,67.0,99.2,99.2,61.1
107.9,97.7,76.2,63.8,63.8,99.2,99.2,60.8
109.3,96.3,73.3,67.2,67.2,99.1,99.1,61.2
106.7,99.8,72.3,66.7,66.7,96.4,96.4,61.0
107.1,96.5,73.4,65.6,65.6,96.6,96.6,60.4
98.1,102.2,74.5,64.3,64.3,96.0,96.0,61.8
103.1,109.5,77.7,59.1,59.1,95.1,95.1,62.8
101.0,107.3,76.6,60.6,60.6,95.0,95.0,63.8
97.7,106.5,75.4,59.4,59.4,99.5,99.5,62.6
96.3,102.9,70.5,65.6,65.6,99.8,99.8,63.6
95.6,102.6,70.9,65.8,65.8,100.8,100.8,62.2
94.8,103.5,71.7,65.9,65.9,100.0,100.0,63.1
94.6,103.2,76.6,66.3,66.3,97.6,97.6,63.3
95.8,102.1,76.0,64.1,64.1,99.1,99.1,62.5
94.3,100.8,76.7,64.9,64.9,99.4,99.4,63.2
92.7,103.0,76.2,66.1,66.1,99.6,99.6,62.4
90.8,101.2,76.3,66.0,66.0,99.2,99.2,62.5
90.8,99.9,76.5,66.2,66.2,100.1,100.1,62.0
89.3,97.6,75.6,65.1,65.1,99.5,99.5,61.3
86.4,100.2,74.5,65.4,65.4,98.9,98.9,61.1
78.1,78.9,73.1,65.4,65.4,99.8,99.8,60.6
86.7,74.2,76.7,63.5,63.5,99.8,99.8,60.1
100.9,83.6,75.6,63.3,63.3,99.2,99.2,60.6
106.7,82.4,76.3,62.7,62.7,99.1,99.1,60.1
106.2,84.6,76.7,62.8,62.8,98.9,98.9,60.1
107.5,74.8,76.3,62.0,62.0,100.0,100.0,59.8
106.8,71.1,76.2,62.9,62.9,99.9,99.9,59.8
102.3,73.1,76.1,64.0,64.0,99.7,99.7,59.8
102.2,78.6,76.2,63.4,63.4,100.2,100.2,60.4
104.3,79.4,75.9,62.8,62.8,98.1,98.1,61.9
105.4,77.0,74.6,68.3,68.3,100.4,100.4,60.6
104.6,75.0,74.3,68.3,68.3,100.8,100.8,59.7
102.5,76.0,74.4,67.6,67.6,101.6,101.6,58.9
100.6,77.8,77.3,63.2,63.2,102.3,102.3,57.5
100.8,75.1,77.2,63.4,63.4,99.9,99.9,57.8
100.7,76.7,74.2,66.6,66.6,99.7,99.7,58.6
97.6,79.2,74.3,67.3,67.3,100.4,100.4,57.7
103.4,82.3,71.7,67.9,67.9,100.7,100.7,58.5
106.4,83.3,71.9,67.8,67.8,99.9,99.9,59.3
104.2,89.6,72.5,69.6,69.6,97.3,97.3,59.9
104.3,84.3,77.8,62.3,62.3,96.3,96.3,60.0
105.0,79.3,77.9,62.1,62.1,96.7,96.7,60.0
105.2,77.4,77.4,59.9,59.9,98.0,98.0,59.8
106.3,78.0,77.1,60.8,60.8,97.3,97.3,59.3
103.5,77.4,77.2,60.5,60.5,96.6,96.6,60.5
103.9,77.0,76.7,60.9,60.9,97.8,97.8,60.1
104.3,74.8,68.4,70.2,70.2,96.4,96.4,60.4
102.9,75.7,71.5,66.8,66.8,97.1,97.1,60.0
101.6,76.3,71.6,67.5,67.5,97.6,97.6,60.2
101.4,74.4,71.9,66.8,66.8,98.0,98.0,59.5
98.7,77.2,71.2,67.2,67.2,98.4,98.4,59.1
98.5,77.3,71.2,67.4,67.4,98.7,98.7,59.2
98.3,75.9,71.7,65.4,65.4,98.7,98.7,59.5
98.2,72.6,72.0,65.3,65.3,99.0,99.0,59.4
99.1,72.3,71.7,65.3,65.3,98.6,98.6,59.6
97.5,71.6,71.6,65.0,65.0,98.8,98.8,59.5
97.3,71.0,71.3,65.5,65.5,99.0,99.0,59.3
96.0,71.9,71.7,65.3,65.3,99.2,99.2,59.5
94.5,68.7,70.9,66.1,66.1,97.1,97.1,60.6
95.0,67.9,71.4,65.5,65.5,96.6,96.6,60.6
98.1,69.8,71.5,65.1,65.1,96.6,96.6,60.5
98.5,67.5,71.3,64.9,64.9,97.4,97.4,60.5
101.2,72.2,71.8,65.1,65.1,98.6,98.6,60.3
105.8,68.2,73.0,64.2,64.2,99.7,99.7,60.2
109.1,71.6,71.8,63.8,63.8,99.7,99.7,59.3
106.8,80.2,72.2,65.0,65.0,99.6,99.6,60.0
105.1,84.4,72.1,66.3,66.3,97.5,97.5,60.9
107.4,82.9,76.7,60.7,60.7,98.0,98.0,60.8
107.7,86.0,77.7,60.0,60.0,99.2,99.2,59.3
111.3,82.6,77.9,61.1,61.1,96.4,96.4,59.0
108.8,84.7,77.9,61.6,61.6,95.2,95.2,59.3
107.2,81.1,77.5,61.4,61.4,95.8,95.8,59.3
108.7,80.8,78.5,59.4,59.4,97.9,97.9,60.0
106.9,80.1,78.7,62.0,62.0,94.7,94.7,60.5
108.4,85.4,78.2,59.7,59.7,98.2,98.2,61.3
107.4,84.7,78.0,60.0,60.0,99.0,99.0,60.7
104.9,78.3,77.8,60.9,60.9,97.1,97.1,62.9
107.0,86.3,77.7,60.1,60.1,97.9,97.9,62.3
107.2,84.6,77.6,60.2,60.2,97.6,97.6,62.4
104.6,78.3,76.6,60.9,60.9,98.8,98.8,62.2
105.7,85.2,78.3,60.1,60.1,97.7,97.7,63.5
106.2,83.4,76.7,59.8,59.8,98.3,98.3,62.7
103.7,79.0,76.0,59.8,59.8,99.8,99.8,61.3
103.8,80.8,72.5,64.0,64.0,98.8,98.8,62.6
104.0,86.7,75.6,58.8,58.8,98.1,98.1,62.0
102.0,82.0,72.4,64.1,64.1,98.2,98.2,62.0
100.9,82.6,72.6,62.9,62.9,97.8,97.8,62.5
105.6,84.6,76.9,58.8,58.8,95.8,95.8,62.6
99.2,85.8,75.7,58.9,58.9,97.1,97.1,61.0
102.5,88.9,73.0,64.3,64.3,96.9,96.9,61.1
105.8,84.3,73.0,64.0,64.0,96.0,96.0,61.0
102.2,82.1,72.8,64.5,64.5,97.1,97.1,59.8
103.5,82.4,73.4,64.5,64.5,97.6,97.6,59.6
108.2,82.9,72.7,65.2,65.2,97.3,97.3,60.3
106.3,80.0,72.2,64.7,64.7,98.0,98.0,60.1
106.4,80.3,72.9,64.7,64.7,98.1,98.1,60.0
109.2,81.6,72.9,64.3,64.3,97.9,97.9,59.9
107.3,80.4,71.8,64.6,64.6,98.8,98.8,60.0
107.0,82.1,73.7,63.0,63.0,99.3,99.3,59.8
107.5,82.3,73.3,62.4,62.4,98.2,98.2,60.6
103.5,81.8,72.6,63.0,63.0,98.1,98.1,61.0
99.5,84.8,73.2,63.6,63.6,97.4,97.4,60.7
101.0,85.0,73.8,62.9,62.9,97.0,97.0,61.2
106.2,83.0,72.3,63.4,63.4,95.6,95.6,61.7
105.8,81.2,74.4,61.3,61.3,96.8,96.8,61.2
105.8,84.2,73.0,62.0,62.0,96.6,96.6,60.8
106.9,82.5,73.0,62.9,62.9,95.5,95.5,60.1
106.3,79.2,73.8,64.1,64.1,94.3,94.3,58.9
106.7,85.4,73.5,65.9,65.9,93.3,93.3,58.7
109.2,83.8,76.9,60.1,60.1,94.4,94.4,58.5
109.0,79.5,77.7,59.3,59.3,94.8,94.8,58.7
107.0,86.9,77.9,59.7,59.7,94.3,94.3,59.3
107.5,82.6,77.3,60.1,60.1,94.2,94.2,59.6
108.1,80.3,73.3,67.6,67.6,95.1,95.1,59.4
106.9,89.6,74.0,66.6,66.6,91.7,91.7,59.5
104.3,89.3,73.7,65.1,65.1,92.8,92.8,59.7
105.9,82.1,75.4,64.6,64.6,91.4,91.4,61.3
107.9,86.9,75.8,64.0,64.0,93.3,93.3,59.5
107.5,84.5,76.2,62.4,62.4,94.4,94.4,58.5
105.0,80.8,75.8,62.0,62.0,92.6,92.6,59.4
110.3,84.7,72.6,65.4,65.4,90.5,90.5,57.5
107.1,81.4,76.8,59.4,59.4,86.8,86.8,60.3
109.7,78.9,72.5,63.0,63.0,86.2,86.2,59.3
108.4,81.6,72.4,59.4,59.4,92.1,92.1,58.4
105.9,81.5,72.0,59.3,59.3,91.4,91.4,58.5
97.8,84.6,76.0,57.4,57.4,86.4,86.4,61.7
100.6,82.2,76.4,55.2,55.2,86.2,86.2,62.2
97.8,84.5,76.2,55.6,55.6,90.6,90.6,62.9
95.9,84.9,75.0,56.2,56.2,87.9,87.9,64.3
95.5,82.3,73.9,56.7,56.7,85.3,85.3,62.5
94.0,79.1,67.6,60.5,60.5,82.9,82.9,50.8
90.5,78.8,77.3,50.9,50.9,86.6,86.6,42.7
90.0,66.5,68.0,55.6,55.6,89.1,89.1,37.0
99.7,51.1,68.2,55.3,55.3,94.9,94.9,33.5
78.7,79.0,68.4,55.6,55.6,91.9,91.9,32.2
110.3,75.0,71.9,54.0,54.0,92.2,92.2,29.6
111.5,78.5,68.0,54.8,54.8,94.6,94.6,27.6
112.9,76.1,68.2,57.1,57.1,98.3,98.3,26.0
113.0,71.0,73.2,55.7,55.7,91.5,91.5,28.7
111.3,70.7,72.8,56.3,56.3,85.8,85.8,38.3
108.7,64.4,73.3,54.5,54.5,82.2,82.2,45.6
111.0,62.9,68.9,57.7,57.7,80.0,80.0,52.9
114.4,59.7,74.0,55.5,55.5,84.5,84.5,50.2
113.3,59.5,74.0,56.5,56.5,84.0,84.0,50.9
113.3,54.4,74.8,55.9,55.9,81.9,81.9,50.1
113.4,48.9,73.3,56.7,56.7,83.0,83.0,50.8
108.0,47.2,74.7,56.9,56.9,83.0,83.0,52.2
93.3,65.4,72.4,60.8,60.8,79.9,79.9,52.8
94.4,82.6,73.1,60.0,60.0,81.5,81.5,53.2
106.1,80.1,72.3,60.4,60.4,85.9,85.9,49.8
104.7,79.3,71.7,64.8,64.8,84.1,84.1,50.9
104.8,79.2,75.4,59.5,59.5,82.9,82.9,52.5
104.2,77.9,75.3,59.7,59.7,82.1,82.1,52.0
109.3,70.5,74.7,60.4,60.4,87.6,87.6,51.8
111.0,77.8,74.4,62.1,62.1,84.5,84.5,53.6
111.4,73.6,75.3,59.9,59.9,86.7,86.7,57.2
112.5,72.5,74.4,61.6,61.6,89.8,89.8,56.7
114.9,70.4,77.3,63.0,63.0,93.2,93.2,57.5
111.4,68.5,80.6,61.1,61.1,97.5,97.5,54.7
111.6,67.3,78.0,64.3,64.3,95.4,95.4,53.3
110.3,67.7,77.2,60.9,60.9,96.1,96.1,54.8
106.7,69.4,77.8,60.4,60.4,98.1,98.1,57.6
105.3,86.8,74.4,60.0,60.0,98.4,98.4,58.9
106.4,96.4,71.4,63.4,63.4,96.4,96.4,60.3
105.2,100.9,71.3,62.6,62.6,98.5,98.5,61.0
105.1,99.5,70.7,60.4,60.4,100.9,100.9,60.4
105.5,97.0,71.2,59.1,59.1,100.3,100.3,60.4
105.5,99.3,70.0,63.1,63.1,95.4,95.4,61.7
106.2,97.1,67.7,61.4,61.4,97.3,97.3,62.0
106.4,91.8,69.3,63.1,63.1,95.9,95.9,63.1
105.1,95.4,69.0,63.0,63.0,95.7,95.7,63.7
104.0,96.0,71.9,55.8,55.8,99.8,99.8,64.2
103.4,94.1,72.0,62.2,62.2,95.2,95.2,65.0
100.4,92.6,69.4,61.2,61.2,100.9,100.9,63.7
98.7,94.4,69.2,60.9,60.9,101.7,101.7,63.4
98.1,96.2,69.9,60.6,60.6,102.0,102.0,63.8
100.1,95.0,71.1,60.4,60.4,102.8,102.8,63.4
98.5,98.3,71.6,63.3,63.3,101.0,101.0,62.6
96.4,98.0,70.6,58.8,58.8,100.0,100.0,63.0
96.3,100.6,69.7,59.2,59.2,100.0,100.0,63.3
100.3,95.7,72.3,59.0,59.0,101.0,101.0,63.0
98.5,98.4,67.4,64.4,64.4,100.4,100.4,63.5
97.6,99.5,68.8,62.2,62.2,104.5,104.5,64.0
95.4,98.6,66.9,61.7,61.7,103.3,103.3,64.9
99.2,99.4,67.1,61.5,61.5,102.6,102.6,65.7
100.4,98.6,69.6,60.8,60.8,100.3,100.3,65.2
96.4,101.1,70.7,61.5,61.5,99.0,99.0,65.1
96.3,101.7,70.1,60.1,60.1,99.4,99.4,63.9
98.1,99.2,71.7,59.6,59.6,99.3,99.3,63.9
98.2,99.8,73.5,59.3,59.3,99.7,99.7,63.3
94.5,100.6,75.2,60.3,60.3,99.3,99.3,63.2
94.2,99.7,74.7,60.9,60.9,98.8,98.8,63.3
92.5,97.4,77.0,60.4,60.4,100.1,100.1,62.3
93.2,98.5,75.6,61.1,61.1,100.0,100.0,61.2
91.1,95.8,75.9,60.9,60.9,101.4,101.4,60.1
90.4,99.0,76.5,61.0,61.0,100.2,100.2,59.9
90.1,99.0,74.6,61.4,61.4,98.8,98.8,60.6
91.0,98.1,75.4,61.0,61.0,97.9,97.9,60.2
91.5,95.3,75.0,60.9,60.9,97.4,97.4,59.3
92.4,96.0,74.2,62.6,62.6,97.7,97.7,60.0
93.6,93.4,74.1,62.0,62.0,97.3,97.3,60.7
93.9,95.3,73.8,61.6,61.6,96.8,96.8,61.4
95.0,90.3,73.6,61.5,61.5,96.2,96.2,63.3
95.7,89.2,72.2,59.4,59.4,99.0,99.0,65.9
95.9,91.0,73.3,58.5,58.5,99.3,99.3,67.8
93.7,95.9,69.0,63.2,63.2,101.6,101.6,63.1
92.7,98.2,67.9,62.4,62.4,102.5,102.5,62.6
93.9,96.5,68.2,62.2,62.2,101.8,101.8,62.3
93.1,97.8,70.1,60.3,60.3,102.0,102.0,61.3
92.7,104.7,69.7,62.5,62.5,100.2,100.2,60.7
93.4,105.5,70.6,61.3,61.3,100.6,100.6,60.1
89.8,108.7,74.7,56.9,56.9,100.0,100.0,60.4
92.4,108.4,75.2,59.7,59.7,98.7,98.7,60.2
85.4,100.6,75.8,58.9,58.9,98.9,98.9,59.3
76.0,93.6,74.7,60.4,60.4,98.1,98.1,60.1
83.8,103.0,74.1,60.5,60.5,98.6,98.6,59.5
101.8,96.5,74.6,61.1,61.1,97.1,97.1,60.7
104.7,97.3,73.8,61.3,61.3,97.8,97.8,58.7
106.5,102.8,75.5,61.0,61.0,97.7,97.7,58.2
107.6,100.4,71.1,60.5,60.5,95.8,95.8,57.3
105.1,98.9,70.8,60.7,60.7,96.4,96.4,57.4
104.8,100.9,71.1,59.1,59.1,96.4,96.4,58.3
100.3,100.3,71.0,58.7,58.7,96.4,96.4,59.1
98.5,96.1,71.2,59.1,59.1,96.5,96.5,60.3
100.6,101.8,77.1,59.0,59.0,94.6,94.6,63.6
96.9,99.1,71.2,59.6,59.6,96.0,96.0,63.9
92.6,97.2,69.6,60.6,60.6,97.2,97.2,63.7
94.1,99.4,73.7,59.5,59.5,98.9,98.9,63.1
93.6,98.1,73.3,59.9,59.9,101.0,101.0,62.7
89.8,98.3,73.2,59.5,59.5,101.7,101.7,63.0
90.2,96.0,73.5,58.8,58.8,101.5,101.5,63.1
89.1,95.8,74.7,57.7,57.7,100.5,100.5,63.3
89.3,94.7,74.5,58.5,58.5,99.4,99.4,65.1
90.5,94.0,76.4,58.0,58.0,98.3,98.3,66.0
90.6,93.7,77.4,58.2,58.2,99.5,99.5,64.9
92.4,94.8,76.3,60.3,60.3,99.4,99.4,63.4
91.9,94.9,75.9,61.6,61.6,100.2,100.2,62.2
93.0,95.5,76.9,60.5,60.5,100.2,100.2,61.7
94.0,94.3,77.3,61.0,61.0,100.5,100.5,61.3
95.1,95.2,76.5,61.3,61.3,100.8,100.8,62.2
95.7,94.4,76.4,60.9,60.9,100.7,100.7,61.2
95.0,98.2,76.2,60.8,60.8,98.8,98.8,62.8
96.7,96.6,75.0,61.2,61.2,97.9,97.9,63.3
95.0,102.8,75.0,61.2,61.2,96.9,96.9,62.2
79.6,87.7,75.6,60.6,60.6,96.5,96.5,62.4
78.1,78.3,74.2,61.1,61.1,96.3,96.3,62.1
88.6,103.4,74.8,60.7,60.7,96.8,96.8,61.7
100.6,102.9,74.1,61.3,61.3,98.2,98.2,60.7
108.4,102.3,73.1,62.4,62.4,97.6,97.6,61.9
105.2,102.1,72.4,62.8,62.8,98.5,98.5,61.9
103.3,102.9,72.6,61.0,61.0,100.3,100.3,62.5
103.9,99.9,72.2,61.3,61.3,101.4,101.4,62.5
105.2,96.1,72.6,61.1,61.1,101.6,101.6,62.7
104.3,97.1,72.6,62.5,62.5,101.4,101.4,62.9
104.6,98.6,72.8,61.4,61.4,102.7,102.7,63.5
103.5,99.2,72.8,60.6,60.6,103.9,103.9,63.4
103.6,95.4,73.9,61.4,61.4,104.3,104.3,64.0
100.0,97.5,73.5,60.8,60.8,104.1,104.1,63.0
102.0,97.5,73.3,61.0,61.0,103.8,103.8,64.5
98.1,97.2,68.0,68.7,68.7,102.8,102.8,63.9
94.6,98.7,68.4,68.6,68.6,101.9,101.9,63.6
95.4,96.0,68.1,67.7,67.7,101.0,101.0,64.6
91.4,94.8,68.3,66.6,66.6,101.2,101.2,64.9
92.5,95.2,68.7,66.8,66.8,100.8,100.8,66.8
92.7,98.7,68.7,67.1,67.1,101.3,101.3,66.6
96.6,102.9,68.5,66.9,66.9,101.1,101.1,66.6
100.9,98.6,67.3,67.7,67.7,100.3,100.3,65.5
97.6,98.4,67.5,67.2,67.2,101.1,101.1,64.9
93.1,102.3,67.4,66.9,66.9,101.4,101.4,63.1
94.5,101.7,67.7,66.8,66.8,101.1,101.1,63.2
96.1,103.1,67.8,66.4,66.4,100.3,100.3,65.3
97.6,100.1,67.8,66.7,66.7,101.1,101.1,64.4
95.7,102.0,68.4,67.9,67.9,101.9,101.9,64.2
95.3,103.1,74.4,60.5,60.5,103.0,103.0,64.1
96.1,98.5,74.8,62.8,62.8,101.9,101.9,63.4
94.9,101.6,74.5,62.9,62.9,101.6,101.6,62.8
91.8,99.6,74.8,62.9,62.9,102.0,102.0,62.5
92.3,100.1,74.5,62.5,62.5,100.7,100.7,64.6
90.6,100.6,74.2,60.6,60.6,102.4,102.4,64.6
91.7,98.6,68.0,67.6,67.6,101.8,101.8,65.5
90.8,97.1,67.7,67.3,67.3,102.0,102.0,65.4
90.1,97.6,68.0,67.7,67.7,100.8,100.8,64.2
89.5,97.2,75.1,59.0,59.0,101.1,101.1,63.9
93.0,94.4,73.7,61.3,61.3,100.6,100.6,63.2
95.4,95.2,74.6,62.9,62.9,98.3,98.3,62.9
97.1,95.6,74.3,62.9,62.9,98.8,98.8,63.0
98.5,101.7,75.0,62.5,62.5,99.4,99.4,62.9
81.1,101.4,75.0,62.7,62.7,100.2,100.2,62.1
80.3,84.0,74.2,61.7,61.7,100.1,100.1,61.5
86.1,60.2,73.4,62.4,62.4,101.1,101.1,60.0
95.7,96.1,72.9,62.6,62.6,100.9,100.9,60.7
100.0,112.4,71.7,62.8,62.8,99.1,99.1,62.0
99.8,102.5,70.2,62.5,62.5,100.7,100.7,63.1
102.4,96.4,71.3,63.7,63.7,99.6,99.6,62.8
102.7,99.2,71.9,63.7,63.7,101.4,101.4,62.0
101.0,100.8,71.6,63.6,63.6,103.4,103.4,61.7
102.4,98.8,72.3,61.6,61.6,105.3,105.3,61.9
99.3,97.1,71.7,60.6,60.6,106.6,106.6,62.3
99.0,99.6,66.6,66.9,66.9,105.4,105.4,62.8
99.3,96.7,67.0,66.9,66.9,104.5,104.5,63.5
98.1,95.8,67.0,66.7,66.7,102.9,102.9,64.0
98.4,99.3,66.6,66.8,66.8,102.6,102.6,64.3
94.0,94.4,67.0,66.2,66.2,103.4,103.4,64.2
94.9,98.9,67.7,66.0,66.0,103.6,103.6,64.2
96.1,96.7,68.0,65.9,65.9,103.1,103.1,64.5
92.1,100.7,67.4,66.1,66.1,104.0,104.0,64.3
94.2,99.3,67.3,66.5,66.5,102.9,102.9,63.8
91.3,99.3,67.9,66.6,66.6,104.0,104.0,62.9
90.2,98.5,68.9,66.0,66.0,103.7,103.7,62.7
91.1,98.0,69.5,66.6,66.6,103.1,103.1,62.9
90.2,97.2,69.0,67.0,67.0,102.8,102.8,62.5
92.8,93.7,69.4,68.4,68.4,103.6,103.6,62.7
92.5,94.0,68.6,66.5,66.5,104.8,104.8,62.6
94.4,93.8,69.1,66.4,66.4,104.7,104.7,62.8
97.4,90.2,68.8,66.7,66.7,104.6,104.6,62.5
97.4,89.9,69.4,65.8,65.8,104.5,104.5,61.4
97.9,89.9,70.0,65.3,65.3,105.8,105.8,60.8
98.7,90.2,67.5,66.8,66.8,105.5,105.5,60.8
98.9,90.0,75.1,63.6,63.6,101.7,101.7,60.8
100.0,95.0,75.9,63.0,63.0,101.4,101.4,60.7
96.4,101.8,75.8,63.1,63.1,101.5,101.5,59.7
84.9,102.7,74.3,63.2,63.2,102.5,102.5,59.4
80.7,86.9,74.4,63.2,63.2,101.8,101.8,58.9
87.2,102.0,73.0,63.5,63.5,100.4,100.4,59.3
99.5,98.2,72.1,63.5,63.5,100.2,100.2,59.3
99.3,105.9,67.9,67.3,67.3,102.8,102.8,60.0
102.0,101.1,68.2,67.9,67.9,103.4,103.4,59.9
102.8,104.2,73.1,63.5,63.5,99.9,99.9,60.6
100.9,103.5,73.9,62.1,62.1,100.1,100.1,60.9
102.7,98.7,74.1,62.1,62.1,101.0,101.0,60.1
102.9,95.8,74.0,62.6,62.6,102.0,102.0,59.6
102.2,98.2,72.4,64.7,64.7,101.7,101.7,59.6
103.6,96.6,72.5,65.2,65.2,101.9,101.9,59.6
102.1,98.7,71.5,63.1,63.1,102.2,102.2,60.9
103.8,94.9,72.9,59.9,59.9,104.2,104.2,61.6
100.9,92.5,72.6,60.0,60.0,104.6,104.6,62.3
103.0,95.8,73.1,60.7,60.7,103.2,103.2,62.4
99.3,93.0,73.1,59.7,59.7,103.6,103.6,62.7
93.6,97.4,67.3,67.2,67.2,104.2,104.2,61.4
96.6,96.2,71.8,60.2,60.2,103.5,103.5,61.2
91.7,94.1,71.9,60.1,60.1,104.3,104.3,60.8
90.6,96.2,67.6,65.6,65.6,103.9,103.9,62.1
90.3,97.9,68.3,65.9,65.9,104.3,104.3,61.7
91.4,93.4,68.8,67.7,67.7,102.7,102.7,61.8
92.1,92.8,69.6,67.5,67.5,102.9,102.9,60.6
92.5,92.7,69.1,66.9,66.9,103.8,103.8,60.1
92.5,92.4,69.3,67.3,67.3,104.1,104.1,60.3
95.5,88.9,70.1,65.3,65.3,105.3,105.3,60.5
96.5,87.8,75.2,63.3,63.3,101.7,101.7,60.9
95.6,89.2,75.6,63.2,63.2,101.4,101.4,61.4
98.0,88.7,74.9,63.8,63.8,102.8,102.8,60.4
96.8,94.5,74.0,63.8,63.8,102.6,102.6,61.0
83.7,87.1,69.5,67.4,67.4,105.0,105.0,60.0
82.0,82.8,72.7,63.6,63.6,102.0,102.0,59.6
91.0,96.0,72.9,59.5,59.5,104.8,104.8,58.7
96.8,109.0,72.0,60.3,60.3,103.6,103.6,58.9
101.9,103.0,71.8,60.6,60.6,102.1,102.1,59.8
103.8,102.0,71.7,60.4,60.4,102.0,102.0,60.4
102.9,103.1,72.2,61.0,61.0,103.7,103.7,60.1
101.8,102.5,72.0,60.8,60.8,103.8,103.8,61.2
103.9,97.5,73.5,61.0,61.0,103.2,103.2,60.9
104.4,97.1,73.4,61.0,61.0,104.5,104.5,61.0
104.3,96.4,72.9,61.6,61.6,104.7,104.7,61.1
102.3,96.6,72.5,61.0,61.0,103.7,103.7,62.9
103.4,96.1,68.0,67.5,67.5,104.5,104.5,62.1
99.8,94.8,68.1,67.2,67.2,104.3,104.3,62.5
98.9,96.6,73.4,61.3,61.3,103.6,103.6,62.3
98.7,96.2,73.3,62.9,62.9,101.8,101.8,62.1
95.5,95.8,74.0,62.6,62.6,101.6,101.6,62.4
94.6,97.1,73.1,61.0,61.0,104.2,104.2,62.6
93.2,96.3,68.9,67.1,67.1,104.6,104.6,62.2
91.4,98.1,68.9,67.2,67.2,105.0,105.0,61.5
92.5,95.1,69.7,67.2,67.2,105.0,105.0,61.9
92.0,94.0,75.2,62.9,62.9,102.5,102.5,61.9
91.1,93.5,70.6,69.3,69.3,102.7,102.7,61.7
92.9,93.5,70.1,69.3,69.3,103.4,103.4,61.0
94.3,91.5,70.2,70.1,70.1,104.3,104.3,60.2
96.5,89.5,75.0,65.3,65.3,104.3,104.3,59.1
97.0,90.1,75.9,64.4,64.4,104.5,104.5,58.0
97.2,90.0,76.0,63.1,63.1,103.4,103.4,58.7
93.5,99.1,75.4,63.3,63.3,103.2,103.2,58.3
90.3,94.9,74.2,62.2,62.2,102.8,102.8,58.6
80.7,92.4,73.5,63.1,63.1,101.8,101.8,58.4
83.5,99.1,72.8,61.8,61.8,101.0,101.0,59.0
92.4,105.3,71.8,61.3,61.3,101.2,101.2,57.9
104.9,104.9,73.3,60.3,60.3,99.4,99.4,57.9
105.4,100.5,74.0,61.0,61.0,99.4,99.4,57.9
109.9,98.6,74.4,61.3,61.3,101.4,101.4,58.0
109.5,98.8,75.7,61.3,61.3,102.3,102.3,57.5
110.3,94.8,75.4,60.5,60.5,103.4,103.4,57.2
109.8,97.2,75.0,60.4,60.4,102.4,102.4,57.8
110.8,93.2,77.1,60.4,60.4,102.8,102.8,58.0
107.6,92.9,75.4,60.8,60.8,102.5,102.5,58.1
104.9,96.2,73.2,60.8,60.8,102.2,102.2,58.7
99.7,98.0,74.5,60.1,60.1,103.6,103.6,59.1
101.1,97.6,74.4,60.3,60.3,102.8,102.8,59.5
96.5,95.6,74.0,60.6,60.6,102.1,102.1,60.0
93.2,97.6,74.5,60.3,60.3,101.8,101.8,59.7
92.2,98.2,76.0,61.0,61.0,101.3,101.3,60.2
90.6,98.0,76.2,61.2,61.2,102.5,102.5,59.8
90.6,95.1,75.1,63.4,63.4,102.8,102.8,59.7
91.4,93.7,69.9,71.4,71.4,102.8,102.8,59.7
91.0,92.8,70.5,71.7,71.7,102.5,102.5,59.6
92.9,92.0,77.0,61.8,61.8,102.0,102.0,59.1
95.6,89.0,70.6,70.8,70.8,103.0,103.0,58.9
97.5,87.5,70.9,71.7,71.7,101.7,101.7,59.1
97.9,87.2,69.9,71.6,71.6,102.5,102.5,58.5
98.6,87.4,69.9,71.1,71.1,102.1,102.1,58.5
94.9,96.6,68.1,70.3,70.3,102.0,102.0,59.0
86.9,95.9,68.0,70.4,70.4,102.7,102.7,58.0
79.4,87.0,67.5,70.2,70.2,103.2,103.2,56.6
81.8,99.4,74.4,60.2,60.2,101.1,101.1,56.7
91.6,103.6,73.6,60.1,60.1,102.5,102.5,55.5
102.5,100.4,74.5,59.9,59.9,102.9,102.9,55.5
102.3,105.2,73.8,60.5,60.5,101.2,101.2,56.4
106.3,100.5,73.9,60.2,60.2,101.8,101.8,56.7
107.7,96.6,74.1,60.8,60.8,102.2,102.2,57.4
106.4,96.6,76.4,60.7,60.7,101.6,101.6,57.8
106.5,95.0,76.0,61.1,61.1,101.5,101.5,58.9
101.5,98.6,75.7,61.9,61.9,100.1,100.1,59.4
103.4,96.5,75.8,61.6,61.6,100.6,100.6,59.5
95.1,98.0,74.9,63.0,63.0,101.1,101.1,59.2
93.4,104.5,74.6,63.2,63.2,100.3,100.3,59.8
90.4,101.5,76.2,60.6,60.6,102.6,102.6,59.3
88.2,101.5,75.3,60.0,60.0,102.5,102.5,60.5
88.2,100.0,75.0,60.5,60.5,102.3,102.3,60.7
88.9,98.1,75.4,61.2,61.2,102.5,102.5,60.8
94.2,93.4,73.0,59.7,59.7,106.4,106.4,60.6
96.4,93.9,72.7,63.3,63.3,103.6,103.6,60.5
98.0,91.2,68.4,70.5,70.5,101.5,101.5,61.6
97.6,90.9,68.6,67.1,67.1,106.7,106.7,60.2
98.8,90.7,72.2,72.1,72.1,101.4,101.4,60.4
94.1,96.5,69.5,71.6,71.6,102.5,102.5,59.8
94.0,94.7,77.2,63.9,63.9,102.2,102.2,58.8
81.4,90.5,73.8,62.9,62.9,102.4,102.4,58.9
82.9,94.0,73.2,62.8,62.8,103.2,103.2,58.7
93.7,95.2,71.7,63.4,63.4,104.2,104.2,58.8
100.0,103.2,71.2,63.4,63.4,104.2,104.2,58.5
111.1,96.6,70.9,63.4,63.4,103.7,103.7,58.3
112.5,97.5,72.0,63.3,63.3,102.7,102.7,59.4
110.1,96.1,74.1,60.9,60.9,102.5,102.5,59.5
105.5,96.0,73.9,63.0,63.0,102.1,102.1,60.4
103.0,99.1,73.5,63.5,63.5,101.2,101.2,60.8
105.6,95.7,75.5,63.9,63.9,100.7,100.7,60.7
101.9,96.1,73.3,62.3,62.3,101.7,101.7,60.7
98.4,99.7,74.6,61.6,61.6,102.3,102.3,60.9
96.4,97.8,75.4,61.2,61.2,103.0,103.0,61.2
94.5,100.9,75.2,60.3,60.3,103.4,103.4,61.3
93.9,100.1,73.5,61.4,61.4,103.1,103.1,61.4
93.3,100.9,72.8,62.1,62.1,103.4,103.4,62.8
90.4,97.7,73.3,62.5,62.5,103.7,103.7,62.9
89.9,98.2,68.5,67.5,67.5,106.3,106.3,63.8
89.7,95.2,68.2,68.2,68.2,105.9,105.9,63.8
90.2,93.2,72.3,70.3,70.3,101.7,101.7,63.2
91.8,91.6,72.6,70.3,70.3,102.4,102.4,62.0
93.9,89.7,73.2,69.8,69.8,104.4,104.4,60.9
95.7,88.4,70.7,68.8,68.8,104.5,104.5,59.4
95.9,88.8,71.9,64.6,64.6,109.5,109.5,59.4
96.4,88.8,69.0,70.1,70.1,104.9,104.9,59.2
97.1,89.6,76.2,58.7,58.7,109.2,109.2,59.5
96.4,93.1,76.2,63.3,63.3,104.7,104.7,59.2
90.8,96.5,74.5,67.0,67.0,104.9,104.9,59.4
80.0,88.1,73.9,63.8,63.8,103.6,103.6,59.0
89.1,91.6,73.5,63.7,63.7,103.6,103.6,58.0
99.0,100.7,74.5,63.6,63.6,101.9,101.9,57.8
103.8,105.7,75.2,61.6,61.6,102.5,102.5,57.7
106.5,102.0,74.8,61.7,61.7,102.2,102.2,57.8
111.5,96.1,75.6,62.4,62.4,101.5,101.5,58.5
109.9,93.6,75.7,61.3,61.3,102.2,102.2,58.6
106.8,94.6,74.5,63.2,63.2,103.0,103.0,58.2
107.4,95.2,75.8,62.0,62.0,103.1,103.1,58.7
103.5,96.5,75.9,62.4,62.4,102.2,102.2,59.4
106.4,96.0,75.0,63.9,63.9,100.8,100.8,59.5
105.5,100.3,74.8,62.4,62.4,101.5,101.5,59.6
102.2,97.9,75.2,61.7,61.7,101.6,101.6,59.6
96.0,100.1,75.8,60.8,60.8,102.5,102.5,60.2
94.4,102.0,74.7,61.8,61.8,102.3,102.3,60.3
90.9,101.4,76.0,61.3,61.3,102.4,102.4,61.1
90.7,101.2,76.7,61.7,61.7,102.0,102.0,61.6
93.7,99.3,76.9,61.1,61.1,101.7,101.7,61.3
91.1,97.8,75.9,61.2,61.2,102.4,102.4,60.7
90.4,96.7,77.0,61.6,61.6,102.5,102.5,60.5
91.8,96.4,77.5,60.9,60.9,102.4,102.4,60.7
91.8,95.8,77.1,62.7,62.7,103.3,103.3,59.7
92.8,94.8,75.8,63.5,63.5,103.2,103.2,59.4
92.6,95.1,76.5,63.5,63.5,103.2,103.2,59.8
94.3,93.2,76.0,63.9,63.9,103.2,103.2,60.1
95.6,92.4,77.1,62.6,62.6,102.9,102.9,60.0
96.2,91.8,76.2,62.9,62.9,102.1,102.1,61.1
95.4,94.8,74.8,62.6,62.6,101.9,101.9,61.4
95.2,101.4,75.3,63.3,63.3,101.5,101.5,60.8
89.5,94.2,74.8,63.1,63.1,100.9,100.9,60.8
82.4,82.4,73.8,66.8,66.8,102.5,102.5,59.6
87.0,95.5,77.2,60.6,60.6,103.1,103.1,57.8
100.5,105.3,76.4,60.8,60.8,101.9,101.9,58.0
109.7,95.9,74.5,61.1,61.1,100.7,100.7,58.4
108.2,97.0,73.4,61.8,61.8,100.1,100.1,59.4
102.8,93.6,74.3,62.6,62.6,99.9,99.9,61.3
102.4,94.5,74.8,62.3,62.3,99.9,99.9,60.4
104.6,98.7,75.3,62.4,62.4,100.9,100.9,60.9
109.3,94.2,74.2,63.2,63.2,100.3,100.3,61.5
108.0,92.5,74.7,62.0,62.0,102.0,102.0,61.8
108.0,93.8,76.0,62.2,62.2,103.3,103.3,62.3
107.6,97.4,74.6,59.8,59.8,107.0,107.0,62.3
103.0,96.7,73.6,61.0,61.0,106.1,106.1,62.4
104.4,96.6,74.5,63.5,63.5,103.0,103.0,62.5
103.3,98.4,75.4,63.5,63.5,101.5,101.5,61.4
100.1,97.8,74.4,62.9,62.9,101.3,101.3,61.2
101.7,100.1,74.3,62.0,62.0,101.7,101.7,61.6
102.4,100.7,73.4,60.6,60.6,104.0,104.0,61.3
102.4,102.0,68.9,67.5,67.5,103.3,103.3,61.1
101.8,100.1,69.4,66.4,66.4,103.2,103.2,60.9
99.0,99.1,68.9,67.0,67.0,104.3,104.3,60.5
95.2,104.8,68.7,68.5,68.5,104.4,104.4,60.1
98.5,106.3,73.4,61.0,61.0,104.7,104.7,60.1
102.5,101.0,72.4,64.3,64.3,103.1,103.1,59.8
103.8,106.0,73.0,60.7,60.7,105.5,105.5,61.0
105.6,104.4,67.3,67.0,67.0,106.3,106.3,62.1
108.7,100.5,73.4,58.9,58.9,105.5,105.5,62.8
108.0,100.8,75.5,58.8,58.8,104.2,104.2,62.3
104.7,99.7,75.4,59.9,59.9,100.0,100.0,62.6
101.4,99.0,75.5,58.6,58.6,98.4,98.4,61.8
104.7,103.8,74.8,59.1,59.1,97.9,97.9,61.6
102.2,102.6,74.9,58.7,58.7,97.8,97.8,62.1
104.4,100.4,76.2,59.6,59.6,98.9,98.9,61.7
103.6,99.6,76.0,60.6,60.6,99.4,99.4,61.3
97.0,98.5,75.6,62.5,62.5,99.7,99.7,61.0
96.6,95.8,75.5,64.0,64.0,100.5,100.5,60.3
97.1,96.9,75.0,63.0,63.0,101.1,101.1,60.6
93.9,94.5,76.4,63.1,63.1,101.4,101.4,60.7
94.5,94.8,77.2,61.1,61.1,101.4,101.4,62.2
91.9,97.1,76.7,58.6,58.6,104.8,104.8,63.4
90.0,96.9,70.6,64.9,64.9,104.6,104.6,65.5
87.8,100.3,69.4,65.1,65.1,104.3,104.3,64.1
89.0,98.4,70.7,63.1,63.1,103.8,103.8,62.3
91.7,98.4,71.9,63.2,63.2,103.5,103.5,61.6
91.9,101.0,75.6,58.3,58.3,101.9,101.9,61.2
92.8,98.6,76.3,58.8,58.8,103.1,103.1,59.0
91.8,98.5,76.1,59.6,59.6,103.7,103.7,59.6
91.7,99.1,76.8,60.0,60.0,103.2,103.2,58.8
92.8,97.6,76.8,63.7,63.7,100.7,100.7,57.6
93.7,97.7,76.3,60.1,60.1,101.0,101.0,59.4
93.0,99.5,72.1,66.6,66.6,101.0,101.0,59.7
92.8,105.1,71.1,66.0,66.0,100.7,100.7,59.9
91.8,106.8,72.0,66.5,66.5,95.4,95.4,60.4
95.2,105.2,71.7,67.5,67.5,92.9,92.9,58.7
96.1,109.2,72.2,66.9,66.9,92.4,92.4,59.4
81.4,98.5,72.2,67.7,67.7,93.6,93.6,57.9
82.1,97.5,72.4,68.0,68.0,96.1,96.1,57.6
103.4,96.5,71.9,63.6,63.6,100.4,100.4,57.0
110.0,93.8,74.7,62.1,62.1,101.0,101.0,57.8
109.4,93.1,75.5,62.1,62.1,97.2,97.2,56.1
105.0,96.2,77.4,59.7,59.7,89.9,89.9,55.8
105.7,91.5,71.8,61.0,61.0,86.1,86.1,56.6
107.5,92.1,73.7,56.6,56.6,84.7,84.7,58.3
106.6,91.8,71.6,58.6,58.6,85.8,85.8,57.5
107.5,95.6,67.6,60.5,60.5,90.3,90.3,56.2
108.4,94.5,66.9,60.0,60.0,88.8,88.8,55.6
102.4,97.8,71.7,56.8,56.8,89.8,89.8,51.6
97.4,95.6,71.0,55.4,55.4,90.0,90.0,47.6
103.5,97.8,66.8,57.2,57.2,93.6,93.6,40.9
107.4,100.0,71.7,53.3,53.3,95.2,95.2,37.6
104.8,97.8,73.8,53.9,53.9,96.7,96.7,30.8
107.5,101.2,73.6,53.8,53.8,95.8,95.8,33.6
107.1,97.8,68.5,55.9,55.9,96.9,96.9,32.5
101.8,100.3,72.9,52.9,52.9,99.6,99.6,32.1
106.0,96.4,71.8,53.8,53.8,97.9,97.9,31.9
99.2,100.2,69.1,55.2,55.2,98.1,98.1,31.6
99.2,100.1,69.8,57.0,57.0,97.9,97.9,32.7
101.6,98.9,73.3,52.0,52.0,92.2,92.2,33.5
99.8,99.7,73.5,52.7,52.7,89.1,89.1,42.8
98.9,98.2,73.4,50.9,50.9,87.0,87.0,45.3
101.4,100.9,73.6,49.9,49.9,86.2,86.2,46.0
98.5,98.2,74.4,50.1,50.1,86.1,86.1,48.5
96.7,98.8,74.1,50.8,50.8,84.4,84.4,50.5
97.8,95.8,73.9,51.0,51.0,83.7,83.7,53.6
93.6,98.0,74.1,51.0,51.0,84.0,84.0,53.4
92.8,98.5,74.5,50.1,50.1,82.2,82.2,55.8
91.3,99.1,75.5,49.1,49.1,82.9,82.9,56.3
89.7,97.7,75.6,49.5,49.5,83.7,83.7,57.7
91.6,97.4,76.0,50.2,50.2,83.3,83.3,57.4
91.7,98.1,75.8,50.5,50.5,84.9,84.9,56.9
94.1,96.1,75.4,51.0,51.0,83.7,83.7,57.2
92.8,97.9,72.6,53.3,53.3,84.0,84.0,57.5
81.6,104.5,74.6,51.3,51.3,83.1,83.1,56.7
73.2,83.0,74.1,51.0,51.0,81.7,81.7,55.3
78.6,82.2,73.6,50.8,50.8,84.0,84.0,55.5
97.0,91.3,73.9,51.5,51.5,83.4,83.4,55.2
104.3,91.9,73.8,52.3,52.3,83.7,83.7,54.9
103.4,96.6,71.4,53.9,53.9,84.3,84.3,55.0
102.9,95.8,71.3,55.2,55.2,85.2,85.2,53.5
106.3,94.5,71.7,55.9,55.9,86.0,86.0,56.2
101.8,96.4,71.1,56.2,56.2,87.6,87.6,55.2
101.9,94.6,72.0,55.6,55.6,88.1,88.1,55.0
100.8,92.9,71.2,56.2,56.2,87.4,87.4,55.6
99.9,94.0,74.1,54.4,54.4,87.7,87.7,55.7
100.7,91.4,71.2,55.8,55.8,88.1,88.1,55.1
99.1,88.3,70.7,56.6,56.6,87.8,87.8,55.1
103.3,89.6,74.8,53.8,53.8,88.2,88.2,55.5
100.6,87.7,75.3,53.0,53.0,86.8,86.8,55.2
103.1,86.5,72.5,54.9,54.9,87.4,87.4,55.2
102.8,93.2,72.3,55.7,55.7,87.8,87.8,55.0
100.8,89.3,74.9,53.9,53.9,86.7,86.7,55.3
103.4,87.0,72.1,56.7,56.7,86.6,86.6,55.8
103.7,95.3,71.6,57.1,57.1,87.0,87.0,56.8
102.3,92.6,73.5,54.7,54.7,86.5,86.5,56.5
99.0,89.1,72.2,55.1,55.1,87.2,87.2,56.7
100.2,95.9,74.1,54.2,54.2,87.9,87.9,55.4
98.5,89.2,74.6,53.6,53.6,87.4,87.4,56.2
101.8,89.5,75.1,53.1,53.1,87.9,87.9,56.5
99.6,96.1,75.3,53.4,53.4,88.0,88.0,58.0
98.6,91.3,75.1,52.5,52.5,87.4,87.4,57.6
100.9,93.3,75.4,52.9,52.9,86.7,86.7,57.2
103.3,93.8,75.3,53.0,53.0,87.5,87.5,56.9
102.8,92.0,74.3,53.7,53.7,88.7,88.7,56.0
102.4,95.8,74.6,53.8,53.8,89.9,89.9,56.3
105.2,91.4,75.7,53.5,53.5,88.8,88.8,55.8
104.4,91.9,75.2,53.4,53.4,88.8,88.8,56.0
102.4,95.2,73.8,55.3,55.3,87.6,87.6,58.2
106.3,93.0,74.2,54.6,54.6,89.4,89.4,56.1
102.2,92.9,73.6,54.7,54.7,90.5,90.5,55.6
102.5,94.9,73.5,56.3,56.3,89.2,89.2,56.1
105.0,92.7,74.3,55.4,55.4,89.2,89.2,55.5
101.5,92.4,73.3,56.3,56.3,89.6,89.6,54.8
108.1,93.0,73.1,56.5,56.5,88.9,88.9,55.5
110.6,87.9,73.6,55.8,55.8,90.0,90.0,55.8
109.7,87.1,73.4,56.1,56.1,89.7,89.7,56.2
109.3,92.7,74.4,56.1,56.1,89.6,89.6,56.4
110.2,89.7,74.3,56.2,56.2,90.1,90.1,56.1
109.3,90.4,73.6,57.1,57.1,90.5,90.5,56.6
104.9,90.4,73.8,58.4,58.4,89.3,89.3,58.4
105.7,91.0,70.6,59.7,59.7,87.9,87.9,57.3
100.9,93.4,74.3,58.5,58.5,89.8,89.8,56.7
103.4,93.7,74.6,57.9,57.9,88.9,88.9,56.9
98.5,92.3,75.4,58.3,58.3,87.9,87.9,57.1
102.9,92.0,75.3,58.0,58.0,88.0,88.0,56.3
100.9,92.9,75.6,58.9,58.9,87.8,87.8,56.0
100.0,92.9,74.7,58.7,58.7,87.4,87.4,55.7
94.9,92.6,73.9,59.7,59.7,89.0,89.0,55.6
93.6,91.9,69.6,61.1,61.1,89.8,89.8,56.6
92.7,92.0,70.0,61.0,61.0,88.3,88.3,57.1
92.4,91.5,69.9,61.1,61.1,88.8,88.8,56.6
94.4,92.9,73.8,59.7,59.7,89.4,89.4,55.8
93.1,91.3,73.9,60.8,60.8,88.0,88.0,55.8
93.7,90.5,74.3,60.7,60.7,90.6,90.6,54.3
93.4,87.6,73.8,59.4,59.4,91.6,91.6,53.3
92.3,88.1,73.5,60.1,60.1,91.4,91.4,53.3
93.7,88.0,70.9,60.8,60.8,92.7,92.7,53.6
93.0,87.4,68.4,62.9,62.9,92.9,92.9,54.4
93.8,84.5,68.6,63.4,63.4,92.0,92.0,56.4
93.9,84.8,68.4,64.0,64.0,91.2,91.2,57.9
94.5,85.4,68.7,63.6,63.6,92.0,92.0,57.2
95.5,85.1,69.1,63.5,63.5,92.1,92.1,56.6
96.2,83.5,73.7,63.6,63.6,92.6,92.6,56.5
96.9,84.9,72.0,62.4,62.4,93.1,93.1,56.9
96.3,85.6,72.6,65.2,65.2,93.6,93.6,56.9
95.3,84.2,72.5,64.3,64.3,93.5,93.5,56.9
92.6,90.9,67.4,67.1,67.1,93.9,93.9,56.8
79.4,69.5,70.3,66.7,66.7,94.8,94.8,56.6
80.3,93.8,67.1,68.6,68.6,94.6,94.6,56.4
100.5,90.9,69.2,67.6,67.6,95.3,95.3,55.4
104.3,93.2,68.9,66.5,66.5,95.3,95.3,56.7
111.4,93.2,69.2,65.8,65.8,95.9,95.9,57.2
106.1,96.3,69.0,65.3,65.3,97.4,97.4,57.1
102.8,96.6,69.1,65.6,65.6,97.5,97.5,58.6
100.6,98.4,69.1,66.0,66.0,95.1,95.1,59.0
101.3,100.1,75.5,59.9,59.9,95.4,95.4,58.7
107.8,95.4,73.9,62.4,62.4,92.2,92.2,61.2
100.7,97.7,71.8,65.2,65.2,89.4,89.4,61.3
98.8,97.6,71.6,65.6,65.6,89.9,89.9,60.8
100.1,96.2,72.0,65.0,65.0,89.4,89.4,61.0
96.8,98.2,70.9,65.5,65.5,89.4,89.4,61.4
96.9,98.9,71.3,62.7,62.7,90.8,90.8,61.5
94.1,96.9,71.1,63.3,63.3,90.6,90.6,60.8
93.4,97.9,72.8,65.8,65.8,87.2,87.2,61.2
94.2,98.5,73.3,62.3,62.3,92.2,92.2,59.9
97.4,96.3,74.3,59.9,59.9,90.7,90.7,61.3
96.5,94.0,74.9,61.9,61.9,90.4,90.4,61.4
92.3,99.1,73.7,63.0,63.0,91.6,91.6,61.6
85.4,82.3,72.3,64.0,64.0,92.1,92.1,61.1
82.7,83.5,72.3,64.2,64.2,93.3,93.3,59.8
98.8,75.9,72.5,61.5,61.5,94.4,94.4,58.9
111.3,91.7,72.7,61.5,61.5,96.5,96.5,57.4
110.7,86.9,69.8,65.4,65.4,93.6,93.6,56.6
112.6,90.8,70.3,66.3,66.3,92.5,92.5,57.2
112.2,84.6,70.0,66.3,66.3,93.2,93.2,56.7
112.5,77.9,71.0,63.9,63.9,94.2,94.2,57.2
107.4,77.6,71.1,64.8,64.8,94.0,94.0,58.1
109.2,78.2,70.8,64.2,64.2,93.5,93.5,58.0
112.4,72.9,73.5,59.4,59.4,93.3,93.3,59.2
111.6,69.9,73.4,61.3,61.3,94.1,94.1,59.6
111.7,69.5,73.4,61.5,61.5,93.6,93.6,59.7
111.1,67.5,72.5,60.5,60.5,94.1,94.1,59.4
110.7,66.7,73.4,61.3,61.3,96.2,96.2,58.2
106.1,63.8,73.1,62.1,62.1,95.6,95.6,57.6
105.8,83.1,73.7,65.1,65.1,94.3,94.3,56.6
108.2,86.2,73.1,65.7,65.7,94.9,94.9,56.1
107.8,91.4,73.4,64.8,64.8,94.8,94.8,56.3
103.6,87.9,73.8,64.4,64.4,94.7,94.7,55.8
105.3,82.6,73.4,64.6,64.6,94.5,94.5,55.9
106.8,83.9,73.9,63.8,63.8,94.5,94.5,55.6
111.9,69.6,74.1,64.9,64.9,93.7,93.7,56.3
108.5,72.2,73.8,65.3,65.3,94.4,94.4,56.2
110.3,69.7,73.0,63.7,63.7,95.8,95.8,55.8
110.4,68.8,73.2,62.3,62.3,96.2,96.2,56.9
111.6,66.4,73.7,61.8,61.8,95.3,95.3,58.1
110.9,67.0,73.6,61.4,61.4,95.5,95.5,58.3
109.1,65.5,73.4,61.5,61.5,95.6,95.6,56.9
108.0,68.9,73.6,64.7,64.7,94.3,94.3,56.2
105.8,80.1,72.8,64.7,64.7,95.5,95.5,56.2
109.1,86.0,73.1,64.9,64.9,96.0,96.0,55.6
106.5,96.1,74.3,64.1,64.1,96.6,96.6,55.7
111.1,88.6,74.0,64.4,64.4,95.7,95.7,56.8
110.6,86.0,74.6,64.2,64.2,96.0,96.0,56.7
106.6,94.5,74.3,64.8,64.8,95.4,95.4,56.7
107.1,91.8,73.9,64.6,64.6,95.6,95.6,56.5
110.2,82.8,74.7,64.6,64.6,95.9,95.9,56.4
110.5,86.6,74.1,64.6,64.6,95.8,95.8,56.3
110.2,85.9,73.8,63.6,63.6,96.9,96.9,56.0
111.6,83.3,74.4,60.9,60.9,97.3,97.3,56.9
112.0,86.7,74.1,60.9,60.9,95.6,95.6,58.2
111.5,87.2,74.6,60.9,60.9,95.8,95.8,56.4
111.2,83.6,74.5,60.7,60.7,96.9,96.9,57.0
113.2,83.4,75.0,61.9,61.9,95.5,95.5,57.4
112.4,82.8,74.6,64.0,64.0,93.4,93.4,57.5
112.5,80.8,75.2,62.8,62.8,95.1,95.1,57.3
112.0,87.6,75.9,63.4,63.4,95.1,95.1,58.2
111.1,83.5,76.2,62.4,62.4,95.7,95.7,57.9
110.1,85.6,75.5,62.8,62.8,95.8,95.8,58.9
115.1,82.3,74.8,63.4,63.4,95.6,95.6,58.5
115.3,83.3,73.3,62.8,62.8,97.6,97.6,57.7
113.7,86.6,74.9,62.1,62.1,99.1,99.1,57.0
116.0,83.3,74.8,61.1,61.1,99.6,99.6,56.6
113.0,83.7,74.7,61.6,61.6,96.0,96.0,58.1
114.0,84.5,75.2,63.4,63.4,94.1,94.1,58.2
114.9,83.7,74.8,63.2,63.2,94.2,94.2,58.7
112.7,85.5,75.1,63.3,63.3,95.0,95.0,57.7
111.3,88.8,75.2,61.0,61.0,97.4,97.4,58.1
112.2,85.0,75.4,60.9,60.9,97.9,97.9,58.0
111.5,87.7,74.3,61.5,61.5,97.7,97.7,57.5
113.9,90.1,75.3,60.7,60.7,98.5,98.5,56.7
111.7,90.5,74.9,61.2,61.2,96.9,96.9,57.6
112.1,92.4,74.9,61.7,61.7,96.7,96.7,56.8
111.2,91.8,75.4,62.1,62.1,95.1,95.1,57.9
111.5,90.0,75.2,61.8,61.8,95.8,95.8,57.5
111.0,89.0,74.9,61.0,61.0,97.3,97.3,57.5
108.9,91.1,75.2,61.7,61.7,95.8,95.8,58.4
113.3,94.4,75.2,61.2,61.2,95.7,95.7,58.3
111.1,90.5,71.8,64.4,64.4,97.3,97.3,58.1
109.3,89.3,75.0,63.4,63.4,96.1,96.1,58.1
111.9,89.9,72.4,64.2,64.2,95.4,95.4,58.4
108.3,87.6,71.7,64.9,64.9,94.4,94.4,58.3
102.4,87.7,72.4,64.1,64.1,94.6,94.6,58.9
106.2,91.2,73.1,61.8,61.8,94.4,94.4,59.0
103.9,86.1,72.8,61.7,61.7,94.4,94.4,58.8
104.4,83.0,72.7,61.4,61.4,93.8,93.8,58.7
103.2,85.1,72.7,62.5,62.5,93.8,93.8,57.4
107.1,82.0,72.7,62.8,62.8,95.0,95.0,56.5
103.7,84.1,72.3,65.4,65.4,95.5,95.5,56.0
104.8,87.2,76.7,61.0,61.0,95.5,95.5,55.9
112.3,77.6,75.5,63.0,63.0,95.2,95.2,55.0
101.3,81.9,75.6,62.8,62.8,96.0,96.0,54.7
104.8,78.1,76.1,62.8,62.8,96.2,96.2,55.7
107.6,74.7,75.4,63.1,63.1,95.0,95.0,56.5
99.7,74.7,75.5,64.0,64.0,95.7,95.7,57.0
98.9,72.5,76.3,64.5,64.5,96.0,96.0,57.1
103.4,81.7,75.4,64.2,64.2,94.7,94.7,56.2
104.5,78.5,75.6,64.3,64.3,94.6,94.6,55.6
108.9,72.0,75.6,65.3,65.3,94.8,94.8,56.1
110.9,72.0,74.9,65.0,65.0,94.8,94.8,57.0
109.7,70.9,75.1,64.4,64.4,94.5,94.5,57.0
112.4,68.9,76.3,63.3,63.3,94.8,94.8,57.2
111.3,68.6,75.7,61.8,61.8,95.2,95.2,57.4
111.1,66.7,76.3,64.0,64.0,95.3,95.3,57.6
111.2,66.6,76.6,63.6,63.6,93.2,93.2,57.5
107.5,69.5,75.5,63.3,63.3,93.9,93.9,57.3
104.3,82.6,75.7,63.4,63.4,94.8,94.8,56.4
110.4,77.0,75.0,63.9,63.9,96.2,96.2,56.5
108.0,80.5,75.7,61.8,61.8,96.0,96.0,57.3
108.8,77.3,76.3,61.6,61.6,95.2,95.2,57.3
107.9,77.6,75.6,63.7,63.7,93.4,93.4,56.9
105.4,78.1,74.0,63.7,63.7,92.9,92.9,57.1
103.5,77.7,76.6,62.9,62.9,93.4,93.4,56.7
108.0,74.4,75.0,63.3,63.3,93.7,93.7,56.0
105.6,71.4,75.8,62.8,62.8,92.4,92.4,56.8
107.7,72.1,74.6,64.0,64.0,93.1,93.1,56.2
100.1,71.7,76.1,63.3,63.3,93.2,93.2,56.5
98.4,73.0,75.8,62.3,62.3,94.0,94.0,57.1
105.4,69.5,75.9,61.9,61.9,93.5,93.5,56.8
101.4,68.8,75.9,63.5,63.5,92.9,92.9,57.2
101.8,66.2,75.7,62.0,62.0,94.1,94.1,57.2
101.9,63.4,75.5,62.5,62.5,95.4,95.4,56.8
98.3,65.0,75.9,62.7,62.7,94.8,94.8,57.8
90.7,87.2,75.4,61.7,61.7,96.5,96.5,56.3
93.3,90.1,74.7,61.5,61.5,97.5,97.5,57.4
103.4,92.9,73.6,61.6,61.6,98.3,98.3,58.1
106.9,98.0,75.0,61.6,61.6,97.4,97.4,57.9
112.1,92.9,74.3,60.6,60.6,97.0,97.0,57.4
110.6,97.3,73.9,60.7,60.7,98.5,98.5,56.7
109.6,100.9,74.2,61.3,61.3,97.1,97.1,57.2
108.4,99.7,74.5,60.2,60.2,99.3,99.3,57.6
110.0,99.1,73.9,60.9,60.9,97.6,97.6,58.3
113.1,94.8,73.9,62.5,62.5,96.2,96.2,58.5
109.8,94.7,74.8,64.4,64.4,95.7,95.7,59.1
110.4,93.8,75.4,62.7,62.7,95.2,95.2,59.5
111.3,95.3,74.9,61.5,61.5,96.1,96.1,59.9
106.7,95.3,75.1,61.4,61.4,95.8,95.8,59.5
107.3,90.2,76.9,60.7,60.7,95.6,95.6,58.5
109.6,93.3,77.4,60.6,60.6,96.2,96.2,58.5
110.7,84.4,74.9,62.9,62.9,95.8,95.8,58.5
112.5,85.9,74.2,62.0,62.0,97.4,97.4,58.2
113.2,90.9,74.1,62.5,62.5,97.6,97.6,57.1
114.4,90.0,71.2,65.1,65.1,97.6,97.6,57.9
113.6,86.6,71.3,65.0,65.0,97.4,97.4,58.4
112.5,92.7,73.6,62.7,62.7,96.8,96.8,57.6
112.3,89.9,73.4,63.4,63.4,97.7,97.7,57.3
112.3,85.9,73.5,63.6,63.6,98.6,98.6,56.8
112.1,91.7,74.1,63.6,63.6,97.6,97.6,58.1
107.9,93.0,73.2,66.7,66.7,95.9,95.9,58.1
109.1,91.8,73.2,67.4,67.4,96.1,96.1,58.0
107.7,94.0,73.3,67.6,67.6,95.6,95.6,58.8
107.1,91.9,72.9,64.6,64.6,97.9,97.9,58.4
103.7,97.8,73.3,66.8,66.8,97.3,97.3,58.5
104.4,92.9,73.4,64.6,64.6,97.7,97.7,58.6
115.6,85.9,73.2,64.9,64.9,97.3,97.3,58.4
116.2,87.0,73.4,65.3,65.3,97.2,97.2,59.0
115.2,88.0,73.0,65.7,65.7,98.7,98.7,58.5
114.6,89.5,73.3,63.9,63.9,97.3,97.3,59.6
114.5,86.6,67.7,69.1,69.1,96.4,96.4,61.6
114.0,83.7,68.5,67.9,67.9,95.3,95.3,61.5
114.7,82.3,73.5,64.6,64.6,93.8,93.8,60.4
112.8,84.5,72.8,66.1,66.1,95.6,95.6,60.2
117.3,82.6,72.6,66.3,66.3,95.1,95.1,59.0
112.9,82.5,73.5,65.8,65.8,95.0,95.0,60.6
113.6,88.1,73.3,66.4,66.4,95.1,95.1,61.4
115.4,84.3,72.1,67.6,67.6,96.9,96.9,60.7
114.0,85.2,71.8,67.8,67.8,98.2,98.2,59.4
112.2,93.2,73.1,64.8,64.8,98.9,98.9,59.1
113.6,86.2,72.0,65.5,65.5,98.1,98.1,58.7
112.0,84.2,72.7,68.1,68.1,96.3,96.3,59.9
113.3,87.5,72.2,68.2,68.2,96.7,96.7,59.2
112.1,88.4,71.5,66.8,66.8,97.1,97.1,60.0
113.8,84.1,72.9,63.8,63.8,98.7,98.7,60.0
111.9,95.4,72.5,65.5,65.5,96.7,96.7,59.9
109.7,94.6,72.3,63.9,63.9,99.1,99.1,59.9
113.8,87.9,72.6,64.3,64.3,99.4,99.4,59.1
112.2,96.7,72.8,64.1,64.1,98.7,98.7,59.3
113.4,95.4,72.5,63.8,63.8,98.5,98.5,58.8
114.5,90.4,70.9,65.5,65.5,98.2,98.2,58.9
114.1,90.9,71.5,65.2,65.2,97.2,97.2,59.8
112.1,89.5,70.9,65.8,65.8,97.9,97.9,60.5
110.2,86.3,71.2,66.1,66.1,97.5,97.5,60.8
107.5,87.3,71.9,65.5,65.5,98.6,98.6,61.1
101.3,85.9,71.7,65.0,65.0,101.2,101.2,61.5
96.4,92.7,71.6,64.8,64.8,101.9,101.9,61.0
90.9,90.7,71.5,64.0,64.0,102.2,102.2,60.5
93.6,65.6,72.5,63.7,63.7,102.9,102.9,58.2
101.2,69.9,68.0,64.4,64.4,102.3,102.3,59.2
111.1,97.2,67.7,69.3,69.3,98.9,98.9,59.1
118.7,84.9,72.0,66.1,66.1,98.2,98.2,58.6
119.4,79.1,72.4,65.5,65.5,98.5,98.5,57.7
116.4,77.7,73.4,66.2,66.2,97.7,97.7,57.6
110.3,78.5,72.3,66.2,66.2,97.3,97.3,57.1
113.4,79.2,71.8,68.4,68.4,95.1,95.1,58.3
114.0,72.7,71.0,68.0,68.0,96.9,96.9,58.2
111.5,71.0,71.6,68.0,68.0,98.0,98.0,56.6
110.4,66.4,71.4,67.7,67.7,100.2,100.2,56.7
106.3,64.4,70.9,70.3,70.3,98.7,98.7,58.6
102.2,62.7,70.9,70.9,70.9,100.8,100.8,58.7
95.9,68.2,74.3,65.8,65.8,99.4,99.4,58.8
99.0,73.6,74.0,66.1,66.1,98.2,98.2,57.6
110.4,79.9,73.7,66.3,66.3,99.1,99.1,57.9
108.7,89.2,73.3,67.2,67.2,99.0,99.0,57.6
110.5,88.1,73.4,66.5,66.5,98.6,98.6,58.4
111.3,90.0,76.5,68.6,68.6,96.9,96.9,58.4
108.7,83.8,73.6,68.6,68.6,95.6,95.6,58.7
113.2,76.3,76.2,68.4,68.4,96.7,96.7,58.0
113.5,81.0,73.5,68.9,68.9,97.5,97.5,57.7
112.4,76.1,74.0,67.4,67.4,97.3,97.3,58.4
110.6,76.0,73.4,67.2,67.2,96.6,96.6,58.9
111.2,70.1,73.5,67.3,67.3,97.3,97.3,58.9
110.8,68.6,73.4,68.7,68.7,97.3,97.3,59.5
109.2,67.5,73.5,68.9,68.9,97.2,97.2,59.5
108.6,65.7,73.2,69.5,69.5,97.4,97.4,59.7
108.5,67.3,73.9,69.0,69.0,98.3,98.3,59.7
107.5,64.4,73.2,68.9,68.9,101.2,101.2,58.8
108.1,65.8,73.5,68.2,68.2,100.4,100.4,59.1
107.9,61.7,72.9,69.6,69.6,100.2,100.2,58.6
107.7,62.1,72.8,69.3,69.3,100.0,100.0,59.4
106.1,64.4,74.2,68.3,68.3,99.5,99.5,58.2
102.5,79.4,75.4,67.3,67.3,100.0,100.0,58.3
104.1,88.0,75.3,66.6,66.6,100.5,100.5,57.2
104.5,94.8,74.9,67.5,67.5,100.6,100.6,57.7
103.0,88.4,74.8,66.5,66.5,101.4,101.4,58.2
104.7,81.2,74.9,66.8,66.8,101.2,101.2,58.4
106.7,81.6,75.0,67.0,67.0,102.3,102.3,58.5
105.1,79.7,74.3,68.0,68.0,100.9,100.9,59.0
104.5,78.0,74.0,68.5,68.5,101.9,101.9,59.0
104.0,80.9,73.8,68.1,68.1,102.7,102.7,58.5
105.9,77.9,74.4,67.3,67.3,102.6,102.6,58.7
103.3,75.5,73.2,68.2,68.2,102.4,102.4,58.5
102.8,78.0,73.9,67.0,67.0,101.9,101.9,59.4
102.7,75.5,73.9,67.5,67.5,102.3,102.3,58.8
103.1,76.5,73.1,67.6,67.6,102.6,102.6,58.0
102.0,76.1,74.0,67.3,67.3,102.4,102.4,58.1
97.9,76.2,73.5,67.2,67.2,103.4,103.4,57.9
102.1,74.9,74.5,67.9,67.9,102.4,102.4,58.0
97.6,73.8,74.7,68.8,68.8,101.2,101.2,58.6
97.9,73.4,75.0,68.5,68.5,102.6,102.6,58.5
99.7,71.4,74.5,68.9,68.9,102.7,102.7,58.2
98.2,70.8,74.0,68.5,68.5,101.2,101.2,58.0
98.0,69.8,74.2,68.8,68.8,101.0,101.0,58.5
97.6,70.2,74.0,68.1,68.1,101.1,101.1,58.8
97.0,71.7,74.2,67.6,67.6,101.5,101.5,59.0
97.7,67.0,73.9,68.1,68.1,101.0,101.0,59.9
97.9,69.9,73.4,68.7,68.7,100.5,100.5,59.6
98.2,65.4,73.7,67.8,67.8,101.5,101.5,60.8
97.7,65.3,73.8,67.1,67.1,101.8,101.8,61.2
100.7,62.9,74.4,67.4,67.4,100.7,100.7,60.9
98.9,66.3,74.2,67.0,67.0,101.4,101.4,61.4
101.9,63.0,74.0,67.4,67.4,102.4,102.4,61.0
101.0,61.1,74.8,66.9,66.9,101.6,101.6,60.1
95.8,68.3,74.4,68.0,68.0,100.9,100.9,59.5
86.8,78.4,73.8,67.6,67.6,102.5,102.5,59.4
90.9,87.3,73.3,68.1,68.1,101.4,101.4,59.1
99.0,92.0,73.1,67.8,67.8,102.3,102.3,59.3
106.7,93.9,73.6,68.0,68.0,102.1,102.1,59.7
111.4,87.6,73.2,68.7,68.7,102.4,102.4,60.8
109.4,89.3,74.0,67.1,67.1,102.3,102.3,61.0
108.8,88.7,73.6,68.4,68.4,102.3,102.3,60.4
110.5,88.1,74.6,71.0,71.0,98.6,98.6,61.3
110.8,84.6,74.1,71.4,71.4,98.3,98.3,60.3
110.3,87.0,75.5,72.2,72.2,98.8,98.8,60.6
111.3,83.6,73.3,71.9,71.9,103.6,103.6,59.3
111.0,85.5,73.7,69.6,69.6,105.0,105.0,59.1
110.4,87.2,74.7,67.2,67.2,103.8,103.8,59.4
113.1,84.6,75.7,66.8,66.8,103.1,103.1,59.3
114.8,83.3,75.7,67.4,67.4,103.1,103.1,59.7
111.7,89.3,81.3,59.6,59.6,101.8,101.8,60.8
112.2,88.0,80.1,63.9,63.9,99.2,99.2,61.1
115.8,82.5,75.4,72.4,72.4,98.4,98.4,61.2
112.9,82.8,76.2,72.6,72.6,99.4,99.4,60.2
111.6,81.4,76.3,71.7,71.7,100.1,100.1,60.0
112.2,81.0,76.8,71.9,71.9,99.7,99.7,60.3
114.6,81.3,75.6,69.3,69.3,103.0,103.0,58.7
114.0,85.2,74.9,68.6,68.6,103.3,103.3,59.7
118.3,84.5,76.2,67.7,67.7,101.6,101.6,61.3
117.2,84.2,77.1,66.4,66.4,101.7,101.7,60.9
114.9,84.5,76.6,65.7,65.7,100.6,100.6,61.0
114.0,80.9,78.5,65.0,65.0,99.9,99.9,60.0
106.8,80.6,72.1,72.2,72.2,97.0,97.0,58.7
108.4,78.8,69.2,71.8,71.8,97.0,97.0,56.9
104.9,81.3,68.9,68.0,68.0,98.9,98.9,65.1
101.8,84.4,73.0,60.0,60.0,103.7,103.7,65.6
102.9,89.8,69.0,66.3,66.3,103.6,103.6,68.3
105.2,85.7,70.7,64.1,64.1,104.3,104.3,65.6
96.5,76.4,74.3,63.4,63.4,102.8,102.8,65.2
92.9,82.4,69.8,67.6,67.6,103.9,103.9,64.7
96.6,79.9,73.1,66.2,66.2,104.5,104.5,61.9
99.2,103.0,74.9,69.0,69.0,106.1,106.1,60.2
110.9,100.0,73.1,68.9,68.9,107.8,107.8,64.5
112.9,97.2,71.7,74.1,74.1,106.3,106.3,66.8
106.4,99.5,73.3,74.4,74.4,107.2,107.2,63.7
105.0,99.2,72.9,74.2,74.2,107.9,107.9,60.9
106.1,100.5,73.1,72.8,72.8,105.9,105.9,62.0
110.8,104.6,71.4,71.3,71.3,105.1,105.1,58.5
111.8,103.4,70.5,67.2,67.2,105.7,105.7,59.0
112.1,101.4,71.4,65.3,65.3,99.3,99.3,62.1
110.9,104.4,68.9,61.8,61.8,97.4,97.4,61.5
112.0,102.3,69.3,59.7,59.7,86.9,86.9,63.0
111.4,102.6,68.6,57.4,57.4,89.9,89.9,59.5
110.3,101.5,68.8,56.4,56.4,86.6,86.6,60.2
109.2,102.7,70.1,54.5,54.5,85.1,85.1,57.5
108.7,99.8,69.1,54.1,54.1,85.1,85.1,50.5
109.9,99.4,68.5,53.2,53.2,86.9,86.9,45.6
107.2,106.9,73.3,50.1,50.1,87.6,87.6,44.2
106.2,100.4,72.8,53.2,53.2,89.7,89.7,43.6
105.5,99.1,71.7,51.5,51.5,92.0,92.0,41.9
105.7,100.3,72.5,53.2,53.2,90.1,90.1,46.2
105.0,99.9,72.0,52.4,52.4,91.1,91.1,46.1
102.3,102.5,71.5,53.2,53.2,91.1,91.1,44.8
105.2,99.2,71.1,53.4,53.4,91.4,91.4,43.4
102.7,105.2,72.7,53.6,53.6,89.1,89.1,48.2
103.1,101.9,72.6,54.6,54.6,92.5,92.5,48.6
101.5,101.3,73.0,54.5,54.5,92.4,92.4,44.5
99.1,104.6,72.7,54.5,54.5,93.0,93.0,41.1
103.5,100.1,73.1,53.9,53.9,93.6,93.6,42.3
100.3,100.9,72.8,53.9,53.9,93.9,93.9,39.7
99.0,101.5,74.4,53.6,53.6,92.4,92.4,39.8
100.9,100.8,72.7,53.8,53.8,92.4,92.4,39.7
97.6,101.5,74.5,53.5,53.5,92.7,92.7,39.8
97.8,100.6,74.5,54.5,54.5,92.2,92.2,39.8
99.9,103.1,74.8,53.7,53.7,91.6,91.6,40.9
98.2,103.2,73.0,55.0,55.0,92.0,92.0,40.9
98.2,100.6,72.8,54.8,54.8,92.1,92.1,41.0
99.7,98.6,72.7,54.9,54.9,90.8,90.8,41.7
98.3,103.5,73.3,52.9,52.9,91.2,91.2,41.7
99.4,98.7,73.7,52.9,52.9,91.5,91.5,41.8
100.2,102.1,73.5,53.2,53.2,89.9,89.9,42.2
97.9,99.8,74.6,53.7,53.7,89.4,89.4,42.5
98.5,103.4,73.7,53.2,53.2,87.6,87.6,44.1
100.8,99.9,74.0,52.5,52.5,88.7,88.7,44.8
97.8,101.9,73.6,52.3,52.3,91.8,91.8,45.2
96.3,104.8,74.2,51.8,51.8,89.3,89.3,48.5
99.1,101.2,74.2,51.8,51.8,89.0,89.0,48.9
94.4,102.1,73.2,52.6,52.6,89.5,89.5,49.7
94.2,103.7,73.6,52.1,52.1,88.5,88.5,51.0
95.3,101.0,73.1,52.0,52.0,88.5,88.5,52.7
93.5,101.7,73.4,52.0,52.0,86.4,86.4,53.7
92.9,101.9,73.5,52.4,52.4,86.2,86.2,54.5
93.2,100.4,73.8,52.4,52.4,89.2,89.2,53.6
91.3,101.9,74.2,52.0,52.0,88.9,88.9,55.7
92.8,97.1,73.8,52.3,52.3,87.0,87.0,55.8
93.3,96.8,73.0,52.0,52.0,87.3,87.3,54.8
92.9,97.2,73.7,52.8,52.8,88.4,88.4,55.7
92.6,99.6,74.3,53.1,53.1,88.8,88.8,54.8
95.0,96.2,75.6,55.1,55.1,89.0,89.0,54.6
95.4,98.4,74.8,55.4,55.4,89.2,89.2,55.3
95.0,98.6,73.7,56.6,56.6,89.0,89.0,55.4
96.4,96.1,73.1,56.5,56.5,89.6,89.6,55.3
95.5,95.7,71.9,57.0,57.0,89.3,89.3,56.6
96.6,95.6,75.6,55.0,55.0,86.3,86.3,57.8
95.9,97.0,76.0,55.0,55.0,85.7,85.7,57.9
96.1,96.6,75.8,55.7,55.7,84.3,84.3,58.3
96.5,99.2,77.8,55.6,55.6,86.5,86.5,56.6
93.5,102.8,75.6,58.4,58.4,86.9,86.9,57.2
93.0,105.9,75.8,57.9,57.9,87.9,87.9,56.8
81.3,84.3,73.9,60.1,60.1,88.0,88.0,56.4
81.5,79.3,73.3,60.3,60.3,85.6,85.6,59.6
95.0,80.1,76.1,56.1,56.1,84.7,84.7,56.1
111.1,83.6,75.4,56.4,56.4,83.0,83.0,55.6
107.1,83.8,78.0,54.0,54.0,85.4,85.4,55.9
108.1,79.0,74.2,55.4,55.4,85.8,85.8,54.9
109.1,86.9,77.7,56.2,56.2,83.3,83.3,55.6
109.7,82.7,73.3,58.0,58.0,83.9,83.9,55.5
106.3,81.7,71.8,60.2,60.2,85.0,85.0,55.4
105.6,80.2,75.0,56.7,56.7,85.3,85.3,55.6
105.1,82.8,74.7,56.1,56.1,85.5,85.5,53.7
101.5,79.2,73.6,56.6,56.6,86.3,86.3,53.0
103.2,80.0,73.4,55.0,55.0,86.8,86.8,53.5
103.0,76.4,71.2,56.6,56.6,87.3,87.3,53.5
100.4,73.4,71.4,55.8,55.8,86.7,86.7,52.7
100.3,68.4,71.3,56.2,56.2,85.5,85.5,53.8
98.4,67.0,72.5,55.9,55.9,86.5,86.5,54.8
90.6,65.8,72.0,56.6,56.6,86.2,86.2,53.7
96.8,71.3,72.4,56.7,56.7,85.5,85.5,57.1
108.5,80.4,72.7,56.9,56.9,85.1,85.1,53.4
109.3,86.3,72.4,57.0,57.0,85.3,85.3,53.0
106.8,79.1,72.8,56.8,56.8,85.5,85.5,50.6
107.9,78.9,74.4,56.1,56.1,84.4,84.4,51.8
108.1,71.6,73.6,56.2,56.2,83.7,83.7,51.4
108.4,68.9,76.1,56.5,56.5,83.1,83.1,54.5
107.6,67.9,74.0,57.8,57.8,80.6,80.6,55.5
107.0,65.6,74.0,58.0,58.0,83.0,83.0,54.8
107.1,66.4,73.6,56.3,56.3,83.6,83.6,55.4
102.8,62.6,73.2,56.9,56.9,83.7,83.7,56.3
101.9,70.4,73.3,57.4,57.4,83.2,83.2,56.8
104.1,69.1,72.8,57.3,57.3,83.6,83.6,56.7
105.4,67.8,74.6,57.4,57.4,83.2,83.2,57.7
103.2,69.9,75.0,57.7,57.7,83.8,83.8,56.7
102.4,66.6,73.5,57.8,57.8,84.4,84.4,56.5
101.4,65.7,73.9,57.6,57.6,83.9,83.9,56.8
100.1,65.3,73.8,58.4,58.4,84.3,84.3,56.1
98.9,63.8,73.0,58.9,58.9,83.9,83.9,56.6
99.1,61.8,73.9,58.7,58.7,82.8,82.8,56.2
96.3,60.6,74.0,57.7,57.7,82.3,82.3,56.8
93.3,63.0,73.6,56.0,56.0,82.2,82.2,56.1
96.5,73.7,74.2,57.5,57.5,83.5,83.5,57.3
103.3,74.9,73.0,58.2,58.2,83.4,83.4,57.3
100.8,75.5,72.7,58.9,58.9,84.1,84.1,57.5
102.3,72.9,73.4,58.6,58.6,83.8,83.8,56.7
100.3,76.0,73.7,60.2,60.2,82.7,82.7,56.7
99.2,75.1,73.0,60.1,60.1,84.5,84.5,53.3
97.1,70.9,73.2,60.1,60.1,83.9,83.9,53.2
97.8,69.7,73.4,59.7,59.7,83.2,83.2,53.2
97.3,70.6,73.3,59.1,59.1,82.1,82.1,52.5
96.2,68.2,73.7,59.2,59.2,82.8,82.8,52.5
95.9,64.2,73.6,59.1,59.1,83.0,83.0,52.7
98.8,63.0,73.3,59.0,59.0,84.6,84.6,52.1
99.6,62.6,72.5,59.3,59.3,84.9,84.9,52.9
100.2,62.5,72.7,58.5,58.5,85.7,85.7,52.8
100.7,58.2,73.4,58.8,58.8,85.1,85.1,53.6
98.1,68.4,71.0,58.8,58.8,84.0,84.0,55.5
90.6,82.1,69.9,61.3,61.3,85.6,85.6,55.2
95.5,87.5,72.2,59.2,59.2,85.3,85.3,56.4
94.5,89.8,68.7,61.2,61.2,85.2,85.2,58.3
100.8,83.9,69.3,62.3,62.3,85.3,85.3,58.1
109.8,72.2,73.3,59.5,59.5,86.5,86.5,56.0
109.4,71.7,72.4,59.8,59.8,87.1,87.1,55.4
107.8,68.8,72.9,60.6,60.6,84.5,84.5,57.0
110.4,68.0,72.7,59.7,59.7,83.9,83.9,57.6
109.2,66.5,75.1,59.5,59.5,83.6,83.6,57.3
110.3,59.3,74.8,60.1,60.1,84.8,84.8,56.5
106.6,58.1,76.7,60.1,60.1,86.7,86.7,55.9
101.3,54.2,76.0,60.2,60.2,85.5,85.5,55.2
98.8,78.8,75.5,60.5,60.5,87.5,87.5,54.9
102.3,83.8,73.4,61.8,61.8,85.9,85.9,56.3
105.3,87.4,74.6,62.0,62.0,85.9,85.9,56.7
106.7,84.4,75.5,61.3,61.3,86.6,86.6,56.1
104.1,81.7,73.9,62.4,62.4,87.8,87.8,56.1
106.6,76.4,75.0,60.5,60.5,87.0,87.0,56.2
109.6,76.7,76.0,59.8,59.8,87.7,87.7,57.2
110.8,74.6,74.1,60.9,60.9,88.4,88.4,58.6
109.0,71.7,73.2,61.5,61.5,88.8,88.8,58.7
108.2,74.4,73.5,61.8,61.8,89.3,89.3,58.9
108.7,69.2,72.4,63.2,63.2,90.0,90.0,58.6
110.5,68.0,72.6,63.6,63.6,90.2,90.2,58.6
110.4,63.1,75.2,61.8,61.8,89.5,89.5,58.9
99.9,82.9,73.9,61.0,61.0,89.3,89.3,59.1
93.3,91.8,72.0,62.8,62.8,86.6,86.6,62.3
97.1,93.2,71.7,63.4,63.4,85.3,85.3,62.4
97.9,92.8,72.7,62.3,62.3,85.4,85.4,61.4
104.4,91.2,77.0,62.7,62.7,84.2,84.2,61.1
112.6,86.9,75.6,63.0,63.0,86.8,86.8,61.8
111.1,92.7,74.2,61.5,61.5,89.5,89.5,61.9
117.8,80.8,74.6,61.9,61.9,92.0,92.0,62.7
114.1,83.6,73.6,61.0,61.0,91.0,91.0,62.5
113.3,84.6,74.2,61.2,61.2,90.2,90.2,59.9
113.9,88.2,70.2,64.4,64.4,89.9,89.9,62.5
114.9,83.4,73.4,62.8,62.8,85.7,85.7,62.5
112.7,89.3,76.1,60.1,60.1,85.7,85.7,63.5
116.2,85.6,77.4,61.0,61.0,88.0,88.0,60.7
113.8,83.4,74.1,64.0,64.0,88.8,88.8,61.4
112.9,80.2,74.6,63.2,63.2,88.2,88.2,63.6
92.7,90.0,73.7,65.8,65.8,88.2,88.2,60.3
93.6,97.0,73.9,65.3,65.3,84.3,84.3,62.6
103.2,99.0,74.3,66.8,66.8,84.9,84.9,62.1
109.1,90.7,74.2,66.5,66.5,86.1,86.1,60.4
112.3,92.3,73.5,64.4,64.4,86.5,86.5,61.2
114.6,93.0,69.8,68.9,68.9,86.1,86.1,62.5
115.2,92.6,71.2,65.9,65.9,86.1,86.1,63.4
109.8,91.2,72.8,64.1,64.1,86.5,86.5,61.8
108.0,97.5,74.6,63.0,63.0,89.7,89.7,64.1
113.1,98.1,77.0,61.2,61.2,88.3,88.3,65.9
116.0,92.6,72.8,63.1,63.1,88.5,88.5,67.0
116.3,94.3,73.7,63.0,63.0,89.9,89.9,66.3
116.6,105.3,73.0,63.8,63.8,92.5,92.5,66.0
116.7,101.4,70.2,67.0,67.0,90.9,90.9,65.1
113.3,95.9,69.8,63.1,63.1,94.4,94.4,63.5
110.5,96.5,70.7,63.0,63.0,90.9,90.9,65.6
108.8,96.8,72.8,60.0,60.0,90.9,90.9,66.0
109.5,99.4,70.7,61.5,61.5,90.7,90.7,65.7
106.0,97.7,70.5,60.8,60.8,94.5,94.5,63.4
109.8,93.0,73.4,63.4,63.4,87.7,87.7,63.3
109.9,99.2,70.3,62.0,62.0,88.9,88.9,65.2
110.8,93.7,69.8,62.6,62.6,89.3,89.3,64.5
107.4,93.7,70.5,61.3,61.3,91.5,91.5,63.8
108.0,97.7,70.7,62.5,62.5,92.7,92.7,63.5
109.3,93.6,70.6,63.2,63.2,90.8,90.8,64.1
107.3,94.1,70.4,62.9,62.9,92.2,92.2,63.3
108.7,94.8,72.6,61.9,61.9,90.4,90.4,64.7
109.8,93.5,69.8,66.5,66.5,90.7,90.7,64.1
107.2,94.4,65.5,67.8,67.8,90.6,90.6,63.5
108.9,93.1,74.3,61.4,61.4,90.4,90.4,64.2
110.4,90.0,68.4,67.2,67.2,91.4,91.4,64.1
106.2,90.1,70.8,62.1,62.1,90.9,90.9,65.0
105.6,89.3,72.5,62.4,62.4,91.0,91.0,64.3
104.6,90.2,71.9,61.2,61.2,86.9,86.9,65.1
103.2,94.9,72.3,60.7,60.7,87.5,87.5,64.1
103.6,92.8,66.2,66.1,66.1,88.9,88.9,62.4
104.8,89.0,68.4,67.2,67.2,86.0,86.0,62.6
104.3,93.4,68.9,67.3,67.3,85.5,85.5,62.4
106.0,96.8,69.2,67.2,67.2,85.2,85.2,62.2
105.2,92.3,76.5,61.8,61.8,88.2,88.2,61.5
110.0,89.7,76.0,61.9,61.9,88.9,88.9,61.6
109.8,92.9,75.6,63.3,63.3,90.0,90.0,61.4
110.6,94.6,76.7,63.6,63.6,89.4,89.4,61.2
110.0,91.5,76.1,62.9,62.9,90.0,90.0,61.0
105.8,100.3,76.6,61.2,61.2,90.6,90.6,62.4
107.7,97.1,76.8,61.3,61.3,93.2,93.2,62.2
102.4,98.5,76.6,60.8,60.8,94.8,94.8,62.1
103.9,96.7,76.9,61.5,61.5,90.7,90.7,61.9
104.2,96.3,76.0,60.7,60.7,90.1,90.1,61.8
96.2,97.4,76.3,61.1,61.1,91.2,91.2,61.6
93.5,101.8,75.5,61.2,61.2,92.1,92.1,62.8
94.6,98.2,75.1,61.1,61.1,92.1,92.1,63.1
94.2,97.2,75.3,60.9,60.9,92.0,92.0,63.0
93.8,95.1,76.9,58.3,58.3,93.9,93.9,60.1
94.4,91.4,76.3,59.0,59.0,92.0,92.0,58.9
90.8,95.5,77.2,57.1,57.1,90.6,90.6,54.6
90.2,88.7,76.3,57.9,57.9,90.9,90.9,52.1
90.3,98.6,71.1,62.9,62.9,95.1,95.1,52.2
89.8,101.6,70.8,61.5,61.5,97.2,97.2,42.9
103.1,96.0,69.7,62.2,62.2,97.9,97.9,86.1
98.6,99.3,70.7,61.0,61.0,98.7,98.7,79.5
113.1,98.6,70.7,59.9,59.9,96.7,96.7,74.8
113.7,93.7,70.9,59.2,59.2,100.3,100.3,71.9
107.3,92.6,70.8,58.2,58.2,101.4,101.4,72.2
102.2,94.0,69.4,57.4,57.4,102.6,102.6,71.0
111.3,89.7,69.3,58.2,58.2,100.9,100.9,72.2
108.6,88.7,70.9,59.3,59.3,99.0,99.0,73.6
107.8,88.6,71.0,59.5,59.5,93.3,93.3,78.7
104.1,90.5,75.3,58.7,58.7,87.5,87.5,84.9
111.4,88.3,74.3,59.9,59.9,84.3,84.3,50.3
108.8,88.0,77.5,56.8,56.8,81.5,81.5,53.3
109.7,86.5,76.3,57.1,57.1,79.9,79.9,54.7
109.8,90.1,70.0,61.5,61.5,76.8,76.8,54.9
112.1,87.0,69.9,61.6,61.6,79.5,79.5,50.7
112.0,84.9,72.3,60.6,60.6,80.7,80.7,46.8
111.4,85.3,72.4,62.4,62.4,79.7,79.7,49.6
112.7,88.2,74.5,61.2,61.2,81.9,81.9,51.3
112.2,85.2,73.1,61.8,61.8,82.9,82.9,50.3
109.2,87.3,73.7,61.1,61.1,83.8,83.8,51.8
107.3,92.5,73.9,61.2,61.2,84.7,84.7,52.0
106.2,88.1,73.1,64.0,64.0,81.8,81.8,53.0
110.4,87.5,74.1,63.8,63.8,82.2,82.2,57.1
110.5,88.9,73.9,63.8,63.8,82.3,82.3,58.5
111.6,90.5,72.5,59.1,59.1,88.0,88.0,58.5
109.8,93.6,70.1,60.3,60.3,88.2,88.2,58.6
111.0,93.8,74.0,58.5,58.5,89.4,89.4,57.4
112.0,92.3,72.2,58.1,58.1,90.3,90.3,57.8
111.3,93.2,70.3,60.3,60.3,88.8,88.8,58.3
114.3,93.5,71.7,63.8,63.8,85.3,85.3,58.7
112.3,91.6,72.9,63.6,63.6,87.0,87.0,57.8
112.3,92.5,73.2,63.0,63.0,89.3,89.3,57.6
113.6,97.4,73.0,63.5,63.5,89.4,89.4,57.2
114.1,88.6,72.4,62.6,62.6,89.6,89.6,59.1
113.5,93.2,72.2,64.0,64.0,90.3,90.3,58.6
116.5,96.1,71.5,64.2,64.2,92.1,92.1,56.4
112.7,90.0,72.0,63.9,63.9,91.7,91.7,56.4
107.0,96.8,72.5,62.6,62.6,89.9,89.9,56.3
115.7,94.6,72.5,61.5,61.5,88.9,88.9,57.6
108.2,96.9,72.4,58.8,58.8,91.3,91.3,58.2
108.4,99.1,71.9,59.4,59.4,91.1,91.1,57.9
112.0,97.0,71.4,59.7,59.7,90.5,90.5,58.6
104.6,95.1,71.3,59.0,59.0,92.5,92.5,58.6
107.4,96.9,70.5,59.4,59.4,92.7,92.7,58.8
107.7,97.2,70.9,59.2,59.2,92.8,92.8,59.2
102.9,94.1,70.9,59.0,59.0,94.0,94.0,58.3
101.8,95.9,70.8,62.4,62.4,93.8,93.8,57.6
102.9,92.5,72.3,61.0,61.0,92.0,92.0,57.9
100.9,97.0,72.3,61.6,61.6,87.6,87.6,64.1
105.3,97.3,72.7,60.7,60.7,87.9,87.9,62.6
102.3,94.6,73.1,61.2,61.2,88.8,88.8,60.3
102.5,96.0,73.2,63.0,63.0,88.5,88.5,59.8
102.2,92.5,73.0,63.1,63.1,88.8,88.8,59.3
102.3,94.1,73.0,63.8,63.8,89.2,89.2,60.2
103.4,94.1,72.2,64.9,64.9,88.9,88.9,60.4
101.5,92.1,72.2,65.1,65.1,88.9,88.9,60.4
100.7,93.8,73.2,64.7,64.7,88.1,88.1,59.7
104.9,95.2,72.9,65.2,65.2,87.5,87.5,58.8
100.9,92.3,66.9,66.9,66.9,88.1,88.1,58.8
101.2,94.6,71.3,64.5,64.5,89.2,89.2,58.3
102.1,96.5,67.6,66.7,66.7,88.9,88.9,59.0
101.7,91.4,69.1,64.3,64.3,89.7,89.7,59.3
101.3,93.3,67.9,65.7,65.7,89.0,89.0,60.2
99.7,93.8,69.1,65.9,65.9,88.4,88.4,60.0
101.3,93.5,69.5,66.4,66.4,87.9,87.9,60.2
98.6,95.6,66.9,69.2,69.2,86.6,86.6,61.2
99.8,94.7,66.2,69.5,69.5,88.4,88.4,59.1
98.3,96.5,69.0,67.6,67.6,88.5,88.5,59.1
98.4,97.8,70.2,66.2,66.2,87.2,87.2,60.8
94.9,97.2,69.2,65.7,65.7,87.5,87.5,60.3
94.4,98.4,69.8,66.2,66.2,87.6,87.6,60.3
92.7,97.4,70.8,65.6,65.6,86.1,86.1,60.9
94.1,96.8,70.6,64.7,64.7,87.3,87.3,60.1
92.3,97.4,70.5,64.7,64.7,86.9,86.9,59.5
94.2,94.9,71.5,64.8,64.8,87.2,87.2,58.6
94.6,95.5,72.6,65.6,65.6,87.5,87.5,58.4
94.8,92.3,71.0,66.7,66.7,87.7,87.7,58.7
93.8,91.3,71.1,66.1,66.1,87.8,87.8,58.8
93.0,92.4,74.2,65.4,65.4,88.6,88.6,58.4
94.6,88.0,74.4,65.8,65.8,86.9,86.9,58.9
94.8,88.9,75.1,64.6,64.6,89.8,89.8,57.6
95.1,89.1,73.8,65.6,65.6,88.9,88.9,57.4
83.3,97.1,74.7,64.7,64.7,90.6,90.6,57.5
81.0,73.1,75.0,65.0,65.0,93.0,93.0,55.9
91.1,78.0,70.4,70.7,70.7,91.1,91.1,55.9
99.8,88.6,74.3,66.3,66.3,91.5,91.5,56.0
105.8,96.0,70.4,70.8,70.8,94.5,94.5,56.6
113.2,93.0,76.8,64.2,64.2,92.5,92.5,57.6
111.5,101.2,75.6,64.6,64.6,93.9,93.9,58.3
107.2,104.1,73.2,65.0,65.0,94.4,94.4,58.6
110.5,103.5,73.5,65.2,65.2,93.0,93.0,59.8
110.3,98.2,73.7,64.2,64.2,92.3,92.3,58.8
109.5,99.9,73.1,64.7,64.7,89.9,89.9,58.8
107.1,100.8,73.9,64.8,64.8,89.1,89.1,58.5
105.2,99.6,73.0,64.5,64.5,90.3,90.3,55.4
106.0,100.7,76.2,63.3,63.3,90.7,90.7,55.3
106.3,98.9,77.1,62.1,62.1,94.9,94.9,56.3
103.6,99.8,76.8,62.8,62.8,94.5,94.5,56.5
103.0,101.3,77.1,63.0,63.0,95.0,95.0,56.7
103.4,101.0,78.0,62.0,62.0,93.0,93.0,57.7
101.9,98.7,77.3,62.4,62.4,92.5,92.5,58.4
103.4,101.3,77.2,62.5,62.5,92.2,92.2,58.2
102.4,98.8,76.5,62.5,62.5,92.2,92.2,58.2
99.9,104.1,76.2,61.7,61.7,92.3,92.3,57.9
102.4,104.2,73.8,61.1,61.1,92.6,92.6,57.1
103.2,102.1,73.7,61.2,61.2,92.8,92.8,57.0
100.9,103.6,73.8,60.5,60.5,92.4,92.4,56.1
101.2,104.1,74.9,62.0,62.0,91.9,91.9,56.6
99.9,104.9,73.8,63.5,63.5,89.0,89.0,56.4
98.0,102.3,70.0,65.0,65.0,88.2,88.2,57.8
100.0,100.6,70.1,64.4,64.4,88.8,88.8,57.1
97.1,102.5,70.3,64.2,64.2,88.9,88.9,57.1
94.6,101.1,69.6,64.2,64.2,88.1,88.1,57.5
95.7,101.1,70.4,63.8,63.8,87.8,87.8,57.6
92.7,108.5,69.5,63.6,63.6,90.3,90.3,56.6
93.0,108.1,71.2,63.0,63.0,92.3,92.3,55.9
93.6,110.2,71.8,62.6,62.6,92.1,92.1,55.1
90.1,110.5,72.7,63.5,63.5,91.5,91.5,54.2
87.3,113.8,73.6,63.9,63.9,91.5,91.5,55.3
85.9,96.8,76.6,62.3,62.3,92.0,92.0,56.1
86.7,82.8,75.3,64.1,64.1,93.4,93.4,56.3
95.2,114.9,74.8,64.8,64.8,91.2,91.2,55.4
109.9,94.7,75.1,64.5,64.5,91.7,91.7,55.0
108.0,98.6,76.4,62.5,62.5,93.9,93.9,55.6
107.2,100.6,77.1,65.6,65.6,90.6,90.6,56.2
105.4,96.8,74.9,65.2,65.2,91.1,91.1,55.7
110.5,94.6,75.0,64.8,64.8,91.6,91.6,54.8
111.9,93.5,75.8,65.1,65.1,90.5,90.5,54.9
111.4,90.6,75.1,64.7,64.7,90.9,90.9,55.6
112.3,90.7,74.1,61.9,61.9,95.0,95.0,55.2
113.6,91.5,74.6,64.5,64.5,91.7,91.7,56.7
110.7,89.3,76.1,63.9,63.9,91.1,91.1,58.3
112.4,87.7,76.0,62.9,62.9,90.3,90.3,59.1
110.3,91.1,72.4,66.7,66.7,88.9,88.9,59.3
106.8,89.0,73.5,63.5,63.5,90.3,90.3,59.2
110.4,86.3,75.0,64.1,64.1,92.8,92.8,57.4
111.2,93.0,74.4,61.4,61.4,96.3,96.3,58.6
108.3,90.3,74.1,61.6,61.6,96.3,96.3,58.8
109.3,88.3,73.4,62.2,62.2,96.8,96.8,59.2
108.7,90.7,73.4,62.6,62.6,96.0,96.0,58.8
106.1,88.6,73.5,62.5,62.5,93.4,93.4,59.0
108.7,88.5,73.4,62.2,62.2,93.6,93.6,57.8
106.9,91.2,74.1,62.2,62.2,92.6,92.6,59.0
108.3,88.7,72.9,62.3,62.3,93.9,93.9,58.8
109.1,87.4,72.8,62.9,62.9,93.2,93.2,59.3
106.0,90.3,73.5,62.1,62.1,94.3,94.3,58.8
105.8,86.2,73.3,62.0,62.0,94.6,94.6,58.3
104.5,88.2,73.7,61.9,61.9,95.2,95.2,58.0
104.9,91.2,73.4,62.0,62.0,94.6,94.6,58.3
101.5,89.1,73.9,62.7,62.7,94.7,94.7,57.3
101.5,96.2,74.4,64.0,64.0,92.1,92.1,57.3
103.9,92.8,72.8,65.3,65.3,92.6,92.6,57.4
97.9,94.9,73.6,64.8,64.8,93.4,93.4,56.5
100.0,99.4,74.7,64.2,64.2,92.8,92.8,56.6
97.9,98.7,74.1,64.1,64.1,92.8,92.8,56.9
97.4,98.3,74.2,62.5,62.5,95.1,95.1,56.4
98.1,102.3,73.9,63.1,63.1,94.4,94.4,56.5
100.0,99.5,73.4,63.6,63.6,95.4,95.4,56.2
99.1,100.2,74.0,63.3,63.3,95.2,95.2,56.8
101.8,100.9,74.3,63.0,63.0,96.0,96.0,57.1
98.8,100.0,73.9,63.2,63.2,95.8,95.8,57.3
101.2,99.4,72.7,64.6,64.6,95.4,95.4,57.0
102.5,100.3,72.9,64.9,64.9,93.3,93.3,57.2
100.1,101.9,72.8,64.4,64.4,95.1,95.1,57.1
101.5,100.8,75.5,63.0,63.0,95.4,95.4,57.6
103.4,99.1,73.8,64.9,64.9,93.2,93.2,57.9
100.6,101.8,74.6,64.7,64.7,94.8,94.8,57.1
100.7,102.6,75.2,63.3,63.3,96.1,96.1,57.1
101.8,99.7,75.3,63.0,63.0,95.5,95.5,56.6
99.0,98.4,74.0,62.7,62.7,95.8,95.8,56.5
99.1,100.5,75.5,63.1,63.1,95.4,95.4,56.5
99.8,99.7,74.8,61.8,61.8,94.8,94.8,56.1
97.3,99.6,74.1,63.2,63.2,94.6,94.6,55.4
98.2,103.2,75.8,63.5,63.5,93.9,93.9,56.0
97.3,99.4,75.7,63.0,63.0,95.8,95.8,54.2
96.2,99.1,74.9,61.7,61.7,94.8,94.8,56.3
94.7,102.7,74.8,61.7,61.7,94.0,94.0,57.2
93.8,99.5,75.4,60.3,60.3,94.5,94.5,56.5
91.8,101.3,75.2,60.2,60.2,95.2,95.2,55.9
93.1,97.7,77.0,60.0,60.0,93.8,93.8,57.5
93.5,100.4,77.2,60.8,60.8,91.0,91.0,58.2
94.2,99.1,77.2,61.0,61.0,92.1,92.1,58.1
94.6,97.3,78.0,60.0,60.0,94.5,94.5,57.7
94.2,97.2,77.4,61.4,61.4,93.3,93.3,57.3
95.5,96.4,77.9,63.1,63.1,91.3,91.3,57.3
95.7,95.6,78.5,64.0,64.0,91.6,91.6,56.1
97.2,92.9,77.8,63.9,63.9,90.7,90.7,55.9
96.9,93.3,77.8,63.4,63.4,90.0,90.0,56.5
97.7,94.0,77.9,63.7,63.7,91.2,91.2,56.2
97.5,94.3,79.4,63.9,63.9,91.0,91.0,56.5
98.0,95.2,78.1,64.7,64.7,90.4,90.4,56.6
94.5,100.5,77.2,63.2,63.2,92.4,92.4,56.1
82.3,93.6,77.6,63.3,63.3,94.6,94.6,56.5
86.7,77.7,77.3,63.1,63.1,93.6,93.6,56.2
97.9,56.8,76.8,63.3,63.3,93.3,93.3,56.3
109.8,86.4,76.9,63.2,63.2,91.7,91.7,57.4
105.9,86.5,77.1,61.9,61.9,93.9,93.9,57.8
108.4,87.2,78.0,61.6,61.6,94.1,94.1,59.1
105.7,84.8,75.9,61.5,61.5,94.2,94.2,59.1
103.9,90.0,74.9,63.7,63.7,93.6,93.6,58.7
100.5,89.0,74.1,62.3,62.3,92.8,92.8,59.5
96.7,89.3,74.4,61.7,61.7,93.6,93.6,60.7
97.0,91.7,75.9,62.1,62.1,92.4,92.4,60.7
98.6,88.2,76.0,60.2,60.2,94.1,94.1,61.0
95.5,89.1,74.0,62.6,62.6,94.2,94.2,61.4
95.2,87.7,73.6,63.3,63.3,95.7,95.7,61.5
94.3,86.1,73.4,63.2,63.2,96.7,96.7,60.5
90.9,87.1,71.8,64.8,64.8,95.5,95.5,59.7
89.1,68.9,71.2,64.9,64.9,95.6,95.6,59.7
96.6,62.0,70.7,65.2,65.2,95.6,95.6,57.7
107.2,77.5,75.9,61.7,61.7,97.2,97.2,56.0
114.1,87.9,75.1,63.1,63.1,97.5,97.5,55.8
114.0,85.4,74.5,62.8,62.8,97.7,97.7,57.1
111.8,86.8,75.9,62.4,62.4,98.3,98.3,57.6
111.0,87.9,75.0,62.9,62.9,94.9,94.9,59.0
112.7,81.4,75.3,62.9,62.9,95.9,95.9,58.2
112.1,75.5,75.3,64.1,64.1,95.5,95.5,57.7
113.0,73.0,75.6,63.8,63.8,94.7,94.7,57.9
109.5,71.8,75.1,64.9,64.9,92.6,92.6,58.5
111.5,68.1,74.2,64.3,64.3,93.0,93.0,59.2
111.3,68.6,74.5,63.5,63.5,94.0,94.0,59.4
108.6,68.2,74.4,62.5,62.5,95.2,95.2,59.2
102.7,68.2,74.4,63.1,63.1,95.7,95.7,59.2
99.4,71.0,73.9,62.5,62.5,97.0,97.0,59.3
99.0,90.9,75.1,62.6,62.6,96.7,96.7,59.2
104.4,93.7,76.4,62.6,62.6,95.6,95.6,58.6
107.0,98.3,76.2,62.9,62.9,96.8,96.8,57.7
105.4,102.0,76.5,63.0,63.0,95.2,95.2,58.0
105.6,103.5,76.3,63.4,63.4,93.9,93.9,57.4
103.5,97.8,77.7,64.7,64.7,92.5,92.5,55.8
105.3,101.3,77.7,66.1,66.1,92.9,92.9,55.6
107.7,97.1,77.4,66.2,66.2,92.3,92.3,56.5
111.7,96.4,76.7,66.1,66.1,94.4,94.4,56.8
113.0,93.5,74.5,65.3,65.3,96.9,96.9,57.9
114.1,98.0,76.0,64.1,64.1,97.8,97.8,59.4
113.9,98.3,76.9,64.2,64.2,98.0,98.0,58.4
112.4,96.4,77.3,62.6,62.6,96.4,96.4,58.5
114.4,96.8,77.7,62.9,62.9,97.4,97.4,58.8
112.1,98.3,77.2,63.5,63.5,96.4,96.4,59.6
112.3,95.2,78.5,65.2,65.2,92.3,92.3,58.9
112.9,96.9,77.6,65.4,65.4,94.7,94.7,58.4
112.2,96.0,81.6,60.4,60.4,94.8,94.8,57.5
111.9,98.6,82.4,60.8,60.8,94.3,94.3,57.4
113.0,99.7,78.0,67.0,67.0,95.2,95.2,56.7
109.5,98.1,78.3,66.0,66.0,97.8,97.8,56.5
111.8,94.4,78.4,65.8,65.8,97.6,97.6,56.8
114.5,96.9,81.8,61.5,61.5,97.0,97.0,56.7
113.9,92.3,76.7,67.0,67.0,97.5,97.5,57.5
113.7,95.3,74.5,65.9,65.9,97.1,97.1,58.1
114.6,91.1,76.8,63.9,63.9,99.7,99.7,58.9
114.3,89.9,76.8,64.8,64.8,100.7,100.7,59.0
113.6,92.3,76.7,64.2,64.2,99.7,99.7,58.2
113.3,93.6,77.7,63.0,63.0,96.0,96.0,60.7
110.4,92.1,77.4,63.4,63.4,95.2,95.2,60.7
108.7,95.2,78.1,61.4,61.4,93.9,93.9,60.4
108.2,97.2,79.1,61.1,61.1,94.7,94.7,59.7
106.0,96.0,76.3,64.2,64.2,93.8,93.8,60.8
107.6,100.0,76.9,62.9,62.9,98.2,98.2,61.3
107.8,96.9,76.3,63.0,63.0,100.1,100.1,61.8
107.5,94.9,76.0,63.6,63.6,99.3,99.3,61.5
112.2,95.9,75.4,65.6,65.6,98.6,98.6,62.8
109.7,92.0,73.8,65.7,65.7,98.0,98.0,63.2
113.2,93.8,74.0,65.0,65.0,98.4,98.4,62.7
112.5,93.4,74.6,64.2,64.2,99.1,99.1,62.2
112.9,94.3,74.0,63.9,63.9,98.1,98.1,62.4
108.6,98.3,75.1,63.4,63.4,96.7,96.7,62.4
115.3,96.7,74.3,64.2,64.2,94.5,94.5,62.3
110.6,96.0,78.3,59.4,59.4,95.7,95.7,61.4
110.1,99.2,75.7,65.0,65.0,95.5,95.5,61.8
110.5,95.6,77.9,62.3,62.3,96.3,96.3,61.3
105.2,102.2,74.3,64.1,64.1,96.9,96.9,61.5
112.7,95.9,74.9,63.2,63.2,97.0,97.0,62.5
104.8,100.8,74.5,63.8,63.8,97.9,97.9,61.9
107.1,101.6,75.5,63.1,63.1,99.0,99.0,60.7
111.2,95.1,75.2,63.7,63.7,97.5,97.5,61.3
105.5,99.1,75.2,64.1,64.1,97.3,97.3,61.5
108.5,99.0,75.8,63.0,63.0,97.8,97.8,60.9
103.8,100.6,75.0,63.0,63.0,97.8,97.8,61.5
104.5,104.7,74.6,63.6,63.6,97.9,97.9,61.3
102.1,102.0,75.0,64.4,64.4,96.9,96.9,63.0
104.0,105.0,70.6,69.5,69.5,96.1,96.1,62.9
105.3,105.9,70.5,69.3,69.3,95.9,95.9,62.4
100.1,103.2,70.6,68.0,68.0,95.5,95.5,61.5
98.9,106.9,75.9,61.7,61.7,95.3,95.3,60.2
100.0,100.3,77.3,60.0,60.0,91.1,91.1,59.7
93.0,105.1,76.2,59.9,59.9,91.4,91.4,58.9
92.7,103.3,75.8,59.7,59.7,90.5,90.5,58.3
93.6,103.4,73.1,60.2,60.2,90.6,90.6,58.0
91.9,105.5,74.7,60.1,60.1,91.1,91.1,58.3
90.9,104.4,76.4,61.4,61.4,92.6,92.6,57.9
91.1,103.5,78.5,61.1,61.1,90.9,90.9,59.1
91.2,102.8,80.7,60.4,60.4,92.0,92.0,59.2
92.7,102.7,78.7,62.4,62.4,94.6,94.6,59.1
92.9,99.3,79.0,58.7,58.7,95.7,95.7,59.0
94.0,100.1,74.4,65.4,65.4,96.2,96.2,59.2
94.6,98.0,75.4,64.7,64.7,97.1,97.1,59.0
96.9,97.9,76.2,64.1,64.1,96.8,96.8,58.6
86.4,106.4,76.8,64.6,64.6,96.6,96.6,59.3
85.4,71.1,77.9,65.8,65.8,97.0,97.0,59.2
83.7,80.9,77.9,65.3,65.3,97.6,97.6,59.8
100.1,102.8,76.4,65.7,65.7,96.5,96.5,59.5
116.4,82.9,75.4,66.6,66.6,95.4,95.4,60.5
111.5,98.3,74.8,67.2,67.2,98.8,98.8,59.2
116.4,93.3,76.0,66.9,66.9,98.7,98.7,59.8
115.7,96.7,76.2,65.9,65.9,100.3,100.3,59.3
115.5,98.8,76.8,64.2,64.2,99.9,99.9,59.2
116.4,96.3,75.4,64.7,64.7,99.8,99.8,59.7
113.9,92.4,75.0,64.3,64.3,98.1,98.1,59.0
114.7,91.7,75.7,65.3,65.3,96.4,96.4,57.9
113.3,92.1,73.3,66.0,66.0,97.7,97.7,57.9
114.1,92.2,74.6,65.2,65.2,97.6,97.6,57.9
114.7,89.2,74.9,64.3,64.3,98.5,98.5,59.0
115.9,92.8,75.3,64.3,64.3,97.8,97.8,59.8
113.1,93.6,75.3,63.9,63.9,98.4,98.4,59.0
114.3,88.5,75.4,65.6,65.6,98.1,98.1,59.7
114.8,90.6,75.2,65.4,65.4,98.1,98.1,59.7
115.5,87.0,75.4,64.4,64.4,98.3,98.3,60.5
114.9,89.9,75.5,65.4,65.4,98.6,98.6,60.6
117.9,86.7,75.2,65.3,65.3,99.4,99.4,60.2
115.2,86.0,75.1,65.6,65.6,99.8,99.8,59.5
116.8,91.1,74.9,65.5,65.5,100.9,100.9,59.8
113.8,90.3,75.0,66.0,66.0,99.5,99.5,60.8
114.5,87.8,74.9,65.8,65.8,99.8,99.8,60.8
115.7,86.8,75.6,66.4,66.4,98.9,98.9,61.1
119.3,84.6,75.3,66.0,66.0,97.8,97.8,61.4
119.2,86.2,73.9,64.8,64.8,98.6,98.6,61.1
120.6,87.6,75.6,65.2,65.2,98.2,98.2,61.6
121.4,86.8,75.4,65.4,65.4,97.5,97.5,61.2
119.5,83.4,75.6,65.5,65.5,97.7,97.7,61.1
120.3,87.8,76.1,66.3,66.3,97.3,97.3,62.3
119.1,82.1,76.1,65.7,65.7,97.6,97.6,62.1
114.1,85.1,76.5,65.3,65.3,97.6,97.6,61.7
114.6,87.8,76.0,65.9,65.9,97.2,97.2,61.2
109.9,89.3,75.8,64.2,64.2,96.7,96.7,61.3
104.8,90.2,74.1,67.0,67.0,97.4,97.4,60.4
101.4,89.8,73.3,65.3,65.3,97.4,97.4,59.2
101.7,90.0,73.4,64.5,64.5,96.5,96.5,59.3
100.0,85.3,74.0,64.7,64.7,97.4,97.4,58.9
98.7,82.7,73.6,65.5,65.5,97.6,97.6,59.6
99.7,79.4,74.0,65.4,65.4,98.7,98.7,59.7
98.0,76.6,73.8,70.4,70.4,98.6,98.6,58.1
96.5,64.5,70.6,71.6,71.6,98.2,98.2,59.7
100.5,56.9,71.3,72.9,72.9,98.5,98.5,60.3
107.9,75.8,70.6,72.9,72.9,97.9,97.9,60.8
115.3,85.2,70.2,72.4,72.4,98.6,98.6,59.6
111.5,88.1,70.4,72.8,72.8,97.7,97.7,60.2
111.9,78.9,71.1,71.5,71.5,97.5,97.5,60.4
116.1,77.9,75.4,65.3,65.3,98.2,98.2,59.5
116.9,76.2,74.7,64.6,64.6,98.2,98.2,58.5
115.9,67.9,73.2,64.2,64.2,98.2,98.2,57.4
115.9,66.8,74.0,63.6,63.6,96.9,96.9,58.2
115.2,64.3,74.6,63.0,63.0,97.5,97.5,57.8
113.8,62.2,74.1,64.0,64.0,96.3,96.3,58.7
109.6,63.6,74.1,65.3,65.3,96.5,96.5,59.3
109.6,84.6,73.5,65.5,65.5,96.6,96.6,59.7
109.8,76.1,74.3,64.9,64.9,96.8,96.8,59.7
110.6,73.1,73.4,65.1,65.1,95.6,95.6,59.8
108.9,74.0,74.6,65.1,65.1,95.6,95.6,59.0
107.7,70.6,79.0,59.5,59.5,96.5,96.5,58.0
107.3,69.9,79.0,60.4,60.4,95.2,95.2,57.4
113.5,69.7,80.1,60.1,60.1,94.4,94.4,57.6
113.4,64.5,79.6,60.5,60.5,94.3,94.3,57.4
111.9,60.2,78.2,60.3,60.3,95.6,95.6,57.9
112.1,63.9,73.8,65.7,65.7,96.3,96.3,58.8
106.4,79.4,74.8,65.6,65.6,97.9,97.9,57.9
108.8,78.0,75.5,64.2,64.2,97.8,97.8,58.9
109.6,80.8,74.2,66.7,66.7,97.6,97.6,58.2
112.8,75.5,75.3,66.1,66.1,97.1,97.1,57.9
111.2,77.3,74.0,65.9,65.9,96.7,96.7,58.3
109.7,77.4,73.5,67.0,67.0,95.1,95.1,58.3
110.5,76.3,74.2,66.5,66.5,95.0,95.0,58.1
113.1,77.1,74.9,66.3,66.3,96.7,96.7,57.1
112.8,73.2,74.5,66.7,66.7,96.7,96.7,57.3
115.1,68.9,73.9,65.6,65.6,96.5,96.5,56.6
112.9,71.0,74.1,65.8,65.8,96.9,96.9,57.8
106.7,71.3,74.7,65.0,65.0,97.0,97.0,56.6
108.9,74.3,75.7,64.9,64.9,98.1,98.1,56.7
104.3,70.7,74.1,66.1,66.1,97.2,97.2,57.4
104.9,86.5,75.2,65.3,65.3,97.7,97.7,57.1
109.9,85.3,75.0,66.0,66.0,98.0,98.0,57.7
107.3,86.1,73.7,66.3,66.3,98.9,98.9,57.0
106.1,81.0,74.6,65.5,65.5,98.2,98.2,57.2
106.5,83.7,74.5,65.8,65.8,98.1,98.1,57.2
105.9,83.5,75.5,65.7,65.7,96.8,96.8,58.1
105.0,76.9,74.2,66.3,66.3,96.5,96.5,59.0
104.0,75.8,75.9,65.8,65.8,96.3,96.3,58.8
98.0,78.9,76.5,65.9,65.9,97.2,97.2,58.8
101.0,75.7,76.2,65.9,65.9,97.8,97.8,58.3
98.2,74.8,76.1,66.9,66.9,96.7,96.7,58.8
97.0,78.5,75.6,66.8,66.8,96.0,96.0,59.1
101.0,71.3,75.4,66.0,66.0,96.0,96.0,59.6
98.6,73.9,75.7,65.2,65.2,95.8,95.8,60.2
96.4,72.8,76.1,64.4,64.4,96.8,96.8,60.2
97.0,72.6,75.7,64.8,64.8,96.8,96.8,61.1
97.0,72.8,75.7,64.8,64.8,97.4,97.4,60.3
96.9,70.9,75.6,65.2,65.2,96.5,96.5,60.3
96.8,69.1,75.5,64.6,64.6,96.4,96.4,60.9
95.7,69.7,74.8,64.9,64.9,96.7,96.7,61.5
95.6,68.9,74.8,64.7,64.7,97.0,97.0,61.5
95.6,68.1,75.8,64.2,64.2,96.0,96.0,61.7
95.7,64.9,75.3,64.4,64.4,96.1,96.1,61.4
96.0,64.1,75.5,64.4,64.4,95.6,95.6,61.4
95.7,63.0,75.4,63.9,63.9,96.0,96.0,61.0
94.5,64.2,75.9,64.7,64.7,95.2,95.2,60.9
91.4,69.1,75.3,65.2,65.2,94.9,94.9,60.6
90.5,80.6,74.7,66.0,66.0,95.9,95.9,60.5
94.7,94.0,74.2,65.8,65.8,97.2,97.2,59.6
95.3,100.9,74.4,65.9,65.9,97.1,97.1,59.4
99.8,97.0,75.1,65.3,65.3,96.8,96.8,59.8
96.2,96.8,74.0,65.2,65.2,97.2,97.2,59.3
95.6,97.2,74.5,65.0,65.0,96.9,96.9,58.7
98.8,100.0,74.4,64.5,64.5,96.7,96.7,58.9
102.8,97.1,77.8,59.0,59.0,96.3,96.3,58.4
97.0,99.6,76.6,59.2,59.2,95.8,95.8,59.0
97.2,98.2,74.0,65.1,65.1,95.8,95.8,58.9
101.6,100.5,78.0,59.1,59.1,94.7,94.7,60.5
100.2,99.0,76.8,59.0,59.0,94.9,94.9,60.2
95.9,99.5,73.7,65.0,65.0,95.8,95.8,60.0
97.3,104.3,75.0,63.3,63.3,94.5,94.5,60.8
101.4,97.1,75.2,62.9,62.9,94.4,94.4,60.6
100.2,96.9,77.1,58.6,58.6,93.9,93.9,60.2
99.2,101.9,73.0,64.5,64.5,94.9,94.9,60.6
96.2,99.0,72.7,63.9,63.9,95.3,95.3,60.1
96.6,100.9,74.3,63.5,63.5,96.2,96.2,59.8
96.8,104.3,74.2,63.8,63.8,96.8,96.8,59.2
96.6,98.8,73.7,64.3,64.3,96.4,96.4,59.9
95.3,101.9,72.4,64.7,64.7,97.5,97.5,60.0
95.0,105.0,74.5,64.2,64.2,95.9,95.9,60.6
95.5,100.8,73.3,65.0,65.0,95.0,95.0,61.3
97.7,99.0,73.6,65.8,65.8,95.2,95.2,60.5
97.6,104.5,74.0,67.1,67.1,95.3,95.3,61.0
98.1,103.0,74.0,66.0,66.0,95.5,95.5,60.7
98.3,98.7,74.5,65.6,65.6,95.2,95.2,60.6
96.5,102.6,73.7,66.4,66.4,94.3,94.3,60.4
97.3,100.9,73.9,65.6,65.6,95.8,95.8,60.3
94.8,99.9,74.5,65.7,65.7,94.8,94.8,60.7
96.0,101.6,75.3,65.3,65.3,94.4,94.4,60.7
94.7,100.9,74.5,64.8,64.8,94.1,94.1,60.6
94.8,100.3,74.3,65.1,65.1,94.4,94.4,59.9
91.8,99.8,74.9,64.2,64.2,94.2,94.2,60.5
91.9,98.5,77.3,63.1,63.1,95.4,95.4,61.0
93.4,99.5,76.6,64.2,64.2,95.5,95.5,62.3
94.2,98.5,76.0,65.9,65.9,95.7,95.7,61.1
91.3,101.0,82.3,60.2,60.2,96.3,96.3,61.6
92.8,97.6,84.0,60.2,60.2,94.1,94.1,62.5
91.0,100.6,86.3,60.7,60.7,93.3,93.3,62.4
90.9,100.7,84.8,61.0,61.0,92.7,92.7,63.1
91.3,103.2,84.6,61.0,61.0,92.1,92.1,61.9
92.9,102.3,85.6,60.6,60.6,92.8,92.8,60.5
98.4,99.2,86.2,60.6,60.6,92.8,92.8,60.9
91.7,107.8,84.3,60.2,60.2,96.0,96.0,61.7
88.8,77.3,78.4,65.2,65.2,96.8,96.8,61.9
90.0,77.3,77.3,66.1,66.1,96.0,96.0,62.3
107.3,90.1,77.5,67.2,67.2,95.8,95.8,61.8
116.7,86.6,77.5,67.3,67.3,94.6,94.6,62.8
106.8,90.3,77.1,66.9,66.9,93.7,93.7,59.5
115.3,85.0,82.5,61.7,61.7,97.1,97.1,62.0
111.0,90.4,79.5,61.4,61.4,97.8,97.8,61.0
109.2,83.3,74.2,66.7,66.7,98.5,98.5,60.9
104.2,84.5,73.8,66.1,66.1,98.2,98.2,59.4
104.8,84.2,73.6,65.7,65.7,97.9,97.9,59.7
99.9,83.5,77.1,59.9,59.9,96.8,96.8,59.5
100.9,80.4,78.7,60.2,60.2,95.8,95.8,59.2
101.0,80.0,77.0,60.6,60.6,94.0,94.0,60.1
99.0,75.5,76.1,61.0,61.0,94.4,94.4,63.2
95.8,76.0,77.4,63.2,63.2,96.9,96.9,61.4
95.1,63.0,74.7,63.5,63.5,97.4,97.4,61.0
102.4,73.6,77.0,62.1,62.1,94.5,94.5,61.3
112.0,84.8,76.9,62.7,62.7,94.6,94.6,61.3
118.7,89.0,77.0,62.3,62.3,93.3,93.3,61.2
118.0,89.1,77.1,63.9,63.9,96.8,96.8,59.3
115.8,89.6,78.4,62.7,62.7,97.0,97.0,59.0
115.0,82.4,78.6,61.3,61.3,97.8,97.8,57.7
114.4,83.3,73.7,61.6,61.6,97.7,97.7,56.5
112.7,74.6,73.8,63.0,63.0,97.4,97.4,56.2
112.0,75.2,74.4,63.1,63.1,96.9,96.9,54.5
109.2,76.3,72.9,62.6,62.6,96.0,96.0,55.2
109.3,78.2,73.1,62.1,62.1,95.7,95.7,57.3
104.8,75.3,67.7,60.6,60.6,95.7,95.7,58.0
107.2,69.8,69.7,61.2,61.2,94.2,94.2,60.5
99.9,71.1,67.7,63.4,63.4,95.6,95.6,61.3
96.3,75.0,69.2,60.7,60.7,100.2,100.2,58.8
94.1,82.9,69.0,60.5,60.5,101.1,101.1,59.2
101.6,90.3,68.5,62.0,62.0,102.8,102.8,58.1
113.3,89.3,71.7,61.1,61.1,98.9,98.9,59.3
112.5,92.5,72.4,60.2,60.2,99.9,99.9,58.3
111.3,94.0,72.0,60.3,60.3,100.1,100.1,58.7
110.0,89.1,71.5,61.1,61.1,99.2,99.2,58.5
111.0,89.0,71.4,62.3,62.3,97.0,97.0,59.0
110.1,87.0,71.3,62.3,62.3,97.1,97.1,58.9
110.5,80.5,71.1,62.3,62.3,97.7,97.7,59.8
109.7,80.8,71.3,62.6,62.6,96.9,96.9,60.3
105.3,82.3,70.9,62.8,62.8,96.4,96.4,60.8
99.9,81.1,71.4,62.6,62.6,96.0,96.0,60.7
100.6,79.3,71.4,62.1,62.1,95.4,95.4,60.6
99.3,74.9,70.1,62.6,62.6,95.4,95.4,60.9
97.9,74.8,70.5,62.5,62.5,97.2,97.2,60.4
95.2,78.0,72.4,60.9,60.9,96.8,96.8,60.8
93.5,70.7,71.5,61.0,61.0,96.6,96.6,57.3
94.2,70.8,73.2,57.7,57.7,99.4,99.4,57.1
94.4,69.8,70.8,61.1,61.1,97.5,97.5,58.0
94.3,71.5,70.0,63.2,63.2,94.6,94.6,57.7
90.5,69.0,70.4,63.5,63.5,95.1,95.1,57.4
98.9,94.4,69.9,64.7,64.7,96.0,96.0,56.8
105.1,96.3,71.4,60.2,60.2,98.6,98.6,56.7
104.2,97.7,72.8,57.8,57.8,100.9,100.9,56.9
103.3,101.7,69.6,61.1,61.1,100.9,100.9,57.9
103.9,100.3,71.5,60.8,60.8,97.6,97.6,59.0
102.6,98.7,70.5,61.4,61.4,96.9,96.9,61.7
102.2,96.8,70.4,61.7,61.7,97.4,97.4,60.4
101.6,96.3,70.9,62.8,62.8,97.3,97.3,60.4
103.1,100.9,72.0,61.9,61.9,97.9,97.9,59.7
105.5,104.8,72.5,61.0,61.0,97.4,97.4,60.9
106.5,102.2,73.0,60.3,60.3,99.0,99.0,57.1
107.7,105.3,72.8,60.1,60.1,98.4,98.4,56.4
104.2,105.2,71.4,62.7,62.7,99.5,99.5,56.2
107.0,104.6,71.9,61.8,61.8,99.1,99.1,56.6
106.4,102.4,71.9,62.1,62.1,99.0,99.0,55.9
106.6,103.1,72.3,62.0,62.0,99.1,99.1,56.5
105.2,101.2,73.9,58.3,58.3,98.9,98.9,57.1
102.2,102.8,74.4,58.2,58.2,99.0,99.0,56.1
103.6,103.3,74.6,57.8,57.8,99.6,99.6,56.0
102.4,101.4,73.3,58.6,58.6,100.2,100.2,55.8
104.7,101.7,72.6,63.5,63.5,98.6,98.6,55.9
103.3,99.9,72.8,63.8,63.8,98.2,98.2,56.0
104.7,100.5,73.1,62.9,62.9,100.1,100.1,57.8
102.2,103.7,73.8,60.7,60.7,97.5,97.5,57.2
101.8,102.0,72.8,62.0,62.0,98.3,98.3,56.9
102.1,103.4,74.1,62.4,62.4,98.1,98.1,57.2
99.9,102.7,74.5,62.4,62.4,98.3,98.3,56.6
100.2,101.9,77.6,63.0,63.0,96.7,96.7,59.3
100.4,97.1,76.3,62.3,62.3,97.5,97.5,59.1
98.9,97.8,79.7,62.3,62.3,97.4,97.4,59.1
96.5,99.4,76.8,62.8,62.8,97.2,97.2,59.2
94.8,103.2,77.3,63.0,63.0,97.8,97.8,57.9
92.1,105.5,78.4,63.3,63.3,98.9,98.9,56.3
88.3,88.4,75.4,65.2,65.2,102.9,102.9,55.6
93.7,79.1,74.9,66.3,66.3,101.8,101.8,55.4
93.2,68.9,73.7,66.0,66.0,102.2,102.2,56.1
113.6,88.9,75.1,64.6,64.6,102.2,102.2,55.4
111.6,83.2,76.5,65.1,65.1,102.6,102.6,55.6
110.9,84.2,75.7,65.3,65.3,104.2,104.2,56.0
108.1,82.9,75.8,65.0,65.0,103.9,103.9,56.1
106.8,82.1,76.5,64.4,64.4,104.2,104.2,57.1
107.7,76.2,75.7,64.3,64.3,104.6,104.6,57.9
106.2,82.9,72.2,65.4,65.4,103.8,103.8,57.9
105.4,81.2,72.1,65.2,65.2,103.8,103.8,58.3
104.8,74.5,72.1,65.7,65.7,102.5,102.5,58.7
100.9,74.2,67.4,72.6,72.6,103.2,103.2,58.8
97.1,50.0,72.1,66.7,66.7,103.3,103.3,58.7
110.9,90.9,72.2,67.5,67.5,103.3,103.3,58.3
110.0,91.9,73.1,68.8,68.8,101.5,101.5,59.4
108.9,93.7,72.3,72.2,72.2,99.9,99.9,60.7
108.2,91.2,73.2,73.1,73.1,98.3,98.3,60.4
110.7,91.4,76.0,70.3,70.3,99.8,99.8,58.4
115.8,83.9,78.6,64.9,64.9,99.5,99.5,58.7
112.8,87.3,74.0,71.3,71.3,99.1,99.1,60.1
113.2,85.0,73.9,69.0,69.0,99.5,99.5,61.1
112.0,83.3,73.6,67.4,67.4,101.5,101.5,59.2
112.4,78.9,73.2,67.3,67.3,99.7,99.7,58.7
107.6,78.4,73.4,66.7,66.7,100.2,100.2,58.6
108.3,75.9,73.9,67.8,67.8,101.2,101.2,58.1
107.7,77.5,73.4,67.3,67.3,101.5,101.5,58.4
108.5,77.5,73.8,70.7,70.7,98.5,98.5,59.8
108.8,76.1,78.5,64.1,64.1,97.2,97.2,61.5
108.4,75.8,74.1,69.3,69.3,98.8,98.8,60.1
107.8,75.6,73.7,70.6,70.6,99.1,99.1,59.7
105.9,71.1,73.9,70.6,70.6,98.5,98.5,60.1
107.1,69.3,73.0,68.8,68.8,100.7,100.7,59.8
107.3,69.5,72.5,69.3,69.3,100.2,100.2,60.2
108.5,69.8,72.5,70.1,70.1,99.0,99.0,59.6
100.8,73.5,77.8,62.8,62.8,97.9,97.9,60.6
98.2,73.0,73.7,70.0,70.0,98.3,98.3,60.8
98.7,83.3,73.0,68.0,68.0,100.3,100.3,61.0
104.8,90.2,73.3,67.0,67.0,100.7,100.7,60.0
104.2,99.0,72.6,65.9,65.9,102.1,102.1,58.8
105.0,96.4,73.9,67.0,67.0,101.8,101.8,59.0
104.6,94.3,73.8,66.7,66.7,101.0,101.0,59.2
104.0,94.9,73.8,68.4,68.4,98.0,98.0,59.6
101.6,100.8,77.9,62.5,62.5,97.6,97.6,59.9
103.0,98.1,77.6,61.6,61.6,98.3,98.3,59.7
101.7,94.5,77.8,61.3,61.3,97.9,97.9,60.4
102.1,101.3,77.8,60.5,60.5,98.0,98.0,59.9
102.5,99.0,77.5,60.5,60.5,98.8,98.8,59.6
98.7,99.3,76.4,59.5,59.5,101.1,101.1,59.1
103.0,100.6,76.4,59.7,59.7,100.3,100.3,59.0
100.6,100.8,76.8,58.7,58.7,100.1,100.1,58.5
100.0,100.2,76.9,58.8,58.8,99.2,99.2,58.3
101.5,104.0,76.3,58.5,58.5,98.5,98.5,59.6
102.8,100.7,75.9,58.3,58.3,98.5,98.5,58.7
100.6,101.0,75.5,58.0,58.0,98.9,98.9,57.6
102.7,102.3,75.3,57.2,57.2,98.7,98.7,57.8
102.4,101.0,73.8,58.0,58.0,98.8,98.8,56.9
101.7,102.6,72.0,62.8,62.8,99.3,99.3,57.5
99.7,105.8,74.6,58.4,58.4,98.5,98.5,58.6
101.0,100.9,75.4,58.6,58.6,98.0,98.0,59.4
101.1,100.7,75.6,59.1,59.1,98.3,98.3,58.5
100.0,103.3,75.0,58.4,58.4,96.4,96.4,60.6
101.9,98.9,75.4,57.8,57.8,98.2,98.2,58.5
102.0,100.2,73.9,57.4,57.4,96.5,96.5,59.2
99.6,101.1,75.0,56.7,56.7,97.2,97.2,59.4
101.0,105.3,75.0,57.0,57.0,97.4,97.4,59.0
101.3,100.0,74.3,58.2,58.2,96.9,96.9,58.8
101.0,98.5,76.4,57.3,57.3,98.9,98.9,58.4
101.4,100.1,76.9,58.9,58.9,99.8,99.8,57.6
100.9,99.9,75.2,58.7,58.7,98.7,98.7,58.0
96.2,99.8,75.1,60.2,60.2,96.2,96.2,59.6
98.6,99.3,74.7,61.2,61.2,94.4,94.4,60.7
93.3,101.6,73.2,61.2,61.2,94.7,94.7,60.0
92.7,101.7,73.5,60.2,60.2,95.0,95.0,59.4
95.0,100.8,72.2,60.6,60.6,96.2,96.2,59.8
97.0,100.2,73.7,61.5,61.5,97.7,97.7,59.3
98.0,100.3,78.0,60.0,60.0,98.2,98.2,58.2
98.0,98.6,75.1,60.8,60.8,99.0,99.0,57.9
97.4,100.9,78.4,58.9,58.9,99.4,99.4,57.4
91.6,108.2,74.1,59.5,59.5,99.1,99.1,57.0
91.4,102.2,76.8,57.8,57.8,101.1,101.1,56.0
93.8,68.8,71.5,65.1,65.1,101.8,101.8,56.2
102.9,56.1,72.6,64.4,64.4,102.8,102.8,55.1
108.3,87.1,69.7,67.8,67.8,106.4,106.4,52.4
120.8,86.7,69.6,77.5,77.5,91.7,91.7,58.0
122.8,86.3,69.2,72.6,72.6,95.9,95.9,57.2
119.1,78.9,73.1,69.5,69.5,93.6,93.6,57.8
117.7,78.9,71.8,66.4,66.4,93.5,93.5,59.8
121.6,77.2,72.7,64.2,64.2,88.7,88.7,64.9
119.3,71.6,73.8,59.9,59.9,88.2,88.2,67.8
118.8,66.5,75.6,58.2,58.2,88.4,88.4,65.5
115.3,63.1,80.8,56.3,56.3,91.8,91.8,59.1
112.4,58.6,80.1,56.2,56.2,91.8,91.8,47.8
105.5,58.9,75.6,53.8,53.8,90.6,90.6,41.7
99.3,56.8,72.1,53.8,53.8,85.6,85.6,41.4
106.7,73.5,75.8,49.2,49.2,85.8,85.8,42.1
71.8,126.0,75.7,50.3,50.3,87.0,87.0,41.2
118.1,87.5,70.8,53.8,53.8,88.6,88.6,44.1
117.3,90.0,71.2,53.7,53.7,89.0,89.0,42.8
116.7,91.7,71.8,54.0,54.0,89.0,89.0,42.4
118.6,82.4,71.8,52.8,52.8,91.4,91.4,35.9
115.6,82.3,68.0,53.8,53.8,91.4,91.4,35.5
112.8,74.1,71.3,52.8,52.8,93.9,93.9,33.6
114.1,75.8,71.0,54.0,54.0,93.8,93.8,30.0
112.4,72.7,67.3,56.9,56.9,91.9,91.9,33.1
109.6,70.2,71.5,54.4,54.4,90.8,90.8,31.6
109.5,64.9,70.5,55.9,55.9,83.6,83.6,40.9
98.3,65.1,70.0,55.3,55.3,80.8,80.8,47.9
94.0,70.9,66.0,58.9,58.9,79.2,79.2,50.6
100.6,66.0,66.5,59.7,59.7,78.6,78.6,51.4
98.7,76.1,67.4,59.3,59.3,79.5,79.5,52.0
107.6,92.6,66.9,59.0,59.0,80.2,80.2,51.5
109.4,96.9,66.9,59.0,59.0,80.2,80.2,51.5
109.6,96.2,72.5,55.7,55.7,77.3,77.3,53.3
108.6,93.9,72.4,54.5,54.5,82.6,82.6,50.9
109.0,92.6,74.3,54.3,54.3,84.6,84.6,49.5
107.3,89.6,72.7,56.2,56.2,84.7,84.7,50.2
103.8,91.8,75.0,56.6,56.6,83.4,83.4,51.9
104.1,87.9,76.0,56.0,56.0,86.7,86.7,52.2
107.8,82.9,75.6,57.1,57.1,89.2,89.2,50.3
110.2,80.7,74.5,58.4,58.4,88.8,88.8,51.0
109.8,77.6,74.7,58.0,58.0,89.0,89.0,51.8
109.3,77.1,75.0,58.4,58.4,89.6,89.6,51.9
107.5,75.9,72.4,58.8,58.8,88.9,88.9,52.3
111.6,75.2,72.8,59.8,59.8,89.1,89.1,53.2
107.0,72.0,74.1,60.7,60.7,85.7,85.7,53.2
108.5,73.8,76.0,56.4,56.4,85.5,85.5,57.2
106.2,74.6,75.8,57.9,57.9,84.8,84.8,56.5
104.7,73.8,75.0,58.8,58.8,84.6,84.6,55.7
103.5,73.2,75.7,58.9,58.9,85.1,85.1,56.3
111.5,65.3,75.5,59.2,59.2,84.6,84.6,56.6
112.2,64.9,74.6,58.4,58.4,85.8,85.8,57.1
108.6,62.0,74.5,59.5,59.5,85.8,85.8,55.8
112.4,59.8,73.9,59.5,59.5,85.9,85.9,57.2
112.6,58.0,75.2,58.0,58.0,85.6,85.6,57.7
107.5,58.4,76.7,56.6,56.6,89.6,89.6,55.3
102.4,63.8,74.7,58.0,58.0,87.3,87.3,55.6
98.3,73.9,75.6,61.2,61.2,87.6,87.6,56.7
108.2,95.6,76.2,62.1,62.1,89.6,89.6,58.9
112.0,94.0,76.7,59.7,59.7,93.1,93.1,59.5
111.7,88.1,76.9,60.7,60.7,93.9,93.9,61.7
110.9,88.8,76.3,62.8,62.8,90.5,90.5,61.3
111.8,86.8,76.0,61.7,61.7,92.2,92.2,60.8
113.1,82.2,74.9,61.9,61.9,91.7,91.7,60.4
113.2,79.9,74.3,60.8,60.8,89.8,89.8,59.3
110.9,81.6,72.3,60.0,60.0,93.4,93.4,55.9
109.5,79.3,72.3,59.9,59.9,88.5,88.5,57.1
104.8,81.6,74.3,60.1,60.1,88.8,88.8,54.7
105.2,75.8,74.6,61.7,61.7,87.6,87.6,54.4
100.1,74.6,75.4,59.2,59.2,91.1,91.1,53.8
101.9,86.4,77.0,58.6,58.6,89.8,89.8,54.1
113.5,77.3,75.8,63.3,63.3,92.1,92.1,54.5
112.4,78.2,73.6,65.4,65.4,92.9,92.9,59.2
114.1,74.1,73.2,64.6,64.6,92.3,92.3,55.4
112.5,72.2,76.9,60.8,60.8,92.2,92.2,54.8
113.6,69.9,76.9,60.7,60.7,92.7,92.7,58.3
112.4,70.4,79.2,59.6,59.6,89.6,89.6,56.1
113.3,70.2,79.6,60.4,60.4,90.2,90.2,56.3
112.3,67.4,80.0,61.4,61.4,92.2,92.2,56.1
105.0,68.6,79.6,60.3,60.3,95.1,95.1,55.7
105.4,70.4,76.7,64.1,64.1,96.4,96.4,55.7
106.1,67.9,74.6,64.8,64.8,97.1,97.1,56.7
107.7,66.0,70.5,67.8,67.8,97.3,97.3,53.5
103.6,59.4,70.1,70.3,70.3,102.6,102.6,53.6
61.6,84.9,67.7,71.9,71.9,99.5,99.5,55.0
181.5,285.9,65.7,79.5,79.5,94.6,94.6,54.6
126.9,73.6,69.0,68.2,68.2,97.5,97.5,56.0
119.8,76.4,67.7,64.5,64.5,91.6,91.6,65.0
122.3,64.9,66.7,58.2,58.2,95.5,95.5,59.5
119.1,66.8,66.2,59.5,59.5,90.0,90.0,55.1
112.9,65.5,66.4,61.1,61.1,88.9,88.9,54.0
111.6,49.5,65.7,64.1,64.1,86.9,86.9,49.0
106.6,85.5,66.4,66.0,66.0,83.9,83.9,45.8
104.3,89.5,66.6,66.2,66.2,80.0,80.0,40.8
98.0,85.5,70.1,67.0,67.0,80.2,80.2,44.9
98.7,84.5,75.7,61.4,61.4,81.9,81.9,47.0
101.4,80.2,72.7,65.7,65.7,81.2,81.2,48.4
101.2,75.6,70.2,66.9,66.9,81.5,81.5,51.7
98.2,76.9,74.2,61.4,61.4,84.1,84.1,52.7
101.1,73.5,71.0,60.9,60.9,82.3,82.3,54.9
100.8,70.6,73.5,57.2,57.2,86.8,86.8,51.9
101.1,68.7,74.3,56.6,56.6,91.1,91.1,48.8
96.2,64.7,71.9,57.0,57.0,92.2,92.2,51.0
92.3,67.4,70.6,58.9,58.9,88.9,88.9,50.8
83.6,83.0,71.7,57.1,57.1,89.7,89.7,50.2
86.9,76.8,70.8,57.9,57.9,89.8,89.8,48.1
86.3,99.7,71.2,57.7,57.7,89.5,89.5,48.7
100.2,98.5,71.6,58.2,58.2,89.2,89.2,47.7
98.1,101.3,73.5,55.6,55.6,88.0,88.0,47.3
101.2,96.0,72.8,54.1,54.1,91.0,91.0,45.9
96.3,98.2,71.8,55.5,55.5,91.7,91.7,44.3
93.8,100.0,73.0,55.1,55.1,92.6,92.6,44.1
88.9,98.8,73.0,55.3,55.3,92.7,92.7,49.0
82.2,102.0,73.2,55.2,55.2,93.2,93.2,46.1
84.6,99.7,71.6,56.2,56.2,94.1,94.1,46.0
84.3,99.9,71.0,57.7,57.7,92.2,92.2,45.7
84.5,98.8,66.6,61.7,61.7,92.8,92.8,46.4
83.3,98.3,67.1,61.6,61.6,92.7,92.7,47.3
81.1,101.6,66.8,61.8,61.8,92.6,92.6,47.5
78.1,104.3,67.4,63.0,63.0,92.2,92.2,47.8
76.6,87.6,67.8,62.9,62.9,92.0,92.0,47.5
81.5,103.8,70.8,58.9,58.9,91.7,91.7,47.4
88.2,108.6,72.1,57.3,57.3,92.4,92.4,45.9
97.2,102.2,71.6,57.2,57.2,92.1,92.1,46.0
90.5,105.3,72.5,57.8,57.8,90.9,90.9,45.9
97.4,95.5,71.2,58.0,58.0,92.3,92.3,46.5
96.4,94.3,70.7,57.7,57.7,92.5,92.5,46.3
93.6,98.5,70.3,57.8,57.8,92.9,92.9,46.0
91.0,96.1,70.2,56.2,56.2,93.8,93.8,47.7
90.4,95.3,70.9,55.9,55.9,93.8,93.8,47.7
86.6,97.4,72.0,56.2,56.2,95.0,95.0,47.3
86.3,94.1,72.8,56.0,56.0,94.7,94.7,47.0
85.1,99.6,72.6,57.2,57.2,94.7,94.7,47.0
87.9,98.0,71.9,57.2,57.2,95.1,95.1,45.7
86.5,98.8,71.9,57.1,57.1,95.9,95.9,45.0
84.9,100.9,72.1,56.7,56.7,95.5,95.5,45.5
86.3,101.7,72.1,55.9,55.9,96.0,96.0,45.9
84.3,100.9,72.1,56.2,56.2,96.7,96.7,45.3
86.7,100.9,72.4,56.4,56.4,96.2,96.2,45.6
87.7,98.6,72.7,56.9,56.9,95.1,95.1,46.1
86.7,97.5,72.1,56.6,56.6,95.3,95.3,45.4
87.5,96.8,73.2,56.7,56.7,95.5,95.5,45.8
81.3,99.0,73.8,57.1,57.1,94.8,94.8,45.9
78.0,93.5,72.5,57.9,57.9,95.0,95.0,45.6
77.5,97.1,73.8,57.2,57.2,94.5,94.5,45.7
83.8,99.7,73.0,57.4,57.4,94.8,94.8,45.7
94.7,107.5,72.4,59.6,59.6,92.6,92.6,46.1
102.6,102.6,72.9,59.4,59.4,92.6,92.6,45.7
102.8,99.5,72.3,60.0,60.0,91.9,91.9,44.7
99.8,99.7,72.9,57.4,57.4,95.8,95.8,45.0
101.6,98.5,73.7,61.9,61.9,90.6,90.6,44.2
99.8,96.5,74.0,62.8,62.8,90.3,90.3,44.1
96.8,96.1,73.4,58.6,58.6,95.1,95.1,45.4
97.9,95.7,73.1,58.4,58.4,94.4,94.4,46.4
98.5,96.4,74.0,62.4,62.4,90.9,90.9,47.5
98.4,96.1,73.1,58.1,58.1,94.7,94.7,47.7
96.8,97.1,74.0,62.8,62.8,91.2,91.2,47.5
91.8,98.2,73.7,62.4,62.4,91.4,91.4,47.5
89.0,101.0,74.6,62.3,62.3,91.7,91.7,47.0
82.3,103.0,74.2,62.9,62.9,91.1,91.1,46.9
84.6,99.6,74.5,62.5,62.5,91.6,91.6,47.7
86.2,101.2,74.3,62.8,62.8,91.6,91.6,48.3
85.0,102.5,74.4,62.7,62.7,92.2,92.2,48.6
85.3,102.0,75.1,62.7,62.7,91.7,91.7,48.9
86.4,101.0,74.5,63.0,63.0,92.0,92.0,54.9
87.2,100.8,74.7,57.9,57.9,97.6,97.6,54.0
86.7,99.8,75.7,62.2,62.2,92.1,92.1,54.2
87.4,99.6,76.2,61.8,61.8,96.7,96.7,50.0
87.3,100.8,77.0,58.7,58.7,96.4,96.4,49.0
91.2,98.0,79.8,58.7,58.7,97.3,97.3,48.6
94.9,98.4,74.7,64.0,64.0,98.7,98.7,48.3
90.5,103.2,76.9,63.8,63.8,98.7,98.7,48.7
87.8,104.8,76.7,64.3,64.3,99.3,99.3,48.1
80.7,107.8,75.6,64.4,64.4,98.2,98.2,48.7
77.5,92.3,74.2,64.0,64.0,98.6,98.6,49.9
81.8,99.9,74.1,65.1,65.1,97.0,97.0,49.6
89.6,104.6,75.2,65.3,65.3,96.0,96.0,49.0
98.8,102.6,75.6,65.2,65.2,98.8,98.8,46.7
104.5,104.2,76.0,65.1,65.1,98.7,98.7,47.3
104.1,101.8,72.7,66.7,66.7,98.8,98.8,47.2
107.8,97.5,72.9,66.2,66.2,100.0,100.0,48.4
105.6,95.0,73.0,66.0,66.0,99.7,99.7,48.4
105.2,97.8,72.1,66.3,66.3,100.5,100.5,47.9
102.8,100.0,72.1,66.2,66.2,100.9,100.9,48.1
103.7,98.0,72.5,66.2,66.2,100.1,100.1,48.0
97.7,102.2,73.8,61.2,61.2,99.7,99.7,48.2
98.1,98.1,72.7,65.3,65.3,100.5,100.5,48.6
96.8,98.3,71.4,66.0,66.0,100.7,100.7,48.5
95.9,97.5,72.1,66.1,66.1,99.3,99.3,49.1
91.7,98.7,71.8,65.9,65.9,99.7,99.7,49.2
90.1,99.8,71.9,66.1,66.1,99.8,99.8,48.3
88.7,99.1,68.8,70.1,70.1,100.6,100.6,48.1
90.2,97.2,72.0,66.8,66.8,101.6,101.6,47.5
91.2,94.1,71.3,69.2,69.2,101.8,101.8,467.3
92.6,92.2,72.6,67.1,67.1,102.6,102.6,46.6
94.8,90.9,69.3,68.9,68.9,104.1,104.1,46.4
96.1,94.4,68.6,68.9,68.9,102.0,102.0,48.0
91.7,97.9,68.6,68.9,68.9,102.7,102.7,48.0
79.6,102.0,67.9,69.7,69.7,99.9,99.9,49.2
79.1,85.7,69.5,67.0,67.0,100.7,100.7,48.5
87.5,108.8,68.5,68.8,68.8,99.1,99.1,49.2
94.4,116.8,68.8,69.2,69.2,99.1,99.1,49.2
100.3,105.7,71.6,67.2,67.2,100.7,100.7,48.5
103.0,100.1,71.5,66.4,66.4,100.9,100.9,48.8
101.4,99.5,71.7,67.1,67.1,100.9,100.9,48.8
103.2,100.0,71.8,66.6,66.6,101.5,101.5,47.7
104.3,95.4,71.4,67.2,67.2,102.1,102.1,47.3
104.7,94.3,70.9,67.5,67.5,103.5,103.5,47.2
102.9,96.5,71.5,67.8,67.8,103.5,103.5,48.5
102.2,95.1,72.9,63.5,63.5,102.3,102.3,48.7
100.7,93.0,68.3,71.9,71.9,102.9,102.9,54.0
98.9,92.0,73.7,63.0,63.0,102.3,102.3,54.4
94.7,94.9,73.8,62.0,62.0,102.7,102.7,54.2
93.7,95.0,74.0,61.8,61.8,103.4,103.4,53.7
91.6,95.5,74.7,62.1,62.1,101.8,101.8,54.0
90.4,96.7,76.4,61.1,61.1,102.6,102.6,53.3
90.1,97.5,76.6,59.8,59.8,104.7,104.7,53.1
90.0,96.1,75.1,62.9,62.9,104.1,104.1,53.5
89.9,98.1,78.1,59.7,59.7,104.1,104.1,53.4
90.6,96.5,78.1,59.3,59.3,103.6,103.6,54.3
89.4,99.1,76.8,60.3,60.3,103.4,103.4,45.6
92.5,96.0,78.6,60.1,60.1,102.8,102.8,52.4
89.3,101.3,75.6,60.1,60.1,103.6,103.6,51.4
91.9,101.0,75.8,60.9,60.9,103.4,103.4,45.2
85.1,110.3,76.6,58.9,58.9,102.7,102.7,50.6
81.5,84.2,78.7,58.6,58.6,101.2,101.2,51.4
88.0,111.2,78.6,58.2,58.2,101.7,101.7,51.6
98.3,100.9,78.2,59.8,59.8,98.9,98.9,44.7
97.9,109.1,77.6,62.2,62.2,98.3,98.3,45.3
103.3,105.9,74.3,63.5,63.5,98.6,98.6,45.3
108.5,97.4,76.4,63.5,63.5,100.5,100.5,43.8
106.8,98.4,76.9,64.4,64.4,102.1,102.1,44.5
109.7,97.7,75.3,65.1,65.1,102.4,102.4,41.7
108.6,97.0,74.6,64.9,64.9,104.1,104.1,50.2
107.1,98.2,74.1,63.7,63.7,105.6,105.6,51.9
103.7,97.6,74.9,63.7,63.7,105.4,105.4,51.8
104.6,98.7,74.6,63.2,63.2,104.9,104.9,52.2
101.5,97.6,76.3,63.5,63.5,105.0,105.0,51.6
98.0,100.0,76.5,62.9,62.9,106.5,106.5,50.3
95.9,99.5,76.2,63.4,63.4,106.8,106.8,49.0
94.1,99.0,75.9,65.0,65.0,105.6,105.6,48.8
92.1,99.1,76.5,63.3,63.3,106.0,106.0,48.9
90.7,100.9,77.0,63.0,63.0,105.5,105.5,50.4
90.7,100.0,77.0,62.9,62.9,105.4,105.4,50.8
90.4,99.1,75.1,61.9,61.9,106.5,106.5,51.4
90.6,97.7,74.7,62.0,62.0,105.9,105.9,51.8
91.0,96.3,74.7,61.8,61.8,106.1,106.1,52.1
89.2,95.3,76.1,62.7,62.7,105.7,105.7,51.3
94.2,93.3,75.5,62.6,62.6,105.2,105.2,50.8
96.3,93.8,76.3,61.8,61.8,106.4,106.4,51.0
96.5,91.2,74.5,62.4,62.4,106.6,106.6,50.7
94.1,95.2,73.8,62.1,62.1,106.2,106.2,51.5
85.6,104.4,73.4,61.8,61.8,106.1,106.1,51.6
78.0,88.7,74.1,62.2,62.2,105.1,105.1,52.4
83.5,94.5,74.4,62.1,62.1,105.8,105.8,52.3
91.1,100.5,68.4,72.8,72.8,106.0,106.0,51.8
100.7,103.5,74.3,64.1,64.1,104.5,104.5,52.5
107.3,99.9,74.2,64.1,64.1,105.2,105.2,51.7
108.9,98.4,74.6,64.0,64.0,106.6,106.6,50.7
109.0,97.8,75.1,64.5,64.5,106.9,106.9,50.0
108.1,97.8,75.5,64.4,64.4,105.8,105.8,50.7
107.1,97.1,75.2,64.3,64.3,104.6,104.6,50.7
103.7,96.1,75.6,64.4,64.4,105.3,105.3,51.3
101.9,94.8,74.5,63.9,63.9,105.1,105.1,51.5
101.6,94.8,74.8,66.0,66.0,104.6,104.6,50.9
98.1,99.1,75.4,63.7,63.7,104.7,104.7,51.2
95.6,97.8,75.4,63.3,63.3,106.2,106.2,50.5
92.2,97.6,75.3,61.7,61.7,107.8,107.8,49.9
92.9,98.0,74.7,61.9,61.9,107.6,107.6,49.9
91.8,98.8,75.0,61.6,61.6,108.0,108.0,50.0
90.3,100.1,75.1,62.4,62.4,107.5,107.5,50.0
87.9,97.3,75.2,62.4,62.4,107.6,107.6,50.4
87.4,95.6,76.6,61.2,61.2,108.6,108.6,49.8
88.3,95.0,76.6,62.7,62.7,106.3,106.3,50.3
91.9,93.1,75.4,64.0,64.0,106.3,106.3,49.1
93.7,93.2,74.9,60.5,60.5,108.6,108.6,49.3
94.0,92.4,75.3,63.0,63.0,106.7,106.7,49.2
95.2,92.3,75.7,61.4,61.4,106.5,106.5,49.1
96.5,94.0,74.9,62.0,62.0,106.6,106.6,48.4
94.8,97.3,75.6,62.2,62.2,105.8,105.8,49.0
93.7,103.2,73.7,62.3,62.3,105.4,105.4,50.6
81.9,95.7,73.0,63.0,63.0,106.0,106.0,50.5
80.2,88.2,72.1,62.7,62.7,107.1,107.1,50.3
86.6,109.1,72.3,64.1,64.1,106.0,106.0,49.4
99.3,101.2,72.1,64.0,64.0,106.2,106.2,50.1
101.7,107.0,72.0,65.4,65.4,107.0,107.0,50.7
107.6,102.8,71.9,65.5,65.5,107.3,107.3,50.4
108.3,98.4,71.9,65.4,65.4,107.7,107.7,50.4
103.1,101.7,71.8,64.6,64.6,106.8,106.8,51.1
107.7,94.9,72.8,64.8,64.8,106.6,106.6,50.2
107.0,96.3,73.8,66.7,66.7,106.6,106.6,49.8
105.0,95.4,74.1,64.7,64.7,106.4,106.4,49.3
104.5,96.3,74.7,65.5,65.5,106.9,106.9,49.6
102.9,93.3,74.5,64.0,64.0,106.9,106.9,49.4
98.7,99.9,75.1,64.5,64.5,106.7,106.7,49.1
94.8,95.7,75.0,63.3,63.3,107.0,107.0,49.4
94.5,94.3,74.9,63.1,63.1,106.0,106.0,50.0
93.1,97.7,74.3,63.6,63.6,104.8,104.8,50.2
91.1,98.1,74.9,64.1,64.1,105.5,105.5,49.8
89.2,98.0,75.3,62.8,62.8,106.5,106.5,49.6
88.7,95.7,76.3,62.4,62.4,106.8,106.8,49.1
89.6,93.7,75.4,61.7,61.7,106.4,106.4,49.8
91.2,94.4,76.9,62.2,62.2,105.9,105.9,49.7
91.8,92.0,77.6,62.0,62.0,105.1,105.1,49.8
93.5,91.5,75.3,61.4,61.4,107.0,107.0,49.1
96.4,92.2,76.6,61.1,61.1,107.3,107.3,48.6
96.7,90.0,75.6,60.2,60.2,108.5,108.5,49.2
94.0,96.8,75.5,59.8,59.8,108.6,108.6,48.2
90.9,98.4,75.3,62.4,62.4,106.0,106.0,48.2
81.0,87.4,75.3,60.8,60.8,106.4,106.4,48.4
85.5,100.7,74.6,63.3,63.3,105.1,105.1,49.0
97.3,112.6,73.4,64.7,64.7,103.4,103.4,49.1
103.6,104.1,73.3,64.8,64.8,103.4,103.4,49.6
107.7,103.3,72.5,64.5,64.5,103.4,103.4,50.6
108.7,97.8,73.6,64.2,64.2,105.2,105.2,48.6
111.8,95.0,74.4,66.2,66.2,105.2,105.2,48.6
108.9,92.7,74.4,65.7,65.7,106.7,106.7,48.7
106.7,97.4,74.3,65.6,65.6,106.0,106.0,49.9
107.4,94.5,74.8,63.3,63.3,107.3,107.3,50.1
104.1,96.0,74.2,63.5,63.5,105.5,105.5,50.5
101.8,96.5,74.7,63.9,63.9,104.1,104.1,51.1
98.7,99.0,74.2,64.1,64.1,105.5,105.5,50.5
95.9,94.9,74.7,64.5,64.5,104.6,104.6,51.1
97.1,96.7,75.0,65.0,65.0,104.9,104.9,50.2
94.3,97.8,74.9,64.6,64.6,104.8,104.8,50.8
91.7,97.5,73.9,64.0,64.0,105.3,105.3,51.0
89.2,97.9,75.0,63.6,63.6,105.8,105.8,50.3
89.9,96.8,76.6,62.8,62.8,105.7,105.7,50.4
89.1,95.3,75.9,62.9,62.9,105.6,105.6,49.8
90.1,95.2,75.4,63.3,63.3,104.0,104.0,51.0
90.8,93.8,75.4,64.8,64.8,104.1,104.1,50.7
94.2,91.4,75.8,64.3,64.3,105.2,105.2,49.9
94.5,92.1,75.6,64.0,64.0,104.8,104.8,50.5
95.1,89.3,74.9,64.0,64.0,105.6,105.6,50.9
96.9,88.6,67.7,64.5,64.5,105.1,105.1,52.5
93.6,96.5,71.3,63.5,63.5,104.5,104.5,54.5
81.8,94.1,71.5,63.7,63.7,104.7,104.7,55.8
79.3,90.0,71.1,64.8,64.8,101.9,101.9,56.0
89.0,97.9,71.3,64.0,64.0,102.8,102.8,55.9
100.7,101.7,72.0,63.8,63.8,102.5,102.5,56.3
106.7,100.8,72.0,63.9,63.9,104.2,104.2,54.3
110.6,93.9,72.4,65.6,65.6,104.5,104.5,52.5
108.6,94.3,73.8,66.8,66.8,105.7,105.7,50.1
106.2,98.6,74.2,67.7,67.7,106.0,106.0,50.0
105.1,103.2,69.0,66.2,66.2,105.9,105.9,52.2
101.8,101.1,69.3,66.2,66.2,106.1,106.1,51.7
100.4,100.9,73.2,63.7,63.7,107.1,107.1,52.4
97.3,102.6,73.9,63.5,63.5,104.4,104.4,54.2
96.9,102.1,75.6,63.0,63.0,103.1,103.1,56.3
93.7,101.2,76.5,62.6,62.6,102.6,102.6,56.6
91.4,101.1,76.1,62.1,62.1,101.7,101.7,53.0
90.4,99.1,75.2,63.1,63.1,101.3,101.3,52.3
93.1,98.8,73.2,63.2,63.2,101.1,101.1,53.8
92.6,97.1,75.2,61.2,61.2,100.3,100.3,55.0
92.5,99.2,76.5,57.1,57.1,94.7,94.7,58.3
91.9,98.2,75.8,54.3,54.3,92.1,92.1,60.3
93.6,95.6,76.2,54.2,54.2,89.3,89.3,58.8
94.7,95.5,71.2,57.0,57.0,82.1,82.1,61.3
95.3,94.0,70.5,55.3,55.3,80.7,80.7,58.1
95.4,96.8,71.3,53.8,53.8,86.7,86.7,48.0
95.6,95.2,70.8,53.1,53.1,79.6,79.6,42.1
95.6,95.0,69.3,52.2,52.2,82.3,82.3,36.5
93.2,90.8,71.9,52.9,52.9,89.8,89.8,35.0
83.5,84.0,70.8,53.1,53.1,90.3,90.3,34.1
87.2,94.2,70.0,54.6,54.6,88.3,88.3,36.4
101.5,94.1,70.5,56.3,56.3,88.1,88.1,38.0
108.9,96.9,70.4,57.2,57.2,89.4,89.4,30.6
110.0,96.3,71.4,57.7,57.7,87.9,87.9,32.5
108.1,96.2,71.2,58.4,58.4,87.2,87.2,36.2
109.2,94.1,71.6,59.0,59.0,86.3,86.3,38.8
108.5,94.7,71.5,59.2,59.2,88.7,88.7,35.9
109.4,96.5,70.7,58.9,58.9,82.7,82.7,46.2
111.0,96.9,70.1,59.5,59.5,79.7,79.7,52.5
109.9,99.3,69.2,58.3,58.3,81.3,81.3,54.3
110.3,97.3,74.4,53.5,53.5,81.4,81.4,53.9
108.5,97.7,74.0,51.9,51.9,78.3,78.3,55.8
106.8,97.7,70.4,55.5,55.5,82.2,82.2,56.6
107.5,100.0,71.2,54.1,54.1,82.9,82.9,55.4
105.9,99.6,69.8,54.3,54.3,82.9,82.9,55.1
107.8,101.3,71.4,53.8,53.8,81.9,81.9,54.1
101.7,100.7,73.6,50.5,50.5,82.6,82.6,54.4
99.8,99.0,73.1,51.1,51.1,83.2,83.2,54.3
99.2,97.5,73.5,50.8,50.8,85.4,85.4,53.2
98.1,97.5,72.2,51.1,51.1,85.8,85.8,54.1
96.9,97.0,73.3,51.2,51.2,84.4,84.4,57.8
92.5,99.6,73.0,53.4,53.4,85.7,85.7,57.4
92.9,98.4,72.5,55.0,55.0,86.9,86.9,56.3
90.3,100.8,72.6,56.2,56.2,87.5,87.5,57.5
91.1,101.4,71.9,56.6,56.6,88.7,88.7,58.6
90.1,99.8,72.4,57.2,57.2,88.2,88.2,57.8
90.5,98.6,71.9,56.2,56.2,88.8,88.8,57.5
90.4,100.7,72.0,55.8,55.8,87.6,87.6,57.6
91.0,98.2,71.8,57.0,57.0,87.8,87.8,56.9
91.6,99.5,72.2,56.6,56.6,85.8,85.8,58.6
95.4,95.4,72.7,57.1,57.1,85.6,85.6,58.7
95.2,97.5,72.2,56.0,56.0,85.6,85.6,57.9
94.8,99.5,72.3,57.0,57.0,86.4,86.4,57.9
85.3,95.7,73.0,56.7,56.7,87.4,87.4,57.3
85.4,80.6,72.8,57.6,57.6,87.9,87.9,55.4
102.1,69.3,73.8,57.8,57.8,89.4,89.4,54.3
107.4,76.2,72.8,56.8,56.8,90.4,90.4,54.6
107.2,73.9,70.7,57.2,57.2,88.7,88.7,55.3
109.0,75.7,70.1,56.6,56.6,89.6,89.6,55.7
107.9,73.0,69.3,56.1,56.1,88.0,88.0,56.9
111.7,69.9,69.8,55.8,55.8,90.9,90.9,53.4
110.6,63.9,69.2,56.9,56.9,90.2,90.2,56.0
106.2,68.8,68.6,55.8,55.8,91.1,91.1,55.8
91.1,77.4,72.8,54.7,54.7,92.3,92.3,58.5
89.4,88.8,72.5,54.1,54.1,92.0,92.0,58.6
103.0,92.3,72.7,54.3,54.3,91.2,91.2,58.6
107.6,98.6,69.0,55.1,55.1,90.3,90.3,58.9
108.3,100.4,70.6,54.2,54.2,90.3,90.3,58.6
106.3,100.4,70.1,56.4,56.4,88.9,88.9,55.6
106.1,99.2,70.1,56.3,56.3,88.5,88.5,56.8
108.0,98.8,70.6,56.2,56.2,88.6,88.6,56.3
105.7,97.1,70.8,54.8,54.8,88.0,88.0,55.5
108.0,98.0,70.9,55.5,55.5,87.2,87.2,57.6
105.4,97.9,70.3,54.4,54.4,87.1,87.1,57.1
105.9,92.8,70.1,54.6,54.6,86.5,86.5,57.2
104.5,93.0,70.8,54.7,54.7,87.1,87.1,57.3
107.0,91.2,72.5,54.2,54.2,87.0,87.0,57.3
102.5,92.4,72.9,54.0,54.0,86.4,86.4,57.6
101.1,93.4,72.4,54.0,54.0,88.1,88.1,56.2
99.3,95.5,73.0,54.1,54.1,88.9,88.9,56.4
97.0,91.6,72.7,54.1,54.1,91.6,91.6,54.8
92.3,94.9,72.5,53.5,53.5,89.9,89.9,55.4
91.4,96.7,72.2,53.8,53.8,91.5,91.5,54.8
91.9,99.6,69.9,53.7,53.7,90.6,90.6,56.0
94.1,98.3,69.4,54.0,54.0,89.9,89.9,56.4
93.7,100.2,70.0,54.1,54.1,88.5,88.5,56.2
94.9,98.8,69.0,54.5,54.5,87.9,87.9,55.9
97.9,102.3,71.2,53.3,53.3,88.7,88.7,55.8
104.1,95.0,70.6,53.1,53.1,86.8,86.8,56.5
101.4,96.5,71.5,51.0,51.0,86.2,86.2,55.6
99.7,100.4,69.6,51.1,51.1,82.9,82.9,54.3
101.7,95.7,65.7,50.9,50.9,79.3,79.3,49.6
99.8,99.6,60.4,51.1,51.1,79.5,79.5,42.7
99.7,100.8,57.4,50.5,50.5,77.2,77.2,46.8
98.9,98.8,58.2,48.9,48.9,77.8,77.8,47.5
95.0,97.6,58.2,49.5,49.5,79.3,79.3,41.8
98.0,102.6,57.8,50.9,50.9,75.5,75.5,46.1
100.8,99.1,56.6,52.1,52.1,75.7,75.7,42.8
99.9,101.4,55.3,48.4,48.4,76.0,76.0,33.1
106.7,100.2,54.9,47.4,47.4,74.0,74.0,29.0
110.7,98.4,54.2,47.7,47.7,73.1,73.1,34.1
114.0,98.3,56.8,47.6,47.6,70.8,70.8,37.5
111.7,95.9,56.5,47.5,47.5,71.6,71.6,35.8
111.5,94.4,52.2,47.6,47.6,70.7,70.7,33.1
111.0,92.9,54.5,48.9,48.9,68.3,68.3,31.9
112.4,94.8,53.7,46.1,46.1,65.7,65.7,30.5
111.1,92.7,54.0,46.4,46.4,64.7,64.7,31.2
111.3,92.7,54.7,46.7,46.7,63.7,63.7,33.1
112.0,88.6,54.3,47.1,47.1,63.7,63.7,37.8
111.4,88.8,54.9,50.9,50.9,57.1,57.1,38.6
111.9,86.5,53.5,51.2,51.2,57.8,57.8,37.7
112.6,88.0,53.4,46.5,46.5,65.1,65.1,35.9
114.2,89.2,53.4,46.8,46.8,64.6,64.6,36.3
114.8,87.9,51.7,49.1,49.1,69.1,69.1,38.2
113.9,90.8,51.0,49.7,49.7,62.2,62.2,38.3
111.0,93.0,51.4,43.2,43.2,63.5,63.5,37.2
102.0,98.0,54.1,42.9,42.9,59.8,59.8,43.7
98.7,95.5,50.9,40.5,40.5,66.7,66.7,38.1
97.2,95.2,49.0,43.7,43.7,91.1,91.1,76.0
97.2,92.1,53.1,42.9,42.9,63.4,63.4,42.4
93.3,94.9,50.6,43.3,43.3,95.3,95.3,78.2
90.7,95.5,50.2,42.3,42.3,102.0,102.0,82.4
89.6,88.4,48.6,45.1,45.1,99.0,99.0,81.8
91.0,81.8,51.8,45.4,45.4,102.5,102.5,88.1
93.5,80.5,54.9,44.6,44.6,95.1,95.1,76.4
101.9,66.2,53.2,46.1,46.1,91.7,91.7,76.6
112.9,85.6,53.9,47.3,47.3,69.6,69.6,46.0
114.6,88.8,54.5,47.2,47.2,59.0,59.0,39.2
114.3,96.5,54.0,47.7,47.7,59.2,59.2,30.6
113.4,92.8,54.2,47.8,47.8,62.4,62.4,32.6
114.6,91.0,55.6,49.4,49.4,62.6,62.6,32.4
114.4,89.4,54.2,47.1,47.1,65.0,65.0,28.4
112.4,84.0,53.8,46.3,46.3,65.8,65.8,27.8
111.6,81.4,54.9,49.7,49.7,60.7,60.7,27.7
116.4,76.6,53.6,46.4,46.4,66.3,66.3,29.4
114.2,73.7,53.7,47.4,47.4,65.8,65.8,29.7
117.4,70.1,55.1,46.6,46.6,66.3,66.3,29.2
116.3,66.3,52.8,45.5,45.5,65.1,65.1,34.6
118.4,63.4,52.7,45.7,45.7,62.0,62.0,29.7
117.4,61.7,51.4,46.1,46.1,57.4,57.4,25.8
116.3,58.2,53.0,45.7,45.7,86.0,86.0,60.4
114.4,56.7,54.6,43.9,43.9,58.7,58.7,27.9
112.8,63.7,55.1,46.4,46.4,57.7,57.7,23.8
114.4,64.4,56.9,43.7,43.7,57.5,57.5,23.5
112.8,60.8,53.9,46.0,46.0,57.3,57.3,31.0
113.5,59.4,54.1,46.2,46.2,56.9,56.9,30.8
113.2,57.0,58.0,43.5,43.5,55.2,55.2,29.8
112.1,53.8,54.5,46.9,46.9,55.5,55.5,29.7
112.5,55.5,56.5,44.7,44.7,53.2,53.2,26.6
107.8,58.3,58.8,44.7,44.7,81.8,81.8,63.8
107.4,58.6,57.2,46.6,46.6,86.4,86.4,69.8
101.9,66.8,56.3,46.2,46.2,88.8,88.8,72.1
105.6,62.3,55.3,43.9,43.9,90.9,90.9,70.7
99.6,65.3,54.3,47.5,47.5,89.3,89.3,70.6
98.9,71.3,54.0,47.4,47.4,90.1,90.1,78.2
95.2,74.2,53.2,44.4,44.4,92.6,92.6,79.0
95.2,76.9,53.2,48.2,48.2,90.7,90.7,80.3
94.1,74.0,53.4,48.4,48.4,93.8,93.8,82.6
96.3,63.9,50.8,44.3,44.3,99.6,99.6,85.2
100.9,56.3,53.4,45.5,45.5,97.7,97.7,89.5
90.0,55.3,57.1,40.2,40.2,100.0,100.0,88.5
82.0,63.2,51.9,48.0,48.0,96.5,96.5,79.5
98.0,85.6,52.1,47.2,47.2,97.7,97.7,76.2
96.5,83.8,53.1,51.6,51.6,94.0,94.0,74.0
103.8,80.3,57.5,47.7,47.7,52.4,52.4,18.2
106.1,79.8,57.1,48.1,48.1,53.8,53.8,21.6
107.1,73.9,59.7,47.6,47.6,51.7,51.7,18.5
106.6,76.0,58.8,47.0,47.0,51.6,51.6,18.4
107.1,71.0,57.8,48.8,48.8,50.5,50.5,19.1
103.4,75.9,54.5,45.8,45.8,58.4,58.4,17.9
109.7,68.3,53.9,44.3,44.3,57.8,57.8,18.9
113.6,65.5,53.2,47.8,47.8,52.8,52.8,20.2
112.6,62.7,53.4,44.0,44.0,57.5,57.5,24.2
114.6,62.5,53.0,47.9,47.9,100.1,100.1,76.5
116.5,61.3,52.2,49.3,49.3,54.8,54.8,23.4
116.0,57.3,54.7,50.8,50.8,51.5,51.5,16.6
112.3,58.1,59.5,47.6,47.6,53.1,53.1,17.7
100.0,73.4,58.9,47.5,47.5,54.3,54.3,18.0
86.6,82.1,59.4,44.7,44.7,60.1,60.1,19.6
88.4,92.1,62.0,50.2,50.2,54.8,54.8,16.0
91.0,96.7,58.8,46.4,46.4,60.0,60.0,20.1
87.2,101.4,57.5,43.2,43.2,56.9,56.9,21.1
96.0,106.3,53.3,38.7,38.7,61.0,61.0,22.8
94.7,110.3,43.0,50.2,50.2,62.1,62.1,18.7
95.7,107.7,47.2,41.6,41.6,118.0,118.0,101.3
94.9,111.4,50.6,41.7,41.7,119.7,119.7,106.2
104.4,98.3,50.7,43.0,43.0,127.0,127.0,109.8
95.8,94.3,50.2,42.4,42.4,69.6,69.6,29.9
99.8,76.0,52.7,42.6,42.6,111.9,111.9,82.2
102.4,76.4,49.2,43.5,43.5,112.1,112.1,85.9
108.7,66.6,47.8,47.8,47.8,111.1,111.1,82.8
117.1,89.6,48.2,48.6,48.6,111.3,111.3,80.2
115.7,84.0,51.5,50.9,50.9,107.5,107.5,74.8
112.9,81.7,56.8,49.1,49.1,105.9,105.9,78.3
113.8,80.6,53.0,50.4,50.4,67.0,67.0,21.6
115.2,77.9,58.4,45.0,45.0,67.7,67.7,23.6
114.8,80.8,56.4,46.4,46.4,67.3,67.3,25.3
113.2,88.7,55.5,46.5,46.5,64.9,64.9,21.0
110.5,91.7,54.0,47.7,47.7,64.8,64.8,21.0
110.5,86.0,54.5,48.2,48.2,66.4,66.4,20.1
109.4,82.8,52.7,49.4,49.4,67.9,67.9,19.2
113.8,84.3,54.7,49.7,49.7,70.1,70.1,19.4
112.8,87.7,55.3,51.5,51.5,68.3,68.3,19.2
114.9,84.6,58.7,49.6,49.6,71.2,71.2,21.2
115.8,86.6,58.8,49.4,49.4,71.5,71.5,22.3
113.1,91.0,57.3,53.1,53.1,71.8,71.8,22.4
115.2,88.3,56.4,52.2,52.2,73.9,73.9,22.2
112.9,82.5,55.5,51.2,51.2,73.5,73.5,22.1
112.5,89.6,55.7,50.9,50.9,72.8,72.8,22.2
112.7,86.9,56.2,50.5,50.5,70.8,70.8,26.9
110.2,85.5,56.4,51.3,51.3,71.9,71.9,29.4
110.8,89.1,56.4,51.5,51.5,72.7,72.7,31.2
112.2,86.2,57.0,49.5,49.5,77.2,77.2,31.7
113.7,80.4,57.1,48.3,48.3,79.6,79.6,31.4
115.8,85.4,56.6,49.0,49.0,79.9,79.9,30.0
113.3,83.8,53.8,48.9,48.9,78.8,78.8,32.4
113.3,84.0,53.3,48.7,48.7,79.9,79.9,32.2
112.7,81.7,54.1,48.4,48.4,80.6,80.6,33.4
113.6,80.8,54.8,48.5,48.5,81.0,81.0,35.5
110.6,82.0,55.8,48.1,48.1,82.5,82.5,37.9
112.2,79.6,56.1,49.5,49.5,82.5,82.5,40.0
113.2,85.6,57.3,50.0,50.0,82.1,82.1,42.0
110.6,81.5,59.0,48.3,48.3,82.4,82.4,43.0
114.8,80.3,57.6,47.7,47.7,80.7,80.7,41.0
116.3,78.3,57.8,49.3,49.3,77.8,77.8,32.6
113.2,81.0,57.2,50.1,50.1,76.3,76.3,26.4
111.5,79.9,55.3,49.1,49.1,78.3,78.3,23.6
112.8,81.7,56.8,49.1,49.1,79.1,79.1,23.0
111.6,79.4,58.0,50.0,50.0,79.0,79.0,23.3
111.6,79.5,58.4,49.2,49.2,75.9,75.9,21.5
115.1,75.7,58.0,49.2,49.2,73.6,73.6,20.8
113.0,76.3,57.4,48.2,48.2,74.3,74.3,19.3
114.6,77.6,57.7,44.4,44.4,75.5,75.5,19.1
114.6,73.6,56.7,49.9,49.9,73.5,73.5,18.7
113.5,73.8,55.6,49.8,49.8,72.3,72.3,15.8
110.9,70.5,55.4,49.1,49.1,70.6,70.6,16.6
111.8,70.2,57.5,48.3,48.3,65.5,65.5,15.7
110.6,66.9,55.6,47.0,47.0,68.9,68.9,15.4
110.2,68.5,57.5,48.5,48.5,67.6,67.6,15.9
112.6,65.2,55.8,47.8,47.8,64.2,64.2,17.4
112.0,60.5,55.0,47.9,47.9,61.6,61.6,18.6
112.6,66.8,57.9,49.9,49.9,60.3,60.3,17.5
113.6,67.8,56.7,47.9,47.9,61.6,61.6,19.2
112.0,66.8,55.7,45.0,45.0,63.3,63.3,20.3
115.3,59.7,55.7,46.3,46.3,62.9,62.9,19.6
111.5,61.6,56.1,50.1,50.1,57.5,57.5,21.2
111.3,56.6,57.7,47.7,47.7,58.1,58.1,16.9
111.8,56.4,58.8,46.8,46.8,58.2,58.2,17.2
112.9,55.4,56.3,46.9,46.9,59.3,59.3,20.6
112.9,49.5,58.5,47.0,47.0,58.9,58.9,22.5
112.6,53.2,57.0,49.6,49.6,58.9,58.9,17.4
111.5,62.7,57.0,49.7,49.7,58.9,58.9,18.2
108.5,73.5,57.6,49.9,49.9,60.9,60.9,18.0
111.7,70.8,56.7,49.1,49.1,62.9,62.9,18.1
113.2,66.0,55.9,49.8,49.8,62.1,62.1,19.0
110.7,65.0,55.4,49.8,49.8,61.3,61.3,18.9
109.9,62.1,56.9,50.4,50.4,61.9,61.9,18.1
109.7,62.3,57.0,47.8,47.8,61.3,61.3,16.8
110.9,57.7,55.2,46.6,46.6,62.1,62.1,17.4
112.0,54.2,55.4,47.2,47.2,62.0,62.0,17.6
109.7,53.0,57.2,47.8,47.8,65.9,65.9,21.1
109.2,49.4,58.1,49.9,49.9,67.2,67.2,20.7
109.4,48.6,58.1,50.3,50.3,68.0,68.0,19.7
106.6,60.4,59.2,50.2,50.2,68.3,68.3,19.8
107.7,73.4,57.8,49.7,49.7,71.3,71.3,19.7
111.6,73.4,57.4,51.2,51.2,66.2,66.2,19.3
114.5,69.4,56.8,51.5,51.5,65.1,65.1,19.1
114.7,65.4,56.9,50.8,50.8,65.8,65.8,18.9
115.7,63.2,57.9,52.0,52.0,63.8,63.8,18.2
112.9,63.3,55.0,50.2,50.2,63.6,63.6,18.7
114.8,63.3,56.7,48.0,48.0,62.7,62.7,17.6
115.9,62.0,56.9,48.2,48.2,61.9,61.9,18.4
112.9,60.5,56.7,49.2,49.2,62.4,62.4,19.9
114.9,54.9,58.3,46.8,46.8,68.8,68.8,18.2
184.7,168.9,56.3,46.3,46.3,71.1,71.1,20.3
191.4,174.7,56.0,49.7,49.7,71.9,71.9,17.8
127.5,83.7,53.2,53.1,53.1,77.2,77.2,19.6
132.3,72.8,55.2,55.2,55.2,80.8,80.8,19.6
123.9,78.6,54.1,54.2,54.2,80.2,80.2,19.2
192.7,265.0,55.7,53.2,53.2,74.3,74.3,18.8
121.1,79.7,54.8,48.5,48.5,68.7,68.7,19.8
126.8,71.7,56.6,46.6,46.6,67.5,67.5,15.5
125.8,65.8,57.8,46.0,46.0,66.5,66.5,16.2
125.0,60.4,57.7,49.4,49.4,61.7,61.7,16.4
122.2,59.5,56.7,48.1,48.1,61.9,61.9,17.1
124.6,48.2,56.8,47.8,47.8,61.7,61.7,17.0
121.8,46.8,52.9,47.9,47.9,61.6,61.6,17.3
108.8,54.4,55.8,48.7,48.7,62.3,62.3,14.5
104.6,69.6,56.7,48.5,48.5,63.9,63.9,14.3
107.8,79.3,56.8,48.6,48.6,68.0,68.0,17.5
115.1,86.2,56.9,48.2,48.2,68.1,68.1,18.0
117.1,84.2,54.0,48.6,48.6,67.5,67.5,18.7
115.4,84.9,53.9,46.7,46.7,67.9,67.9,17.7
116.1,79.6,54.4,50.4,50.4,63.6,63.6,17.2
113.9,79.1,54.7,49.9,49.9,62.7,62.7,18.4
114.6,75.1,55.8,48.8,48.8,62.9,62.9,18.3
118.5,70.7,55.4,49.0,49.0,61.1,61.1,19.2
114.6,68.3,54.5,48.6,48.6,60.4,60.4,19.7
114.2,66.5,54.4,49.0,49.0,58.9,58.9,18.1
112.5,58.1,54.0,49.6,49.6,59.9,59.9,18.7
110.3,58.8,53.7,50.1,50.1,57.7,57.7,18.4
96.2,70.1,54.9,49.6,49.6,57.9,57.9,18.0
96.5,83.4,55.3,49.5,49.5,59.9,59.9,18.8
105.0,91.5,55.1,48.9,48.9,62.0,62.0,20.4
106.6,92.4,56.1,49.2,49.2,63.1,63.1,20.0
110.7,95.5,55.8,49.8,49.8,63.3,63.3,17.3
110.9,93.7,55.7,50.0,50.0,63.7,63.7,19.2
110.7,88.9,55.6,49.3,49.3,63.7,63.7,19.5
108.2,90.5,56.8,48.1,48.1,63.4,63.4,19.7
109.1,87.0,56.9,48.0,48.0,63.4,63.4,19.4
110.7,83.1,57.4,46.8,46.8,63.6,63.6,19.4
110.3,81.7,56.2,46.9,46.9,64.2,64.2,18.6
109.9,80.0,55.6,47.2,47.2,60.8,60.8,15.8
110.7,73.9,55.5,47.3,47.3,61.1,61.1,15.6
110.6,71.7,56.3,47.5,47.5,60.7,60.7,15.7
110.1,68.4,56.3,47.8,47.8,61.4,61.4,16.0
109.9,69.3,56.5,47.5,47.5,61.4,61.4,15.9
107.0,67.4,56.3,47.4,47.4,61.8,61.8,15.7
104.3,64.9,55.9,47.9,47.9,62.0,62.0,15.5
103.1,67.3,55.7,48.1,48.1,61.5,61.5,15.6
99.8,67.0,55.4,48.8,48.8,62.8,62.8,16.2
99.1,65.7,54.5,48.9,48.9,62.4,62.4,15.9
97.2,63.9,54.6,48.6,48.6,62.7,62.7,16.3
98.1,62.9,55.0,48.2,48.2,62.2,62.2,16.1
100.1,58.8,54.9,48.7,48.7,61.9,61.9,17.9
101.7,56.0,54.9,48.5,48.5,61.9,61.9,15.9
100.8,55.6,54.9,48.4,48.4,61.9,61.9,17.9
97.6,60.0,54.8,48.2,48.2,61.7,61.7,18.0
97.9,59.2,54.8,48.1,48.1,62.1,62.1,18.0
97.3,57.4,54.5,48.0,48.0,61.7,61.7,17.9
94.1,62.2,54.9,48.2,48.2,60.9,60.9,18.1
92.8,79.2,54.7,47.7,47.7,61.3,61.3,18.0
97.3,86.3,54.6,47.6,47.6,61.2,61.2,17.9
99.3,88.9,53.8,48.4,48.4,61.2,61.2,18.4
101.1,89.9,54.1,48.1,48.1,61.7,61.7,18.4
100.4,87.0,54.3,48.1,48.1,63.0,63.0,18.0
103.1,87.6,54.1,47.9,47.9,63.4,63.4,16.1
101.3,85.5,54.3,47.2,47.2,62.7,62.7,16.2
100.6,86.7,54.1,47.3,47.3,62.7,62.7,16.5
104.4,84.7,54.6,47.0,47.0,62.8,62.8,16.4
102.8,85.6,53.5,47.3,47.3,62.9,62.9,16.3
101.4,85.6,53.5,47.4,47.4,61.9,61.9,16.1
100.5,82.7,54.4,47.6,47.6,62.2,62.2,16.4
101.5,83.2,54.4,47.5,47.5,62.2,62.2,16.2
101.8,82.2,54.8,48.0,48.0,61.4,61.4,16.2
100.2,82.4,55.0,48.4,48.4,60.9,60.9,16.2
100.3,81.9,55.5,48.2,48.2,59.9,59.9,16.0
99.2,80.0,55.0,49.2,49.2,59.4,59.4,18.3
100.1,77.1,54.2,49.1,49.1,59.1,59.1,18.4
98.2,78.8,54.2,49.3,49.3,59.1,59.1,18.4
98.4,76.5,55.0,48.6,48.6,59.7,59.7,16.5
97.8,76.9,55.1,47.7,47.7,59.9,59.9,16.7
97.2,74.8,55.8,47.6,47.6,60.7,60.7,16.5
97.7,74.9,56.2,47.6,47.6,60.3,60.3,16.6
97.4,73.1,56.7,47.9,47.9,60.6,60.6,16.4
98.2,71.1,55.8,47.8,47.8,60.6,60.6,16.4
97.8,70.3,55.9,49.4,49.4,60.6,60.6,16.5
97.9,69.1,56.0,47.6,47.6,60.5,60.5,16.4
96.9,66.9,56.2,47.9,47.9,60.6,60.6,16.3
95.3,65.0,56.7,47.9,47.9,60.9,60.9,16.2
94.9,64.2,56.9,49.0,49.0,61.3,61.3,16.6
94.5,64.3,56.8,49.2,49.2,61.4,61.4,16.5
96.0,61.9,56.4,49.0,49.0,61.4,61.4,16.5
96.9,63.4,56.0,48.3,48.3,59.6,59.6,18.7
96.8,66.4,55.6,47.4,47.4,59.4,59.4,18.8
95.9,66.6,55.3,49.1,49.1,59.6,59.6,19.2
95.0,65.8,55.1,49.4,49.4,59.7,59.7,18.7
91.7,76.1,55.2,48.4,48.4,61.7,61.7,18.3
97.8,87.3,55.0,48.3,48.3,62.2,62.2,17.3
105.9,82.9,56.4,46.0,46.0,62.6,62.6,17.1
108.2,82.5,57.3,46.8,46.8,61.9,61.9,17.9
109.6,79.2,58.3,46.7,46.7,65.3,65.3,19.0
109.1,79.9,55.7,46.2,46.2,65.3,65.3,19.2
108.0,77.8,55.2,46.2,46.2,64.8,64.8,17.8
105.9,75.7,54.8,46.7,46.7,65.0,65.0,19.1
108.1,73.7,55.2,46.6,46.6,65.7,65.7,19.2
107.7,76.9,58.3,46.8,46.8,65.1,65.1,18.6
108.8,73.6,57.5,46.0,46.0,66.6,66.6,18.8
109.7,73.9,56.1,46.4,46.4,65.8,65.8,18.7
109.3,70.3,55.4,46.6,46.6,62.6,62.6,18.6
108.5,70.4,56.3,46.8,46.8,65.6,65.6,18.0
108.3,69.4,57.4,46.3,46.3,65.6,65.6,18.1
109.9,64.3,55.2,46.1,46.1,64.9,64.9,17.2
109.7,65.6,55.8,46.5,46.5,65.2,65.2,18.0
110.5,63.5,55.6,46.4,46.4,65.5,65.5,18.0
109.0,61.2,58.8,46.2,46.2,65.8,65.8,17.9
110.4,65.5,58.3,46.8,46.8,65.7,65.7,18.5
109.5,63.9,58.7,47.0,47.0,64.8,64.8,19.0
110.6,59.9,60.3,47.5,47.5,64.4,64.4,18.8
110.2,59.8,58.6,46.9,46.9,65.5,65.5,18.8
110.7,56.1,58.3,46.7,46.7,65.6,65.6,18.9
109.2,54.6,57.9,47.0,47.0,65.7,65.7,18.9
110.3,59.9,58.1,46.9,46.9,65.5,65.5,19.0
111.8,58.4,59.2,47.1,47.1,66.5,66.5,19.1
110.9,57.0,58.4,50.1,50.1,65.7,65.7,19.3
111.2,54.2,58.9,50.5,50.5,64.4,64.4,19.7
111.2,48.6,58.9,50.1,50.1,65.0,65.0,19.1
113.7,49.4,58.3,49.5,49.5,65.2,65.2,19.1
107.6,56.6,58.3,48.9,48.9,66.1,66.1,19.3
100.8,66.0,59.3,48.0,48.0,66.2,66.2,18.7
112.6,64.6,60.2,49.6,49.6,66.6,66.6,19.2
108.3,67.9,59.6,49.9,49.9,63.6,63.6,18.0
114.2,65.9,58.4,50.0,50.0,63.6,63.6,18.1
111.1,67.1,58.0,49.2,49.2,61.2,61.2,18.5
104.9,66.3,55.2,47.1,47.1,62.0,62.0,19.1
106.1,66.5,55.6,47.0,47.0,61.5,61.5,18.6
106.1,64.4,55.3,48.0,48.0,60.6,60.6,18.4
106.8,60.5,54.4,47.9,47.9,58.3,58.3,18.0
105.2,57.4,55.1,47.8,47.8,58.8,58.8,16.6
102.1,60.4,54.5,46.5,46.5,57.6,57.6,18.1
99.9,64.9,54.1,46.2,46.2,56.9,56.9,18.4
93.2,60.3,53.8,47.7,47.7,57.3,57.3,18.7
95.6,57.3,54.0,48.2,48.2,59.2,59.2,16.9
113.9,78.7,54.7,48.1,48.1,58.4,58.4,18.4
112.6,79.0,55.2,48.8,48.8,59.2,59.2,19.0
112.2,77.2,56.1,47.6,47.6,59.7,59.7,18.6
114.8,74.7,57.1,47.5,47.5,60.4,60.4,15.7
111.6,74.5,56.6,47.8,47.8,60.2,60.2,15.9
109.9,71.4,56.3,48.4,48.4,60.3,60.3,16.0
108.2,66.9,56.0,49.2,49.2,57.3,57.3,15.8
111.0,62.2,55.4,49.5,49.5,57.8,57.8,16.0
105.4,70.6,54.6,49.6,49.6,58.7,58.7,15.9
111.2,64.5,54.4,47.0,47.0,62.3,62.3,18.3
113.3,64.1,52.7,47.0,47.0,60.1,60.1,18.5
113.2,62.0,55.5,47.4,47.4,60.9,60.9,19.5
114.7,59.9,55.9,47.8,47.8,60.0,60.0,19.0
117.1,60.7,53.0,47.4,47.4,59.0,59.0,19.4
117.7,55.5,54.7,47.7,47.7,58.5,58.5,19.8
117.1,54.1,56.3,47.5,47.5,59.8,59.8,19.6
116.4,54.4,55.8,47.3,47.3,60.2,60.2,16.3
106.4,62.1,56.4,47.6,47.6,61.3,61.3,18.4
106.7,60.4,56.2,46.6,46.6,63.6,63.6,17.8
114.4,66.2,55.3,46.4,46.4,65.0,65.0,17.7
120.4,79.0,59.0,50.8,50.8,67.1,67.1,18.8
118.3,79.0,57.5,47.6,47.6,72.5,72.5,19.4
123.4,76.8,56.2,48.6,48.6,72.9,72.9,20.7
121.0,72.2,55.9,48.7,48.7,73.9,73.9,19.8
119.9,71.4,56.4,48.3,48.3,73.1,73.1,19.7
119.1,67.0,56.3,49.0,49.0,73.1,73.1,18.4
115.4,69.2,56.2,47.1,47.1,70.6,70.6,20.5
116.6,61.2,56.7,46.5,46.5,69.9,69.9,17.6
112.7,52.9,56.1,47.8,47.8,66.6,66.6,16.9
113.4,49.3,54.4,46.4,46.4,65.0,65.0,14.7
104.6,54.5,54.3,45.9,45.9,64.4,64.4,15.0
100.0,76.9,55.0,46.6,46.6,64.5,64.5,15.9
108.8,76.7,56.5,46.5,46.5,64.0,64.0,20.6
114.1,82.2,56.7,47.8,47.8,63.1,63.1,21.3
111.2,75.8,56.7,48.4,48.4,63.6,63.6,17.6
111.5,76.6,56.5,48.5,48.5,63.1,63.1,17.3
113.4,73.6,55.4,48.7,48.7,62.8,62.8,17.3
110.8,75.3,56.0,48.3,48.3,62.0,62.0,17.6
109.5,71.1,56.8,47.3,47.3,62.4,62.4,17.4
105.0,70.4,56.8,47.3,47.3,60.8,60.8,22.4
111.5,63.6,56.0,44.1,44.1,62.1,62.1,20.5
110.2,59.9,55.9,44.0,44.0,63.5,63.5,17.6
109.0,57.5,55.9,44.3,44.3,64.6,64.6,17.6
108.4,54.7,55.9,48.6,48.6,61.4,61.4,18.0
101.4,62.0,55.5,48.4,48.4,62.9,62.9,18.0
98.2,66.5,56.0,48.7,48.7,64.8,64.8,21.9
100.3,86.2,56.5,49.6,49.6,65.8,65.8,22.1
105.7,80.4,57.3,49.2,49.2,66.7,66.7,20.2
105.6,79.1,57.9,50.2,50.2,67.1,67.1,20.7
107.5,78.1,57.4,50.8,50.8,66.3,66.3,22.4
106.7,75.8,57.5,50.7,50.7,65.7,65.7,23.0
104.0,73.5,58.2,49.9,49.9,66.1,66.1,22.8
101.2,73.2,58.4,49.6,49.6,65.3,65.3,23.4
102.6,67.9,58.1,50.1,50.1,65.6,65.6,23.4
95.6,69.9,57.2,50.2,50.2,69.6,69.6,24.8
95.3,68.5,56.8,50.1,50.1,65.5,65.5,23.6
94.4,65.9,56.7,50.1,50.1,66.0,66.0,22.4
94.6,66.1,55.2,49.8,49.8,64.9,64.9,21.5
93.5,64.5,56.9,50.0,50.0,64.5,64.5,21.3
93.7,62.8,57.3,49.8,49.8,63.8,63.8,21.0
92.8,61.5,57.0,49.9,49.9,59.6,59.6,23.2
93.9,58.5,57.1,50.9,50.9,62.1,62.1,21.2
92.4,62.7,57.4,50.4,50.4,62.4,62.4,19.6
91.5,80.1,57.2,49.9,49.9,64.6,64.6,21.0
94.8,89.4,56.2,49.6,49.6,64.7,64.7,21.2
102.3,92.2,57.3,49.7,49.7,63.4,63.4,20.2
103.9,100.6,56.9,50.1,50.1,63.7,63.7,22.7
102.4,97.0,56.9,49.9,49.9,67.1,67.1,21.5
102.3,98.1,57.2,49.1,49.1,71.3,71.3,22.6
102.5,99.9,57.7,49.2,49.2,70.8,70.8,23.7
103.7,99.2,57.5,49.3,49.3,72.9,72.9,24.0
103.7,99.2,56.5,48.8,48.8,75.6,75.6,22.7
102.5,99.8,56.1,49.3,49.3,76.0,76.0,23.4
100.1,98.9,55.6,49.3,49.3,78.6,78.6,25.2
104.3,101.4,55.9,49.0,49.0,78.7,78.7,25.7
104.4,100.0,56.0,49.3,49.3,80.4,80.4,26.8
100.8,98.9,55.8,49.4,49.4,80.1,80.1,27.5
102.4,98.1,56.3,49.7,49.7,80.4,80.4,27.8
102.8,97.4,55.8,49.5,49.5,80.8,80.8,26.6
100.9,97.7,55.5,49.1,49.1,79.5,79.5,28.0
100.9,100.5,56.1,48.8,48.8,79.7,79.7,29.0
101.9,99.8,56.1,48.7,48.7,79.1,79.1,31.6
99.6,99.5,56.1,48.8,48.8,78.0,78.0,35.4
99.8,101.9,56.5,48.9,48.9,78.0,78.0,36.8
98.4,102.0,56.7,48.3,48.3,78.7,78.7,36.2
97.1,100.4,57.0,48.7,48.7,78.3,78.3,36.6
96.9,101.8,57.8,48.0,48.0,77.8,77.8,36.6
93.0,104.1,57.3,48.2,48.2,76.9,76.9,38.6
90.9,105.7,57.5,48.2,48.2,76.5,76.5,39.5
90.8,104.4,57.7,48.4,48.4,75.6,75.6,39.7
89.4,103.2,57.8,48.6,48.6,75.4,75.4,40.5
89.9,101.8,58.3,48.3,48.3,77.2,77.2,39.2
89.0,102.7,58.4,48.1,48.1,77.7,77.7,38.7
89.2,102.0,58.1,48.3,48.3,77.6,77.6,40.1
89.1,103.7,58.4,48.3,48.3,77.5,77.5,40.8
89.8,104.7,57.7,48.5,48.5,76.9,76.9,41.8
91.2,103.6,57.8,48.9,48.9,75.1,75.1,44.0
91.1,105.7,57.4,48.3,48.3,75.3,75.3,45.2
90.1,106.3,57.2,48.8,48.8,76.4,76.4,44.9
87.4,109.2,57.4,48.9,48.9,77.8,77.8,49.0
86.4,108.9,58.5,48.9,48.9,78.6,78.6,47.9
94.3,102.3,58.3,49.2,49.2,79.4,79.4,48.9
110.9,90.2,58.6,49.7,49.7,80.1,80.1,50.0
106.7,97.0,59.5,50.1,50.1,79.2,79.2,50.7
111.9,96.8,59.6,50.2,50.2,80.1,80.1,50.3
111.1,96.2,60.2,50.0,50.0,80.2,80.2,53.1
107.9,91.3,61.1,49.7,49.7,82.1,82.1,56.1
109.4,92.5,61.6,49.9,49.9,82.3,82.3,54.9
109.6,95.3,61.7,50.6,50.6,80.0,80.0,49.5
108.0,92.0,58.9,49.7,49.7,78.5,78.5,47.7
111.1,91.9,57.2,49.4,49.4,79.2,79.2,40.5
113.6,93.6,59.1,49.0,49.0,78.5,78.5,36.0
113.5,89.9,57.2,47.8,47.8,80.3,80.3,27.8
108.6,93.4,55.0,50.4,50.4,79.7,79.7,25.0
107.4,92.5,55.1,50.5,50.5,78.6,78.6,21.4
107.4,98.5,56.1,49.1,49.1,72.9,72.9,23.5
109.6,92.6,57.2,51.5,51.5,66.5,66.5,21.8
109.0,94.4,58.3,50.2,50.2,63.9,63.9,19.9
107.7,93.9,54.7,49.8,49.8,61.9,61.9,17.2
101.1,97.1,57.2,48.5,48.5,60.6,60.6,19.7
107.4,97.0,57.3,48.0,48.0,58.4,58.4,18.6
106.6,93.8,56.5,47.7,47.7,58.3,58.3,19.2
106.1,95.6,58.1,47.8,47.8,58.7,58.7,19.5
101.8,99.3,58.2,48.3,48.3,58.9,58.9,20.5
106.0,96.5,55.4,48.9,48.9,59.3,59.3,18.1
100.2,99.3,55.7,49.0,49.0,60.2,60.2,18.5
98.4,98.7,55.3,50.0,50.0,60.1,60.1,19.4
97.3,98.3,57.9,52.2,52.2,60.3,60.3,22.1
100.1,97.7,58.5,51.9,51.9,60.3,60.3,22.4
97.6,100.2,57.4,52.1,52.1,60.6,60.6,22.8
97.6,97.6,56.5,52.2,52.2,61.0,61.0,24.0
97.1,100.9,55.3,50.4,50.4,65.9,65.9,26.0
95.8,101.9,59.2,50.3,50.3,66.2,66.2,24.7
94.6,100.7,59.1,50.8,50.8,63.3,63.3,25.2
92.1,100.8,58.4,51.0,51.0,64.6,64.6,25.8
94.1,99.9,57.3,50.8,50.8,64.9,64.9,27.5
94.1,99.2,56.3,50.9,50.9,65.6,65.6,28.3
93.4,99.2,56.0,53.2,53.2,62.5,62.5,29.7
94.1,97.8,54.7,53.5,53.5,65.3,65.3,29.3
94.6,96.5,56.4,53.7,53.7,66.7,66.7,29.5
96.2,92.1,55.0,53.5,53.5,67.2,67.2,29.6
96.7,91.7,54.6,50.0,50.0,71.0,71.0,30.2
97.2,91.0,55.5,50.6,50.6,71.2,71.2,31.0
98.6,89.7,55.7,50.4,50.4,72.1,72.1,32.5
100.3,91.7,57.1,50.2,50.2,72.6,72.6,33.2
96.0,96.0,57.7,50.0,50.0,71.9,71.9,32.3
82.9,97.5,56.7,49.4,49.4,74.6,74.6,33.5
78.6,88.8,58.1,49.5,49.5,75.8,75.8,35.1
92.3,88.4,56.5,49.0,49.0,77.9,77.9,36.4
109.7,96.4,61.3,48.1,48.1,78.7,78.7,40.0
111.3,96.6,61.9,48.2,48.2,80.1,80.1,40.8
111.3,97.9,63.4,48.2,48.2,80.8,80.8,42.2
109.0,95.6,64.2,49.1,49.1,81.2,81.2,41.9
107.6,95.4,63.9,48.3,48.3,81.7,81.7,40.4
109.0,93.7,60.1,50.6,50.6,84.8,84.8,33.9
103.0,93.0,59.0,50.2,50.2,85.4,85.4,33.2
103.0,97.9,61.2,49.8,49.8,84.3,84.3,29.3
106.8,94.6,58.2,50.3,50.3,84.7,84.7,26.0
107.1,91.6,62.2,49.9,49.9,85.8,85.8,25.2
105.3,96.3,62.0,49.2,49.2,86.2,86.2,24.0
102.9,95.0,61.0,49.3,49.3,85.6,85.6,25.0
102.2,95.4,57.9,49.5,49.5,84.6,84.6,20.9
104.1,94.4,57.6,49.0,49.0,84.2,84.2,22.1
101.7,95.6,55.5,49.8,49.8,83.1,83.1,23.8
98.4,96.3,56.6,48.0,48.0,81.7,81.7,21.6
98.9,96.3,54.5,48.7,48.7,80.4,80.4,19.6
97.3,98.5,55.5,49.9,49.9,79.7,79.7,19.3
98.2,97.8,56.4,49.5,49.5,78.7,78.7,20.1
99.1,96.5,57.4,49.8,49.8,78.8,78.8,20.4
94.3,96.9,57.0,50.3,50.3,79.9,79.9,20.5
92.9,98.5,57.8,50.2,50.2,80.3,80.3,20.1
92.8,96.8,58.1,50.7,50.7,81.5,81.5,19.6
92.4,95.9,58.1,50.3,50.3,82.4,82.4,19.7
90.7,97.8,58.4,49.2,49.2,83.2,83.2,19.7
89.7,96.6,60.2,49.4,49.4,84.8,84.8,21.1
90.3,98.8,61.9,49.7,49.7,84.2,84.2,20.3
90.0,96.5,62.3,49.8,49.8,83.7,83.7,21.9
93.4,94.2,62.1,51.0,51.0,80.9,80.9,21.9
94.9,96.2,62.5,50.3,50.3,81.4,81.4,22.2
94.9,95.1,60.2,49.1,49.1,84.0,84.0,22.4
93.6,98.0,62.8,49.4,49.4,86.1,86.1,23.1
90.4,103.9,60.5,48.7,48.7,85.3,85.3,25.1
88.4,109.8,62.7,48.5,48.5,84.6,84.6,25.9
87.6,100.2,62.7,48.6,48.6,83.9,83.9,27.2
74.6,88.2,60.4,48.3,48.3,83.9,83.9,28.0
78.5,103.4,60.3,49.5,49.5,82.4,82.4,28.2
84.7,103.0,60.4,49.4,49.4,80.4,80.4,36.7
98.5,98.0,59.7,49.1,49.1,81.2,81.2,40.2
102.4,95.5,59.6,49.4,49.4,81.8,81.8,44.3
103.3,95.9,60.3,50.0,50.0,81.9,81.9,45.5
103.2,95.1,62.1,49.9,49.9,82.8,82.8,47.3
102.3,94.3,62.8,50.4,50.4,85.1,85.1,50.1
99.9,99.4,63.2,51.5,51.5,85.8,85.8,51.0
98.3,98.9,63.9,52.5,52.5,87.0,87.0,51.7
93.6,103.3,64.0,51.9,51.9,88.5,88.5,51.5
93.9,102.2,63.4,53.1,53.1,89.7,89.7,54.7
94.1,101.1,64.0,51.8,51.8,89.6,89.6,57.8
93.9,99.3,64.7,52.2,52.2,88.4,88.4,58.6
92.8,101.6,65.1,52.5,52.5,87.8,87.8,60.3
91.8,99.3,66.0,52.2,52.2,89.1,89.1,58.7
88.8,99.8,66.4,50.5,50.5,86.6,86.6,55.1
89.7,98.7,66.1,48.6,48.6,85.6,85.6,50.1
90.2,100.9,65.8,49.5,49.5,82.4,82.4,43.7
90.2,99.2,64.5,49.1,49.1,82.9,82.9,36.6
91.0,97.8,62.2,49.0,49.0,84.8,84.8,27.6
92.7,94.4,58.5,49.9,49.9,83.1,83.1,25.0
94.0,92.7,58.4,49.9,49.9,81.4,81.4,26.3
93.7,93.5,57.8,50.0,50.0,81.6,81.6,21.2
94.8,92.3,57.4,48.3,48.3,79.6,79.6,19.3
95.7,93.8,56.6,48.4,48.4,75.7,75.7,17.1
94.6,95.3,56.5,51.2,51.2,69.4,69.4,17.4
93.8,96.3,57.0,50.5,50.5,65.9,65.9,16.8
90.7,101.9,57.9,50.3,50.3,64.3,64.3,16.9
85.2,95.1,56.8,50.2,50.2,65.9,65.9,17.8
77.5,96.6,56.1,50.1,50.1,67.3,67.3,17.6
84.2,100.1,58.1,51.0,51.0,67.0,67.0,22.0
92.5,105.2,58.6,50.6,50.6,67.6,67.6,24.4
93.0,106.6,59.4,50.7,50.7,67.5,67.5,25.1
93.9,105.6,59.5,49.4,49.4,70.1,70.1,28.6
90.9,106.3,60.8,48.0,48.0,72.4,72.4,29.8
92.4,103.2,59.0,47.5,47.5,71.9,71.9,34.0
92.2,101.2,59.3,48.1,48.1,73.0,73.0,33.8
90.3,101.0,62.9,47.3,47.3,75.7,75.7,36.0
90.5,99.6,64.7,46.6,46.6,79.0,79.0,40.1
90.2,100.0,66.6,46.5,46.5,80.4,80.4,41.3
90.6,99.6,65.1,49.4,49.4,80.3,80.3,42.7
92.1,96.2,63.7,46.7,46.7,81.3,81.3,44.1
94.3,94.8,61.7,46.0,46.0,81.6,81.6,36.3
95.6,95.3,60.1,45.5,45.5,81.7,81.7,30.0
95.1,96.3,59.2,45.6,45.6,79.1,79.1,26.5
88.8,102.4,60.0,46.0,46.0,78.8,78.8,22.0
94.5,95.8,60.0,51.0,51.0,70.3,70.3,22.0
95.6,95.8,58.4,50.3,50.3,66.1,66.1,17.6
98.5,93.7,58.6,49.7,49.7,64.7,64.7,18.7
98.7,97.4,58.7,49.2,49.2,64.1,64.1,18.8
92.2,103.6,56.3,49.2,49.2,65.5,65.5,17.7
83.2,100.9,56.2,49.1,49.1,68.4,68.4,16.0
77.7,109.2,58.2,48.6,48.6,72.6,72.6,20.1
82.7,112.3,58.0,48.6,48.6,80.3,80.3,19.3
89.2,114.4,57.1,48.3,48.3,83.7,83.7,22.0
94.5,107.6,56.6,48.8,48.8,86.0,86.0,23.5
92.6,107.9,57.8,49.6,49.6,86.0,86.0,22.5
92.3,106.5,58.4,50.0,50.0,86.0,86.0,24.4
93.6,103.5,59.1,50.7,50.7,83.6,83.6,26.3
90.0,102.6,60.9,50.0,50.0,87.1,87.1,25.0
91.4,102.3,59.8,48.6,48.6,89.9,89.9,25.7
90.2,104.7,60.2,51.1,51.1,89.1,89.1,25.7
87.4,108.9,61.3,49.9,49.9,93.9,93.9,25.4
88.8,110.5,60.0,50.8,50.8,93.6,93.6,28.1
92.1,109.1,59.7,52.0,52.0,96.5,96.5,31.2
96.4,108.3,62.2,51.2,51.2,100.3,100.3,32.0
101.7,98.6,60.4,50.9,50.9,104.3,104.3,29.5
100.3,97.5,60.3,50.5,50.5,105.0,105.0,30.5
97.7,100.5,60.1,51.2,51.2,103.9,103.9,32.7
100.4,102.5,61.4,52.2,52.2,102.4,102.4,34.8
104.2,95.1,62.9,53.2,53.2,98.3,98.3,40.5
98.2,100.8,64.2,54.9,54.9,97.1,97.1,41.3
96.0,101.3,64.9,54.5,54.5,99.6,99.6,44.8
93.8,103.3,65.7,54.6,54.6,102.8,102.8,45.0
93.3,105.0,65.5,55.4,55.4,102.3,102.3,46.6
96.7,105.4,65.7,56.8,56.8,101.2,101.2,51.9
100.8,102.1,66.1,57.9,57.9,102.5,102.5,56.2
103.1,101.2,66.6,58.5,58.5,102.7,102.7,60.3
101.9,98.0,66.6,58.9,58.9,103.7,103.7,62.3
101.9,99.9,67.4,59.6,59.6,104.0,104.0,67.1
99.8,98.4,68.0,61.3,61.3,104.8,104.8,67.9
94.8,98.8,69.1,60.8,60.8,105.0,105.0,69.3
94.3,101.5,69.4,61.1,61.1,104.8,104.8,70.8
90.5,98.8,69.5,60.6,60.6,105.7,105.7,72.3
88.5,98.9,69.6,61.6,61.6,104.3,104.3,75.2
90.2,97.1,69.3,63.2,63.2,103.9,103.9,75.5
90.2,94.7,70.0,61.5,61.5,106.3,106.3,75.4
91.7,94.5,68.9,62.1,62.1,107.1,107.1,75.9
93.1,93.0,69.0,62.0,62.0,106.4,106.4,78.8
96.1,90.4,68.9,61.9,61.9,106.9,106.9,79.7
98.6,90.6,68.4,62.3,62.3,106.7,106.7,80.4
96.4,93.6,70.1,62.1,62.1,107.1,107.1,81.5
84.5,96.5,71.1,64.3,64.3,104.4,104.4,81.1
78.3,93.3,70.2,63.1,63.1,105.4,105.4,82.9
86.1,103.1,70.1,63.7,63.7,104.9,104.9,83.3
90.7,107.3,71.1,63.8,63.8,105.1,105.1,83.0
101.0,103.1,71.1,64.7,64.7,103.9,103.9,82.9
103.6,99.3,70.6,65.6,65.6,103.4,103.4,82.3
104.9,99.9,70.9,67.2,67.2,101.7,101.7,78.8
99.4,99.5,71.5,67.6,67.6,102.0,102.0,78.3
97.7,100.4,71.9,66.5,66.5,101.7,101.7,78.5
93.9,100.5,71.9,65.4,65.4,102.7,102.7,78.0
92.2,103.7,72.0,64.8,64.8,103.8,103.8,78.1
90.7,103.2,71.2,64.2,64.2,104.7,104.7,77.8
89.5,101.9,72.0,65.9,65.9,101.5,101.5,79.2
88.7,100.6,73.2,60.9,60.9,105.7,105.7,79.6
87.7,102.3,72.3,61.0,61.0,105.4,105.4,79.6
87.8,98.3,72.0,61.4,61.4,105.1,105.1,79.8
91.1,95.2,72.1,60.3,60.3,105.7,105.7,79.5
93.0,93.0,73.4,60.6,60.6,104.9,104.9,79.6
96.8,90.6,73.6,60.4,60.4,104.2,104.2,80.1
94.6,90.0,73.6,60.5,60.5,103.3,103.3,80.1
94.9,90.6,73.6,60.8,60.8,103.8,103.8,78.7
94.5,92.2,74.0,63.5,63.5,101.7,101.7,77.0
95.9,93.5,73.8,63.7,63.7,101.8,101.8,74.8
88.9,101.0,71.3,64.0,64.0,102.6,102.6,74.0
83.0,94.7,71.8,62.0,62.0,105.3,105.3,80.8
77.9,102.4,71.5,61.8,61.8,106.4,106.4,80.1
82.7,103.9,71.5,63.9,63.9,103.2,103.2,80.2
93.7,107.5,71.8,64.9,64.9,100.8,100.8,73.3
103.5,101.5,72.6,64.7,64.7,101.7,101.7,72.5
104.7,96.6,75.5,64.5,64.5,101.8,101.8,72.1
104.4,100.4,73.7,64.2,64.2,102.2,102.2,73.9
97.2,100.8,73.1,64.5,64.5,99.7,99.7,74.0
98.5,105.7,72.8,62.0,62.0,102.4,102.4,76.1
109.1,98.5,72.1,61.8,61.8,103.2,103.2,73.4
100.9,102.6,71.5,62.4,62.4,102.8,102.8,72.5
98.5,105.5,71.2,59.7,59.7,103.8,103.8,71.8
96.3,101.1,70.8,60.6,60.6,101.1,101.1,71.0
94.1,100.8,72.7,56.1,56.1,91.8,91.8,70.9
92.8,103.1,69.4,50.8,50.8,87.5,87.5,64.3
91.7,99.9,68.6,48.0,48.0,84.5,84.5,53.1
92.6,100.0,62.3,52.3,52.3,83.2,83.2,46.4
91.6,101.3,59.6,48.2,48.2,77.7,77.7,32.6
90.7,102.6,57.3,50.4,50.4,73.5,73.5,28.8
91.9,97.5,57.1,52.1,52.1,64.7,64.7,25.5
91.9,96.7,58.9,53.5,53.5,58.9,58.9,25.7
92.9,94.0,55.7,54.8,54.8,59.5,59.5,24.0
95.3,90.8,55.7,45.6,45.6,66.0,66.0,26.1
94.3,95.6,56.2,45.6,45.6,67.2,67.2,24.9
86.6,99.7,56.5,53.8,53.8,60.5,60.5,20.1
80.1,94.8,58.5,50.8,50.8,65.4,65.4,19.7
78.8,94.7,57.9,50.5,50.5,69.9,69.9,20.9
83.5,105.3,59.1,48.8,48.8,76.2,76.2,24.6
90.7,94.7,59.4,47.6,47.6,84.3,84.3,24.4
99.2,96.5,60.6,48.7,48.7,87.9,87.9,26.1
101.7,96.1,63.0,48.2,48.2,90.7,90.7,30.2
104.1,93.5,61.2,47.9,47.9,95.5,95.5,33.7
104.7,90.5,61.6,49.4,49.4,98.3,98.3,35.9
104.8,92.0,62.2,51.7,51.7,101.0,101.0,40.8
109.0,94.7,62.6,51.7,51.7,101.8,101.8,42.9
103.6,95.9,63.5,54.1,54.1,102.1,102.1,51.0
100.8,96.9,68.0,54.2,54.2,106.3,106.3,55.6
105.5,95.2,69.0,54.8,54.8,107.0,107.0,58.7
101.3,97.5,68.5,56.7,56.7,107.7,107.7,64.3
97.0,98.7,67.7,56.4,56.4,107.5,107.5,67.7
94.8,101.9,68.7,56.8,56.8,109.6,109.6,72.2
96.2,105.0,68.6,57.2,57.2,109.3,109.3,75.0
95.3,97.1,69.0,59.8,59.8,107.2,107.2,76.0
96.0,98.1,68.1,57.9,57.9,110.7,110.7,77.0
94.6,100.3,67.7,61.1,61.1,110.1,110.1,79.0
91.6,98.6,68.8,60.5,60.5,110.3,110.3,78.0
91.8,100.6,69.9,60.3,60.3,109.4,109.4,77.7
91.4,99.4,71.7,61.1,61.1,110.5,110.5,77.9
89.4,101.3,71.0,64.4,64.4,106.6,106.6,80.2
88.3,101.0,71.0,63.3,63.3,107.8,107.8,82.5
87.5,102.2,72.1,63.1,63.1,108.0,108.0,81.3
86.6,103.6,71.2,59.8,59.8,111.9,111.9,80.3
84.4,106.5,71.0,59.1,59.1,112.8,112.8,79.0
78.8,88.3,71.1,58.5,58.5,115.0,115.0,79.3
83.2,107.9,71.3,58.8,58.8,114.8,114.8,78.1
96.2,94.9,71.5,60.1,60.1,114.5,114.5,77.9
102.6,109.3,71.4,60.1,60.1,113.7,113.7,77.1
104.5,102.6,71.4,60.5,60.5,111.8,111.8,79.5
104.2,103.0,71.5,60.2,60.2,110.6,110.6,80.7
101.5,105.3,71.9,60.7,60.7,110.2,110.2,80.8
104.9,101.8,71.0,60.3,60.3,110.3,110.3,80.3
99.4,105.8,71.4,60.8,60.8,111.6,111.6,79.8
99.5,99.2,71.6,61.0,61.0,113.2,113.2,78.1
100.3,100.1,72.2,61.5,61.5,111.4,111.4,79.2
99.5,101.6,72.2,61.7,61.7,113.1,113.1,76.7
97.8,101.5,72.3,61.8,61.8,109.9,109.9,77.9
99.0,96.5,71.9,64.4,64.4,109.9,109.9,77.0
96.4,98.6,72.0,62.7,62.7,112.9,112.9,75.2
96.8,100.4,71.4,62.2,62.2,110.1,110.1,77.8
93.9,102.8,71.8,61.8,61.8,110.8,110.8,77.8
97.1,99.2,71.9,61.6,61.6,110.1,110.1,78.2
95.9,102.8,72.5,62.1,62.1,109.6,109.6,78.7
100.6,99.3,72.1,62.5,62.5,108.6,108.6,79.3
95.2,102.1,72.7,62.1,62.1,109.1,109.1,78.9
93.2,101.1,72.8,62.1,62.1,109.2,109.2,79.1
94.6,100.5,72.6,61.5,61.5,109.4,109.4,79.3
90.8,100.7,73.0,64.4,64.4,105.8,105.8,79.2
91.8,100.0,72.9,68.0,68.0,104.1,104.1,76.9
91.2,100.5,74.2,65.0,65.0,107.0,107.0,75.7
89.1,100.7,75.5,62.9,62.9,107.3,107.3,75.4
88.9,99.4,73.1,65.6,65.6,106.8,106.8,75.3
90.2,99.3,73.6,65.1,65.1,107.3,107.3,75.7
91.2,99.3,72.9,66.0,66.0,106.5,106.5,76.5
91.8,100.6,72.5,64.6,64.6,107.9,107.9,76.4
93.3,101.5,72.4,65.0,65.0,106.7,106.7,76.9
96.1,103.1,71.4,65.8,65.8,106.5,106.5,76.3
90.9,105.6,71.1,65.9,65.9,106.0,106.0,75.6
81.1,98.6,72.2,65.3,65.3,107.6,107.6,74.4
78.9,101.7,71.9,65.3,65.3,107.3,107.3,74.3
89.1,97.7,71.8,65.9,65.9,107.3,107.3,73.9
99.0,97.8,70.8,66.5,66.5,107.3,107.3,73.3
105.6,108.2,73.5,63.4,63.4,107.1,107.1,73.0
109.5,99.9,71.5,65.3,65.3,105.9,105.9,74.2
109.7,101.5,71.8,65.2,65.2,106.1,106.1,74.5
109.8,102.3,71.9,65.5,65.5,107.9,107.9,73.0
107.3,94.8,74.3,63.4,63.4,108.4,108.4,73.0
109.1,93.7,73.1,65.1,65.1,107.7,107.7,73.8
107.3,92.3,72.4,65.4,65.4,107.7,107.7,73.9
107.2,96.1,72.0,65.8,65.8,107.2,107.2,74.0
107.5,96.4,72.3,65.9,65.9,107.5,107.5,73.9
105.1,99.0,71.1,66.2,66.2,107.5,107.5,73.7
105.5,97.0,70.5,66.1,66.1,107.2,107.2,73.5
103.1,98.9,69.9,66.0,66.0,106.6,106.6,73.7
105.0,101.1,69.5,66.5,66.5,105.2,105.2,73.3
107.8,98.8,70.8,66.3,66.3,104.7,104.7,73.1
100.5,102.3,73.1,63.3,63.3,105.3,105.3,72.6
101.1,98.9,73.2,63.9,63.9,105.1,105.1,72.9
97.7,101.4,73.7,63.2,63.2,104.9,104.9,72.6
102.0,102.6,73.9,61.9,61.9,105.9,105.9,72.3
102.5,103.4,74.0,62.3,62.3,106.6,106.6,73.3
103.5,102.5,72.7,63.3,63.3,106.4,106.4,74.0
102.0,101.2,72.5,62.8,62.8,104.8,104.8,74.5
102.6,102.5,72.6,63.5,63.5,104.8,104.8,72.6
100.4,102.7,72.5,63.8,63.8,103.6,103.6,73.6
95.8,104.3,72.0,65.0,65.0,104.5,104.5,73.2
96.1,102.1,72.1,65.0,65.0,105.2,105.2,73.0
94.6,105.7,73.1,64.1,64.1,104.2,104.2,73.7
97.0,104.7,72.9,63.8,63.8,104.9,104.9,73.3
93.4,105.2,73.1,63.9,63.9,105.4,105.4,72.9
91.1,103.5,73.7,64.2,64.2,105.8,105.8,73.2
91.3,102.9,72.1,65.6,65.6,106.1,106.1,72.4
91.8,100.8,73.9,63.8,63.8,105.2,105.2,72.8
91.6,100.3,74.4,64.2,64.2,103.5,103.5,74.6
95.2,97.1,73.1,64.7,64.7,103.8,103.8,75.3
91.3,103.2,72.9,63.1,63.1,102.3,102.3,77.7
90.2,104.5,73.5,64.0,64.0,101.3,101.3,73.8
89.5,106.6,73.4,62.2,62.2,96.5,96.5,75.8
91.6,103.8,72.8,62.1,62.1,95.1,95.1,74.0
88.7,104.7,72.8,62.0,62.0,94.9,94.9,70.3
91.3,102.2,75.4,56.5,56.5,94.4,94.4,66.3
93.8,102.5,75.1,51.8,51.8,88.8,88.8,62.2
94.4,106.1,71.5,49.8,49.8,86.0,86.0,52.2
84.2,100.0,68.8,50.2,50.2,81.0,81.0,52.4
79.8,95.5,62.3,49.9,49.9,79.9,79.9,43.0
85.7,106.9,62.4,50.9,50.9,80.8,80.8,35.9
97.5,100.3,62.7,46.9,46.9,73.2,73.2,30.0
105.0,100.5,62.5,47.0,47.0,69.6,69.6,30.8
109.8,95.0,62.5,51.2,51.2,65.2,65.2,29.3
107.7,94.5,62.3,51.2,51.2,68.6,68.6,28.8
106.4,95.2,63.6,50.1,50.1,70.5,70.5,25.4
101.9,101.9,60.2,49.4,49.4,70.3,70.3,25.0
109.8,95.9,59.4,49.9,49.9,69.2,69.2,26.2
102.8,101.7,57.6,51.1,51.1,67.0,67.0,24.3
99.0,101.1,57.2,50.5,50.5,64.6,64.6,26.0
96.6,101.8,55.9,51.4,51.4,64.5,64.5,24.0
94.5,100.1,55.5,50.3,50.3,63.3,63.3,26.4
93.7,100.3,55.9,50.9,50.9,63.0,63.0,29.4
94.7,101.3,57.3,50.2,50.2,64.5,64.5,18.9
92.4,103.1,58.4,50.4,50.4,70.6,70.6,19.2
90.4,100.0,59.9,50.3,50.3,74.9,74.9,16.1
90.9,99.8,60.2,48.9,48.9,85.8,85.8,20.0
92.2,97.0,60.9,49.8,49.8,90.8,90.8,16.9
91.1,95.8,61.7,47.2,47.2,95.2,95.2,17.6
92.8,93.5,62.3,49.7,49.7,97.6,97.6,18.0
94.8,91.9,64.2,51.2,51.2,97.4,97.4,23.8
95.4,94.3,64.1,52.8,52.8,97.6,97.6,26.4
88.9,100.2,65.5,53.8,53.8,98.7,98.7,30.0
77.9,82.2,65.8,55.6,55.6,97.6,97.6,34.4
81.4,98.9,69.7,55.0,55.0,100.1,100.1,39.5
93.5,98.5,70.1,57.7,57.7,102.9,102.9,44.9
97.5,113.5,69.8,58.5,58.5,104.2,104.2,51.6
105.4,94.1,71.3,59.5,59.5,104.9,104.9,57.0
106.4,96.2,70.2,63.4,63.4,101.5,101.5,61.9
105.7,99.0,71.5,62.2,62.2,103.0,103.0,68.1
