elbow_collarbone_paw,hip_iliac_crest_knee,knee_hip_ankle,ankle_knee_mtp
145.2,122.3,137.7,33.0
131.8,125.4,133.8,32.6
131.2,124.3,135.7,32.5
138.3,122.6,136.8,32.9
137.3,123.9,137.2,32.3
136.3,121.8,142.4,35.3
137.3,124.0,140.7,37.4
137.0,126.9,139.4,38.7
140.1,139.6,141.4,40.8
138.5,143.9,140.3,43.3
138.7,143.2,146.2,48.1
138.6,144.2,148.2,48.7
138.8,143.0,149.8,49.6
137.5,141.7,147.5,49.0
136.9,138.1,141.4,44.9
134.4,138.3,139.6,38.4
135.7,138.3,139.2,41.7
134.1,139.0,140.2,37.1
133.8,144.8,136.8,37.7
136.0,145.5,137.5,37.9
136.8,144.2,138.5,37.9
137.9,143.3,140.1,39.2
139.4,143.2,140.1,43.7
138.4,142.9,139.9,39.5
139.4,141.4,140.8,38.9
140.3,143.4,140.3,39.0
139.4,141.9,140.4,38.5
142.4,141.2,142.2,38.9
142.7,139.9,140.9,38.0
142.9,140.7,139.9,37.1
143.6,141.1,140.1,37.5
142.5,140.2,140.6,37.7
143.6,139.9,140.4,36.4
145.9,140.0,138.8,36.9
148.7,135.3,140.9,36.2
150.8,126.5,141.6,36.2
155.4,125.2,139.7,35.0
156.9,121.6,140.5,33.9
159.9,120.8,141.4,32.3
162.8,116.9,146.9,30.8
163.6,113.9,149.5,31.0
164.6,113.4,148.2,29.2
165.6,127.5,138.9,28.9
165.6,131.0,133.4,30.6
166.4,121.6,131.3,32.4
166.8,118.5,133.0,30.9
164.2,116.4,135.2,34.0
163.1,113.1,141.0,36.9
159.0,119.0,134.7,43.4
159.3,120.1,134.7,43.7
157.9,120.8,130.5,55.1
151.3,118.9,129.4,56.6
148.3,122.9,123.9,59.0
145.5,124.6,120.6,62.8
141.8,128.0,116.3,61.6
136.2,126.2,113.6,67.5
130.1,127.9,109.5,77.4
127.8,127.6,104.4,82.0
127.2,131.0,100.7,86.6
124.5,136.5,97.7,101.1
119.7,140.0,94.2,109.8
120.5,137.2,95.3,115.1
125.0,137.9,93.0,120.5
125.9,139.5,93.3,133.8
125.2,137.6,94.2,142.9
123.9,133.5,92.7,138.6
127.5,134.5,88.7,123.1
130.8,137.0,87.4,112.6
136.8,139.8,103.1,126.8
134.1,139.2,82.4,91.6
137.6,139.1,81.8,87.9
163.1,141.9,99.2,112.6
172.8,142.6,98.4,110.5
116.2,145.1,79.7,91.7
107.3,146.0,79.6,93.6
121.5,144.4,81.2,98.6
117.7,146.0,81.5,100.1
117.0,145.8,81.4,101.0
116.4,144.1,83.5,98.8
119.7,149.1,79.4,94.3
118.3,148.8,79.4,90.7
118.7,149.4,79.8,88.3
120.3,150.4,79.6,86.2
124.2,151.2,78.6,84.7
122.8,147.2,80.9,84.1
122.0,139.0,84.5,81.6
121.9,137.0,86.4,78.3
127.5,143.0,81.8,76.0
128.1,146.0,80.5,76.8
131.9,144.2,82.1,78.7
139.6,145.2,83.3,80.9
146.9,145.8,83.2,85.2
158.9,148.6,83.0,89.5
103.6,146.9,82.9,92.8
133.6,144.8,85.8,100.4
125.5,144.6,85.8,106.6
121.9,145.0,86.7,112.4
122.4,144.2,86.8,113.4
124.5,141.0,91.7,120.3
124.0,140.9,92.7,122.6
122.4,139.5,94.6,126.4
121.5,138.0,95.8,130.6
120.3,139.6,97.3,135.1
123.5,138.6,98.4,137.6
122.3,138.7,100.3,140.7
122.2,139.5,98.4,139.2
124.1,138.8,97.8,140.7
123.6,138.1,98.6,142.4
124.8,137.9,99.3,142.5
124.2,137.3,100.4,143.5
122.3,136.9,99.6,143.0
122.1,136.1,100.5,142.0
120.4,133.9,103.3,143.4
120.8,135.1,102.5,144.5
123.0,134.1,103.1,146.3
123.1,133.8,103.0,148.4
122.7,136.1,101.8,149.3
122.4,134.1,103.6,148.9
125.0,135.1,102.5,148.7
119.6,134.5,102.8,148.4
115.5,133.6,102.9,149.8
114.1,133.9,101.5,148.1
113.7,132.0,101.5,147.8
116.6,132.4,102.5,148.4
115.1,137.2,102.2,148.2
115.6,134.3,103.6,148.9
120.1,133.3,104.1,151.4
120.2,132.5,106.3,149.9
120.5,130.7,106.0,151.3
117.5,134.3,103.4,150.5
119.5,134.4,102.8,149.0
128.7,134.9,103.4,148.3
124.7,132.7,103.9,147.5
136.7,133.4,103.2,145.6
135.9,132.6,104.0,145.3
105.1,128.3,103.6,148.5
122.0,126.9,101.6,147.0
119.1,126.8,102.9,151.4
117.4,132.2,99.8,151.0
119.0,137.0,98.9,149.7
119.8,139.3,99.6,154.7
120.7,137.7,100.3,153.0
122.1,135.9,100.9,154.3
123.2,135.1,102.2,153.5
125.7,133.8,102.7,153.5
127.8,132.2,103.6,151.6
128.5,132.4,102.2,148.8
128.5,131.7,101.8,147.8
132.4,126.4,104.4,150.8
132.2,126.8,103.5,151.1
131.0,124.2,103.1,149.8
132.8,123.5,103.5,151.3
130.9,125.0,102.6,154.3
124.9,124.6,101.7,152.5
129.7,121.4,103.2,153.5
131.9,122.7,103.6,155.9
131.4,122.8,104.4,156.2
128.0,129.5,99.5,154.2
128.3,129.2,103.4,155.4
126.6,130.1,102.7,155.6
127.6,134.7,104.0,156.1
126.8,133.1,105.5,155.9
127.0,135.5,102.1,156.5
119.9,136.0,101.3,155.6
128.0,127.2,102.8,155.4
130.1,129.5,102.4,156.2
129.5,132.1,101.3,155.2
128.5,131.7,102.0,155.4
127.4,132.6,101.8,154.4
124.7,132.7,103.2,155.6
124.1,131.3,104.9,155.4
124.9,137.1,102.4,152.9
125.2,139.5,102.0,151.6
126.7,138.1,102.9,150.7
126.5,139.8,101.5,150.4
130.5,133.8,104.2,150.7
131.4,134.8,104.1,149.3
136.2,135.3,103.0,148.0
130.3,141.6,98.6,145.6
130.8,140.2,102.3,145.8
132.6,142.8,98.9,144.5
126.9,139.3,101.1,145.3
127.5,138.8,102.1,147.7
126.9,138.5,103.1,148.5
127.6,139.3,102.7,150.3
128.2,141.5,101.8,150.6
127.7,138.5,102.3,149.8
137.0,137.7,102.4,150.9
141.5,130.8,103.5,150.3
149.3,130.5,103.1,150.5
166.1,129.8,103.9,149.4
170.1,133.8,102.1,149.0
170.1,128.4,104.7,148.1
145.2,131.9,102.6,149.5
179.2,127.3,103.1,148.0
93.4,127.5,102.4,148.3
100.3,127.8,101.3,147.3
121.8,131.6,100.3,148.7
119.6,131.2,100.8,148.3
117.1,134.0,100.9,149.0
114.4,135.6,102.3,150.4
114.7,137.9,101.3,149.6
112.7,136.5,100.1,149.6
112.6,137.0,99.0,150.4
110.9,133.9,103.8,151.8
111.7,133.0,105.1,152.8
113.0,131.3,106.0,152.7
116.2,131.0,106.7,154.8
113.4,133.8,104.9,152.8
116.3,134.5,103.9,152.1
115.3,133.6,104.3,151.2
116.0,133.6,104.3,151.6
117.1,132.8,104.9,151.7
117.7,134.1,104.1,151.5
115.8,132.7,105.2,150.4
111.2,134.6,104.0,151.0
118.2,135.0,103.9,149.6
118.3,136.6,100.9,149.5
117.9,135.5,102.4,150.9
118.4,134.5,102.4,150.8
118.5,133.0,103.4,150.1
120.6,132.8,105.6,152.8
125.2,134.3,103.4,151.8
125.4,138.7,102.8,151.2
126.6,133.2,105.5,150.7
125.8,136.5,102.9,151.0
127.8,135.3,103.3,150.8
126.4,138.2,102.3,150.5
128.6,137.2,103.1,150.8
128.9,138.6,101.3,149.3
128.5,138.0,102.6,151.1
128.0,136.6,103.0,152.4
126.0,137.1,103.8,152.4
128.8,138.2,103.2,152.3
128.4,138.8,103.3,152.6
126.5,138.4,103.7,152.7
127.2,138.4,104.9,154.7
127.1,137.4,105.1,155.1
126.4,136.3,105.5,155.3
124.9,136.2,103.8,151.6
125.4,136.1,103.1,151.7
123.2,138.9,102.6,152.3
125.0,138.1,103.3,152.9
124.6,136.0,106.2,154.2
122.5,133.9,107.6,156.1
121.2,135.2,105.0,155.5
125.9,134.2,106.3,158.9
126.3,136.4,106.2,159.3
128.9,134.4,107.9,158.7
132.1,139.9,105.6,158.5
112.2,139.6,106.5,158.9
109.9,140.6,107.8,159.2
105.8,139.9,110.7,159.2
106.2,145.3,109.9,160.1
104.0,142.7,113.0,159.8
102.2,146.6,110.9,159.3
118.0,146.9,111.6,159.8
113.9,146.0,112.7,159.9
130.7,142.7,114.4,159.1
130.2,144.1,116.6,159.6
131.1,141.6,118.8,162.3
114.8,141.2,119.4,163.2
127.3,144.1,119.7,163.0
130.5,142.6,121.0,164.4
109.7,141.4,123.9,165.2
107.2,140.8,124.7,165.6
114.3,142.0,125.1,165.2
114.1,142.0,124.9,165.3
111.3,139.9,125.2,165.4
111.6,139.3,127.4,165.7
126.7,140.1,125.8,164.3
134.5,140.0,125.6,162.6
138.4,141.0,125.5,163.3
141.2,139.2,127.0,163.6
139.5,139.9,128.7,166.1
135.8,139.0,128.7,165.0
135.5,140.2,126.3,163.9
141.0,140.8,126.6,166.0
145.3,139.2,126.1,164.8
139.5,138.7,124.7,161.8
139.0,141.6,118.8,158.5
142.8,142.0,110.6,153.6
136.5,141.6,104.9,151.3
139.1,135.3,100.8,144.0
138.7,133.6,96.4,134.5
141.0,132.1,95.8,128.3
140.8,130.8,95.6,121.0
141.9,135.5,93.7,112.1
141.1,134.4,93.9,103.1
139.4,134.7,91.4,90.4
136.8,138.0,89.6,80.8
133.5,138.1,90.2,73.9
134.0,139.5,89.3,68.5
133.0,140.3,89.4,62.4
133.4,139.1,90.2,60.8
131.3,141.5,89.5,57.1
129.7,139.4,92.7,49.0
128.5,139.2,92.9,46.3
127.7,139.7,92.6,41.3
124.8,141.2,91.5,39.5
120.0,139.8,92.2,37.2
123.3,139.5,92.8,41.1
123.6,138.5,94.3,36.8
123.3,139.7,93.7,35.7
122.8,141.6,93.2,34.6
121.8,142.2,93.6,31.4
123.2,141.2,95.4,31.2
124.8,142.7,96.0,32.2
126.0,141.2,97.2,29.4
127.6,139.3,99.5,27.5
126.4,144.6,99.8,28.3
127.6,139.6,109.6,25.3
126.3,124.9,136.0,26.3
124.4,123.3,140.4,24.2
128.4,124.9,142.8,25.4
129.8,128.2,142.2,26.5
129.9,125.3,146.9,28.3
129.3,123.9,149.5,31.0
128.2,125.9,145.6,30.1
130.1,125.4,146.4,31.0
130.0,124.9,147.8,33.7
130.8,127.2,150.4,32.1
132.3,128.5,148.0,35.7
133.4,133.5,144.0,33.6
133.1,134.1,146.3,32.3
134.1,132.8,143.5,31.3
135.9,129.9,145.1,34.1
134.9,128.1,145.7,34.3
134.2,127.5,143.1,31.4
136.6,131.2,138.8,30.7
141.6,132.7,132.7,31.2
143.8,139.9,124.2,33.4
147.9,143.5,113.2,36.5
104.5,149.2,102.4,36.0
105.9,151.6,94.5,37.3
107.7,141.6,96.0,35.7
112.9,149.3,87.3,31.9
114.3,142.0,90.2,30.4
116.0,143.3,89.1,31.0
118.6,143.8,88.5,29.8
116.7,141.2,90.0,33.9
115.1,142.4,91.3,33.1
115.7,140.7,92.7,30.6
116.5,142.6,93.4,33.9
114.9,144.1,94.0,31.1
114.4,143.5,96.4,30.9
115.0,142.9,98.8,31.7
115.7,141.5,99.9,30.6
116.9,139.8,101.3,33.8
118.3,140.0,103.4,33.2
120.4,139.4,111.9,26.0
120.2,129.7,126.0,24.9
119.3,126.7,135.5,24.2
123.9,124.3,143.0,23.8
123.9,127.1,143.0,24.2
124.7,125.8,142.6,24.6
125.5,126.4,141.1,26.5
124.8,129.7,134.1,25.8
126.1,138.0,117.2,26.0
128.8,136.3,116.5,27.6
129.1,135.0,120.6,31.7
129.0,137.6,119.8,34.5
134.0,138.5,120.7,35.1
136.0,138.0,119.6,33.2
133.6,139.4,115.7,34.9
136.9,138.8,116.9,34.1
146.2,142.4,111.4,33.5
84.6,141.8,111.1,34.5
105.4,144.5,105.0,33.6
106.9,142.7,103.1,31.2
119.4,141.8,102.7,29.8
122.7,142.4,102.6,31.1
120.1,140.4,103.3,30.3
120.7,144.1,101.4,34.5
120.7,141.1,104.3,33.4
120.2,144.0,104.0,34.0
121.8,141.3,106.8,34.4
122.5,144.9,106.3,34.1
122.6,141.5,109.9,33.7
125.6,140.4,110.7,34.5
128.6,140.6,111.6,33.7
129.1,140.2,112.4,34.5
129.4,139.4,113.1,33.7
129.0,141.0,111.7,34.1
126.1,142.2,109.9,30.1
125.7,142.8,109.6,31.3
126.5,141.9,111.8,33.4
128.4,138.7,117.4,34.5
131.0,141.3,118.9,36.2
131.4,139.0,122.9,37.3
131.4,142.2,124.2,38.2
131.4,141.7,124.7,39.7
131.0,141.8,123.7,38.7
131.9,142.8,122.3,37.9
135.9,142.2,122.1,39.2
140.6,141.3,121.2,35.2
143.1,139.4,119.4,34.9
142.2,145.5,111.2,33.9
141.1,146.2,110.3,30.6
101.3,148.8,108.7,35.2
113.7,147.0,104.4,34.8
112.4,145.1,102.9,33.1
113.4,144.1,103.0,38.6
115.2,142.0,106.0,33.9
117.8,139.9,108.0,25.6
116.9,134.0,114.3,23.1
117.2,133.3,116.4,23.1
120.0,134.5,114.6,21.6
121.1,136.3,111.6,20.1
121.1,143.6,105.3,24.5
121.0,145.9,102.8,21.5
122.2,145.4,100.6,26.1
118.9,146.2,101.0,33.0
120.1,147.7,100.8,36.9
119.4,149.1,100.8,34.6
121.2,149.6,100.0,33.2
118.4,150.1,99.6,33.2
117.4,149.2,96.7,34.5
115.9,152.4,92.9,33.8
116.4,152.8,91.4,32.9
116.8,153.7,91.7,34.7
117.7,153.2,93.3,39.4
117.7,153.2,93.2,34.8
116.8,152.3,93.3,34.0
114.7,151.6,92.3,35.4
113.9,151.2,91.7,35.3
112.6,152.5,91.5,35.4
112.9,154.1,91.5,35.6
113.1,152.2,92.3,34.6
114.1,152.1,91.7,33.7
114.7,150.7,92.1,33.3
113.1,148.2,93.1,32.7
114.7,148.5,93.8,32.9
116.0,146.9,96.0,34.8
115.6,144.3,97.7,33.4
114.6,145.3,97.2,32.5
119.1,144.4,98.9,32.4
124.5,145.5,99.4,33.4
122.0,144.6,101.3,32.2
128.7,140.6,101.2,33.7
131.1,141.0,100.6,34.8
134.2,145.1,96.1,35.8
138.6,144.5,95.5,36.8
139.4,144.6,94.6,37.1
139.0,145.8,94.1,37.9
152.5,148.3,92.1,39.4
145.0,152.0,92.4,36.4
106.5,149.0,93.7,37.3
103.5,144.9,94.3,40.4
117.9,146.6,94.3,38.9
117.7,146.2,93.5,35.4
118.8,145.6,92.1,33.3
118.9,144.6,92.5,33.0
118.2,143.0,93.8,32.4
118.0,145.1,93.6,33.4
119.4,144.0,96.1,32.3
116.0,145.7,95.5,34.9
115.4,147.2,93.6,35.6
116.5,146.4,93.4,36.6
115.7,143.2,94.9,38.7
116.8,142.9,95.9,37.7
115.5,142.7,95.7,37.1
116.9,146.5,93.8,38.2
118.7,146.1,94.6,39.2
119.1,149.6,92.3,37.0
119.4,147.4,93.1,37.8
119.2,148.2,92.4,39.2
118.6,146.4,93.9,39.3
120.8,146.7,92.5,39.1
121.0,146.1,94.0,39.2
120.5,147.7,93.7,40.0
121.3,145.2,95.2,42.5
121.2,144.2,95.8,37.3
121.3,145.5,96.4,37.2
120.7,148.1,93.2,37.3
121.6,148.5,93.7,37.0
120.3,145.6,94.3,36.3
119.8,144.7,96.5,35.6
118.9,145.7,95.5,41.3
120.3,145.8,96.7,39.7
120.9,144.2,96.0,40.8
120.3,144.0,96.5,41.2
121.3,144.5,96.2,42.0
121.3,143.2,96.8,40.7
121.3,147.3,94.6,41.7
123.2,144.3,96.1,39.9
125.5,143.4,99.9,38.9
124.5,142.1,102.3,37.0
128.0,143.5,105.7,33.9
125.5,136.8,113.1,31.4
125.5,138.7,113.4,29.7
129.6,141.4,110.2,30.9
129.4,145.5,106.2,31.8
129.9,145.0,102.8,33.4
129.5,145.2,101.6,35.6
130.3,146.3,99.7,37.2
128.6,146.6,98.7,33.8
128.6,147.1,97.0,33.5
129.9,148.8,96.2,34.6
122.2,148.0,94.8,34.3
131.2,148.6,92.0,36.0
131.4,148.1,91.4,37.3
132.4,148.5,91.0,33.6
135.1,148.0,90.3,39.9
131.9,147.1,91.0,40.4
133.4,146.1,91.2,40.3
134.8,141.3,95.0,40.7
130.4,139.0,97.4,36.5
135.3,138.2,97.6,36.4
130.7,140.4,97.6,41.3
130.9,138.7,98.6,42.4
132.0,139.4,99.2,39.1
132.1,140.1,98.8,37.2
133.7,139.0,98.5,37.7
132.3,137.0,99.8,36.1
133.5,135.9,100.5,35.8
132.3,134.0,99.7,33.1
130.9,135.0,97.9,33.6
128.2,135.2,98.5,32.9
127.4,138.9,98.0,33.6
129.3,139.3,97.8,32.8
128.9,138.1,98.7,32.3
127.8,133.5,100.3,33.1
127.5,135.1,99.1,33.8
125.7,131.6,102.1,29.9
125.6,133.8,100.8,30.3
126.9,134.0,101.4,29.5
124.8,134.1,100.8,28.4
128.2,136.3,100.0,28.6
129.6,136.4,99.6,29.1
131.1,136.8,100.7,33.5
127.4,135.1,100.6,27.0
131.1,135.7,99.9,33.3
126.0,133.7,101.3,27.9
125.9,135.0,100.0,36.1
130.9,135.7,100.1,29.9
132.6,135.5,100.4,29.7
130.9,138.0,99.3,30.3
126.6,137.1,99.7,29.9
127.1,137.5,98.4,29.0
124.3,136.0,98.6,28.2
123.4,136.9,98.5,27.2
124.9,136.7,97.8,27.6
127.4,137.1,99.3,28.5
131.0,138.6,98.6,26.2
127.6,135.2,101.1,31.3
132.8,134.2,102.0,29.4
130.5,134.8,102.7,29.3
130.1,135.2,102.4,27.9
131.6,136.6,101.0,30.1
133.9,139.5,98.8,31.7
136.7,140.5,97.9,34.7
142.2,140.1,97.6,35.9
157.3,140.9,96.8,36.3
172.8,141.4,96.7,37.2
168.5,142.1,94.9,37.4
26.7,137.0,97.1,36.2
108.6,137.4,95.6,34.1
124.1,138.6,96.6,33.9
126.8,137.3,97.7,32.4
126.5,136.4,98.7,31.5
124.2,136.4,98.9,34.1
125.6,139.9,98.4,28.2
123.7,137.0,99.9,28.2
120.3,137.8,100.1,24.3
120.0,135.9,103.5,23.8
125.5,138.0,101.2,24.0
119.2,135.2,103.4,25.5
121.9,137.3,99.7,27.0
120.4,136.8,98.7,31.0
126.1,133.9,99.4,33.2
125.5,134.3,98.4,29.1
128.8,136.6,99.5,32.8
130.3,136.0,100.5,32.9
124.9,139.4,98.7,30.5
126.6,139.6,98.6,28.7
122.6,140.1,97.9,28.2
124.0,140.8,97.8,27.5
121.8,142.2,96.7,26.9
124.3,141.5,96.4,26.3
124.6,136.5,97.0,30.0
125.9,133.3,98.3,31.7
126.7,135.0,97.2,26.4
132.2,135.8,97.4,29.9
137.7,133.9,99.8,30.1
145.1,133.0,98.6,27.2
151.9,134.9,97.7,25.0
154.6,135.6,96.9,25.8
172.6,134.9,96.7,27.0
175.8,136.6,95.5,29.0
155.0,132.4,97.3,29.9
32.7,134.7,95.5,28.0
99.6,136.1,93.9,31.8
115.5,138.9,91.5,31.3
121.8,138.0,91.7,31.3
120.8,137.2,93.0,31.6
122.1,135.1,96.7,30.7
125.6,136.3,96.5,30.1
125.0,137.0,99.9,29.3
126.1,133.4,105.7,24.7
133.0,135.7,109.0,25.1
138.0,134.1,115.4,21.9
137.2,129.2,124.7,18.4
140.6,129.2,128.2,21.4
145.5,127.0,128.7,21.7
147.4,129.0,123.1,23.0
147.3,123.8,124.0,22.3
155.1,130.5,116.4,24.5
156.9,142.4,103.3,23.7
159.2,142.3,101.5,26.9
137.1,138.6,100.9,33.1
115.7,137.3,98.8,33.9
115.5,139.6,94.6,33.2
128.9,137.2,97.1,32.5
128.4,137.8,97.7,28.6
124.6,138.2,98.1,30.8
124.2,134.8,102.5,24.4
120.2,139.6,103.7,23.1
121.2,139.6,103.4,23.3
119.9,141.0,102.0,23.1
117.1,144.7,101.2,28.5
119.5,146.0,100.5,27.3
117.3,145.8,101.2,28.7
117.1,146.1,100.6,27.7
117.1,145.4,102.9,27.5
116.6,146.5,101.7,26.3
115.5,146.1,99.3,24.3
116.2,146.5,99.5,24.9
116.5,145.4,101.4,26.8
114.6,142.9,103.0,26.3
113.6,144.9,102.3,25.9
114.7,142.7,104.1,25.2
115.1,144.5,103.6,22.6
117.4,146.1,103.9,21.6
118.1,145.4,102.9,20.3
117.7,145.7,101.3,20.6
115.1,143.1,102.8,21.6
116.2,144.8,101.5,21.5
121.3,145.6,102.7,22.2
123.1,146.0,103.4,23.7
125.7,144.8,104.1,22.0
125.8,145.0,104.5,22.9
125.3,144.1,105.0,21.2
125.5,144.1,105.1,20.3
126.3,142.7,105.3,22.3
126.3,142.3,106.2,22.0
127.9,141.9,110.6,20.7
131.1,143.1,112.3,20.0
133.9,126.2,137.3,19.0
134.2,126.1,146.0,22.3
137.8,127.0,149.7,22.2
141.3,123.6,150.1,22.0
142.7,124.4,146.7,22.0
144.6,125.3,141.2,21.4
138.2,124.8,138.7,21.0
131.9,122.3,136.3,19.3
133.8,139.4,113.4,22.1
132.3,142.2,107.4,23.9
131.3,143.1,105.1,19.1
132.0,137.3,111.9,19.0
131.2,137.3,111.1,19.5
129.6,137.1,112.3,19.3
128.2,143.9,103.3,21.2
131.0,139.9,104.6,22.3
130.8,137.4,101.3,27.7
131.0,130.3,101.9,26.5
129.2,132.9,98.2,28.5
130.3,136.0,95.7,30.9
132.2,135.8,96.1,29.4
135.2,133.3,99.9,29.1
138.8,134.7,103.9,27.3
140.4,135.5,104.8,23.8
141.5,135.5,106.0,23.1
142.0,132.3,107.1,22.4
144.9,134.8,101.2,20.5
144.2,132.0,101.0,21.7
141.0,136.4,98.1,23.0
138.5,132.1,104.2,22.7
136.5,133.7,105.6,19.6
132.5,132.8,108.7,18.8
132.8,135.3,110.5,19.2
132.8,129.4,115.2,18.9
129.3,132.2,112.9,18.1
129.1,132.7,109.8,19.1
127.7,134.5,105.3,25.4
126.1,138.0,101.1,23.8
124.7,140.5,99.9,23.7
125.4,136.9,100.0,25.4
127.4,139.3,99.9,26.9
127.4,140.6,98.7,27.2
124.7,141.9,98.0,27.4
122.0,145.4,96.1,27.2
119.6,144.5,96.5,28.1
118.1,143.2,95.6,30.3
117.0,144.0,95.6,31.9
114.5,145.2,94.3,32.7
114.5,142.5,95.6,32.2
117.9,140.4,97.6,29.6
120.4,140.7,97.6,30.5
123.4,139.5,98.2,30.8
123.9,138.6,98.8,27.0
123.3,139.0,97.4,27.4
121.7,138.7,97.7,27.6
125.1,140.8,96.3,29.1
125.1,140.6,96.5,28.8
128.5,140.8,95.4,32.2
131.8,140.1,94.5,36.3
115.0,135.6,94.2,37.7
132.1,140.7,92.1,35.3
129.2,139.6,92.8,33.9
125.0,139.8,92.9,37.4
125.2,139.3,94.4,36.4
126.1,139.1,96.0,34.4
125.1,138.5,97.1,32.0
128.8,137.4,98.9,28.8
135.2,140.7,96.9,29.3
134.4,139.6,97.7,24.9
136.1,140.0,96.8,31.1
140.1,138.8,95.9,30.2
138.9,142.6,92.5,32.4
141.3,142.6,91.8,32.2
137.1,139.7,93.4,32.4
139.3,140.1,93.5,32.4
139.7,140.1,93.6,31.7
149.5,141.1,93.8,32.6
140.0,142.7,89.8,34.1
139.6,142.5,90.0,35.5
142.3,142.3,91.1,36.9
140.1,142.4,90.5,36.5
152.5,141.6,94.3,31.5
162.2,139.2,96.7,35.1
161.8,139.6,96.5,35.0
169.7,133.1,99.1,35.5
176.5,133.7,97.3,40.2
169.7,133.9,97.2,40.9
159.7,136.2,96.1,39.7
112.6,135.1,97.3,35.3
89.1,135.4,95.7,34.1
108.9,136.3,94.1,38.7
130.3,137.6,93.3,38.7
126.1,140.1,93.8,39.4
121.7,139.9,96.3,47.1
119.2,136.7,98.6,44.6
118.7,136.3,98.2,41.2
119.5,139.1,97.1,41.6
113.2,140.7,97.8,42.1
113.8,138.4,98.9,37.5
109.9,138.5,99.5,33.3
109.7,136.0,102.1,34.2
111.5,137.8,102.4,34.3
110.0,136.4,103.2,33.8
114.4,136.7,105.3,39.2
115.6,135.5,106.7,40.2
116.8,135.9,106.6,38.8
115.3,135.9,106.0,37.9
115.6,135.7,107.4,44.9
121.9,136.0,105.8,44.0
120.5,140.1,102.3,37.6
125.4,142.6,100.5,40.1
129.2,142.1,100.2,39.2
133.2,143.6,98.3,43.3
140.8,140.7,99.8,41.6
145.9,141.9,97.8,42.1
152.7,144.5,96.2,44.7
111.0,144.2,95.5,46.0
107.0,143.8,94.3,49.3
108.4,144.2,93.2,45.3
110.4,137.6,97.8,43.2
112.1,135.2,98.9,42.7
114.1,132.8,99.7,47.3
113.7,136.0,99.2,43.5
113.4,137.6,98.6,44.9
109.1,138.0,98.3,48.8
108.3,138.6,99.4,48.1
106.8,137.8,100.0,41.8
108.9,142.8,98.5,44.7
107.0,143.9,98.1,48.6
106.5,140.0,99.7,47.0
107.6,141.6,98.9,46.0
107.2,141.2,98.1,45.7
108.4,138.5,99.3,46.6
108.9,139.5,98.6,43.6
107.3,139.1,98.5,44.7
108.1,139.8,99.0,48.0
108.4,137.3,99.6,46.8
106.3,137.4,99.7,46.9
108.5,138.2,100.4,46.6
109.2,138.1,99.8,48.0
109.5,136.8,100.9,48.4
115.0,139.7,100.0,50.8
111.9,142.5,99.3,51.1
113.7,142.2,101.1,53.4
118.4,141.1,104.0,53.6
116.7,141.4,105.2,52.7
112.8,141.1,104.6,54.2
112.2,140.7,103.1,52.5
114.6,141.1,102.9,54.5
113.6,142.7,101.2,55.5
111.9,141.7,102.4,53.9
109.5,140.9,102.0,56.9
110.0,139.0,102.3,53.7
111.2,137.2,104.7,52.7
109.4,137.2,103.9,51.1
111.3,137.4,103.2,55.2
110.8,138.4,103.3,55.5
109.5,136.7,103.6,56.8
111.1,138.0,103.0,57.0
111.1,137.5,102.2,56.6
110.3,141.0,100.2,55.5
113.0,138.1,100.8,60.9
117.0,138.1,101.9,58.7
110.8,138.6,101.0,57.2
112.9,138.7,101.1,57.2
117.4,137.3,102.3,55.7
115.3,138.3,101.4,58.7
113.5,138.4,101.4,57.7
113.1,137.0,101.4,59.8
112.2,136.9,101.8,59.9
118.0,137.2,101.0,59.3
116.9,139.5,99.6,61.4
116.4,138.0,100.7,61.9
118.2,138.0,100.7,62.7
119.5,138.9,99.6,64.2
117.6,136.8,101.3,62.2
119.3,136.3,101.4,63.3
118.2,136.6,101.4,64.7
116.3,138.2,101.6,66.9
115.3,139.0,100.7,67.0
119.8,138.0,101.5,71.1
116.5,137.1,101.2,72.2
116.0,139.1,100.1,71.5
121.1,137.6,100.1,72.8
119.1,138.5,101.3,76.7
120.6,138.5,100.0,75.1
116.0,138.9,99.5,77.9
120.3,140.1,98.7,82.8
121.6,139.8,99.2,87.3
117.7,141.2,97.8,91.0
117.3,137.7,100.9,93.1
111.7,137.6,101.0,96.0
112.3,137.8,101.0,99.6
112.4,138.5,100.9,101.6
110.4,139.0,101.3,103.4
114.8,137.2,101.0,103.8
114.4,138.5,100.6,105.7
114.9,139.6,100.7,106.5
117.6,138.6,101.7,107.2
120.9,137.0,102.5,108.3
122.0,138.4,101.8,108.9
122.5,138.6,101.4,111.1
119.8,138.7,102.7,112.2
119.5,139.7,101.9,110.9
117.4,137.3,102.4,112.5
117.4,140.2,100.7,114.4
122.5,139.4,100.7,114.0
118.2,139.1,100.8,113.5
122.2,144.8,98.9,114.2
116.5,141.5,99.9,114.5
113.5,138.9,102.4,119.5
108.9,140.5,102.1,119.9
113.4,134.9,104.3,121.2
114.6,133.9,103.6,120.1
116.8,133.6,103.1,120.2
118.6,134.9,102.8,122.5
117.8,134.7,104.8,125.7
119.2,136.9,104.5,125.2
119.5,139.1,101.9,125.1
119.4,139.0,103.4,127.4
118.1,145.1,101.3,126.5
119.7,147.5,100.7,125.6
118.8,146.4,103.2,128.9
120.6,143.3,104.1,129.6
122.8,143.1,103.5,130.1
121.2,140.6,105.0,132.8
122.7,143.5,103.7,132.2
122.8,142.5,104.0,132.1
122.4,142.9,105.0,133.8
120.8,143.1,105.6,136.1
120.9,142.3,105.6,134.1
122.0,145.3,104.2,133.9
123.8,145.0,104.1,134.6
123.6,147.5,104.3,136.3
122.8,147.9,103.5,137.0
117.8,146.0,103.9,137.5
118.3,142.9,104.8,138.4
120.5,143.2,104.6,140.5
120.8,141.2,107.2,142.2
124.4,137.9,109.5,146.6
124.9,133.4,112.6,148.7
124.0,135.3,111.9,151.6
121.0,133.6,112.3,152.4
122.2,134.3,111.1,152.2
122.9,135.4,110.8,153.8
122.6,136.6,109.1,154.2
129.0,137.4,109.0,153.4
125.9,140.5,107.4,153.0
126.7,143.4,106.3,152.8
131.1,144.1,105.4,152.2
126.1,147.7,104.2,153.5
125.0,146.5,104.4,152.6
122.8,141.6,104.1,153.8
121.6,138.6,102.7,151.7
116.3,137.2,101.0,151.0
110.5,131.7,97.9,146.3
120.0,132.0,95.7,146.0
123.8,131.9,95.8,145.1
121.6,137.0,92.1,138.7
123.3,140.2,90.0,129.5
122.9,144.3,86.7,120.0
126.1,146.7,84.8,115.6
126.0,146.0,84.6,107.5
124.7,140.5,86.3,100.7
124.9,138.0,87.2,99.2
123.4,136.3,90.3,103.0
122.5,133.4,92.1,102.2
121.1,136.7,90.9,107.2
120.6,137.4,89.8,106.9
119.7,138.3,89.5,108.4
119.9,135.2,92.1,111.6
118.7,136.1,90.0,111.9
116.3,135.2,90.6,112.3
114.9,136.1,90.7,114.0
113.5,136.8,90.0,112.3
115.5,136.7,91.1,115.9
115.8,136.6,90.6,117.5
116.5,135.6,90.4,118.9
118.4,135.1,91.0,121.3
118.1,134.3,91.7,123.3
119.5,137.3,91.4,125.8
119.9,135.8,91.7,125.4
119.8,135.1,92.0,125.0
118.4,135.7,91.5,127.0
119.3,135.6,91.8,128.5
123.1,137.5,90.5,127.8
121.8,138.5,89.9,127.9
121.7,139.5,90.0,128.1
119.1,142.3,89.5,130.7
119.9,138.9,91.2,134.4
116.3,136.6,93.1,131.2
119.0,136.4,94.3,133.7
115.8,138.8,91.6,135.3
112.8,142.5,90.2,138.6
115.3,139.9,90.4,140.0
113.1,139.0,90.7,140.8
108.6,131.4,94.9,143.8
102.6,131.0,93.0,143.0
116.2,132.3,91.1,142.8
119.9,130.7,93.1,143.7
117.5,136.9,91.2,144.3
123.6,136.2,91.8,143.9
123.6,137.4,93.4,144.9
122.9,141.1,92.6,147.2
120.6,142.6,92.6,144.4
121.4,142.6,93.7,148.6
126.0,140.5,95.3,147.9
128.3,139.3,96.3,148.1
129.9,142.2,94.7,148.6
129.9,138.4,94.8,148.2
130.2,135.1,96.4,148.4
132.7,129.9,98.9,149.3
132.2,131.4,99.7,149.3
135.7,131.6,99.2,148.8
136.0,130.9,99.3,151.1
135.7,127.5,102.4,150.9
133.1,126.6,102.9,150.4
130.4,126.0,102.6,150.7
131.3,127.8,100.5,150.9
133.0,131.0,99.3,152.5
135.2,132.5,98.6,150.2
133.4,131.4,99.1,149.3
130.0,133.1,97.7,148.9
130.2,134.8,99.5,151.6
129.2,136.0,100.6,151.7
129.9,138.2,100.1,150.8
129.5,138.8,99.7,150.2
129.0,138.5,100.1,151.8
129.8,137.9,99.4,152.1
127.6,137.0,98.7,151.9
127.2,136.9,98.8,151.8
126.9,136.3,99.2,152.0
123.0,132.8,99.5,152.0
119.2,131.8,99.3,151.6
117.0,132.2,97.7,151.7
122.9,132.7,96.9,151.2
121.7,131.4,97.0,151.7
121.7,135.0,97.0,151.7
124.8,134.5,99.2,150.3
123.9,136.9,100.9,152.4
121.6,138.3,101.0,154.2
122.0,139.6,100.2,153.8
123.7,139.7,100.5,153.6
119.9,140.1,100.9,153.8
118.1,141.4,100.3,153.3
118.0,138.7,101.9,153.2
117.6,138.1,101.6,152.9
118.0,138.5,101.6,153.6
115.2,138.5,101.7,152.8
117.3,139.6,101.0,153.1
116.9,137.9,103.5,153.4
120.6,138.7,104.4,154.0
117.6,137.9,107.4,154.0
117.4,138.4,108.0,154.3
121.2,142.1,106.4,153.4
118.5,144.5,106.4,155.5
118.8,143.8,108.3,156.1
118.5,139.1,111.4,156.7
118.1,138.9,112.9,157.1
117.9,138.7,113.4,158.1
116.9,139.4,111.7,157.9
118.1,139.5,111.4,158.3
118.4,140.2,111.0,157.9
118.8,138.7,111.4,157.2
119.4,137.4,111.3,156.2
124.7,138.7,109.3,155.9
120.4,135.1,109.9,154.8
121.1,136.9,109.2,154.6
122.2,136.7,109.5,152.5
122.8,137.5,108.2,151.8
124.1,135.8,108.8,152.3
131.9,137.9,107.6,150.7
129.7,138.9,105.7,148.6
117.8,136.8,103.9,147.0
119.0,133.4,106.5,147.2
118.3,132.9,106.1,147.2
113.0,136.5,105.0,148.3
113.0,138.1,103.4,146.9
114.8,137.2,104.4,147.9
115.9,137.2,106.5,149.8
117.9,138.8,106.0,152.9
116.7,136.2,106.2,151.3
119.5,136.4,105.3,151.2
120.0,136.9,105.0,151.0
121.1,136.9,106.1,153.6
121.0,139.4,107.1,154.3
121.1,139.4,108.2,155.3
123.4,138.1,110.3,157.0
122.7,138.5,110.4,156.6
122.3,139.2,109.7,155.2
124.4,138.8,109.8,154.2
124.5,138.0,110.0,153.7
124.2,138.1,109.1,154.2
118.0,141.9,106.7,153.6
120.8,141.6,106.5,154.1
121.4,140.2,105.0,154.4
112.3,140.9,103.5,153.9
97.4,137.0,102.8,152.0
116.6,134.7,103.4,149.3
116.6,133.4,101.2,148.9
116.4,132.8,101.8,152.0
115.4,128.9,104.1,153.3
114.1,127.8,105.1,154.5
118.1,133.0,103.9,154.9
119.2,134.0,103.3,155.9
123.1,136.9,101.3,155.3
120.6,136.3,101.2,154.8
131.5,137.9,99.8,153.2
134.2,139.5,101.5,153.8
133.8,139.7,103.3,154.4
133.4,140.5,101.8,153.9
136.4,145.4,101.2,153.4
138.3,141.5,105.3,154.3
136.3,140.8,105.3,155.1
126.9,143.9,103.2,155.9
118.2,143.0,105.5,155.5
113.9,144.4,105.9,154.0
114.0,144.0,107.6,153.5
122.2,145.4,104.9,152.2
125.4,145.0,105.2,152.7
124.0,142.3,107.2,152.5
126.8,140.0,110.1,152.6
126.9,141.8,109.4,152.5
126.0,142.4,108.1,153.0
128.0,147.5,105.6,153.6
128.3,144.9,107.2,154.7
129.0,147.0,107.6,155.2
126.5,143.7,108.4,155.8
126.8,142.7,108.8,155.1
127.3,145.4,107.4,155.0
127.6,139.3,111.1,155.5
128.5,143.2,108.4,154.9
128.3,139.6,110.1,153.1
129.8,141.9,109.0,153.2
129.6,138.4,111.2,153.2
131.0,145.2,108.0,154.3
130.9,144.7,108.0,154.1
130.8,144.7,108.4,154.2
132.0,139.3,110.2,153.3
131.6,139.8,108.8,153.5
133.1,144.9,106.1,152.2
133.8,140.1,107.5,152.0
134.9,144.4,104.5,151.4
135.5,144.2,104.1,152.6
137.9,145.6,103.2,152.8
137.5,144.1,102.5,149.2
137.0,141.3,102.7,148.1
136.6,138.8,102.8,146.9
136.4,138.2,101.6,146.4
139.6,136.3,99.6,137.7
141.3,134.7,97.3,129.3
141.9,135.2,96.6,128.3
139.3,135.5,96.1,126.2
141.3,133.1,96.3,122.5
140.7,131.5,95.8,121.5
141.0,132.7,94.4,119.4
141.0,133.6,93.9,117.4
140.8,131.5,95.3,116.2
141.3,130.8,95.5,115.4
142.5,131.3,94.9,115.0
138.4,130.9,95.5,116.4
141.2,131.5,94.7,116.3
137.1,132.6,93.7,116.1
134.8,133.6,91.5,116.2
131.6,133.1,91.7,116.5
131.1,134.3,90.5,116.5
131.5,135.0,90.7,118.2
131.9,131.6,93.2,118.7
133.1,135.6,90.1,119.9
134.0,134.5,91.4,120.2
132.1,134.2,91.3,119.4
133.1,133.9,91.8,118.7
130.5,134.2,91.6,120.2
129.9,135.2,91.9,119.9
130.3,134.3,92.3,120.0
131.1,134.1,92.5,120.6
130.0,134.2,92.7,120.0
127.5,133.4,93.4,120.0
132.3,132.5,94.1,121.2
131.8,134.9,92.3,120.7
130.1,134.1,92.8,121.7
128.2,134.1,93.7,120.8
128.8,134.0,94.1,121.9
129.0,133.2,95.1,123.1
129.7,134.9,96.4,127.1
126.7,132.4,97.8,126.8
127.7,132.2,98.1,125.2
126.0,131.0,100.2,127.0
125.8,131.8,99.8,127.9
123.2,132.6,99.4,129.3
126.1,132.6,99.6,130.3
127.4,132.3,100.2,130.6
125.3,135.7,99.1,134.0
127.4,132.1,103.2,135.6
126.7,136.5,99.6,135.6
126.3,135.6,101.4,138.4
127.4,136.5,102.8,141.0
125.0,137.8,102.6,141.6
127.0,137.5,103.4,141.7
127.4,139.5,102.6,141.9
126.8,137.8,104.0,141.9
125.9,140.4,103.3,143.3
126.5,141.1,103.7,141.6
128.5,137.8,106.8,143.8
126.4,140.8,107.0,145.9
126.5,141.0,108.6,147.6
127.3,137.3,111.5,148.5
126.1,138.3,111.5,150.1
128.0,139.7,111.8,149.7
129.5,141.8,110.4,150.4
126.7,142.6,110.2,151.3
125.5,143.0,109.1,150.9
130.9,141.7,111.0,152.1
131.8,142.9,109.7,153.2
131.8,143.1,109.5,152.6
128.6,143.2,109.4,153.9
128.1,142.2,110.4,154.3
130.4,141.0,110.9,154.5
128.1,142.8,109.5,155.3
128.9,142.0,108.9,154.2
129.4,142.6,107.3,153.2
129.9,141.4,108.1,153.6
128.8,143.0,106.6,154.8
127.3,140.7,107.8,155.8
130.6,138.6,107.5,155.7
129.4,139.4,106.9,155.8
128.7,140.3,104.4,156.9
126.6,141.2,102.2,154.8
126.9,139.9,101.6,151.4
125.8,141.1,100.1,152.8
125.9,139.5,99.3,153.5
124.0,141.4,97.9,152.8
123.8,140.0,98.6,151.4
124.2,141.3,97.4,150.1
122.1,140.2,97.2,149.8
124.2,142.7,96.5,148.8
123.7,142.8,93.7,145.2
126.1,139.2,93.7,140.2
126.7,134.1,96.2,136.6
129.3,133.7,95.7,131.3
127.2,131.1,96.9,130.1
129.2,132.2,96.0,127.7
126.3,132.2,95.6,125.4
125.1,132.5,96.9,123.7
126.7,135.5,95.1,121.6
125.8,137.1,94.7,120.7
124.6,137.8,92.5,120.8
124.0,141.9,90.0,120.9
124.7,143.3,87.9,120.5
124.7,143.9,88.3,121.5
124.4,137.8,90.8,121.0
126.3,143.0,87.2,119.5
124.9,142.2,87.4,119.0
121.3,141.0,87.1,119.3
125.4,142.2,87.1,118.5
124.6,143.2,85.9,118.1
123.3,142.0,87.2,119.0
125.0,140.3,86.6,117.7
122.4,138.1,87.4,118.4
121.4,136.1,87.9,118.1
113.7,138.3,84.6,119.9
118.7,139.1,85.3,120.8
122.2,140.3,83.9,121.7
123.8,140.2,85.1,122.6
123.9,142.3,84.0,121.2
125.8,137.3,87.8,119.9
127.6,138.7,86.9,119.2
124.4,141.8,85.4,119.5
127.6,140.0,87.8,121.4
126.7,140.8,87.4,122.1
128.1,139.0,88.1,122.5
129.0,138.2,88.4,122.4
124.2,139.4,87.7,123.2
124.6,136.7,87.6,122.0
124.7,136.7,87.0,124.3
126.6,136.1,87.9,124.7
126.6,133.4,90.9,123.6
126.3,133.4,89.7,120.4
124.2,134.8,89.6,125.2
125.0,135.9,88.3,126.2
126.4,135.0,89.4,126.6
128.0,133.6,90.6,128.7
125.5,133.4,91.5,129.3
126.2,138.9,87.5,128.6
125.4,139.9,88.7,128.1
126.1,139.5,89.8,130.3
124.4,141.2,89.9,130.2
127.9,142.2,88.9,134.4
118.3,139.2,90.3,137.2
110.7,137.6,90.1,137.8
115.2,135.7,89.9,136.9
122.8,137.7,89.0,136.5
120.5,137.2,89.8,135.0
121.2,136.7,92.3,137.8
123.9,139.3,91.7,135.7
121.5,142.2,92.5,136.8
119.1,140.6,93.7,135.1
120.7,142.7,93.6,138.8
122.5,138.4,97.6,141.1
121.2,139.4,97.2,140.2
122.4,139.4,97.8,141.1
123.5,139.8,99.0,143.9
123.7,140.9,99.0,146.0
122.8,142.0,99.4,147.2
120.1,142.9,99.0,147.9
121.9,138.7,102.1,149.7
122.5,137.5,101.4,148.7
121.1,138.8,101.8,151.1
119.7,140.5,102.3,152.1
121.5,140.3,102.1,152.4
120.1,140.7,100.1,151.2
117.0,139.4,100.6,152.1
119.4,139.1,101.4,154.4
120.8,139.5,100.8,153.9
121.4,138.6,101.5,153.6
124.3,138.9,101.1,151.6
124.1,137.5,101.7,153.8
126.8,138.4,102.2,151.6
127.7,137.3,103.2,151.6
128.0,136.9,104.6,152.7
124.6,136.4,102.9,151.5
122.7,138.4,101.9,152.5
125.6,141.0,101.6,155.0
125.7,139.3,103.3,154.9
124.7,140.5,103.6,156.2
122.2,141.3,103.8,156.0
124.4,140.9,103.8,155.2
123.8,138.2,102.8,154.9
121.0,138.2,102.4,156.2
118.9,139.6,101.7,156.5
126.1,135.8,101.0,153.8
123.9,135.6,100.8,154.3
125.8,134.8,100.7,152.5
130.5,134.6,99.2,152.6
120.2,135.2,99.3,153.0
119.0,133.9,98.5,155.0
116.1,133.7,98.0,155.3
121.5,132.0,97.8,155.2
121.7,131.3,98.0,154.3
123.3,135.0,96.3,154.7
125.3,137.0,96.5,154.0
124.9,137.5,96.6,154.1
124.6,137.9,96.7,153.4
123.8,136.4,98.2,153.2
127.3,134.3,99.1,152.8
126.7,134.3,98.4,152.5
127.9,132.6,99.4,154.8
125.3,133.5,99.3,155.0
123.0,135.9,98.2,152.6
121.7,135.9,98.0,152.7
121.4,134.4,98.8,152.7
123.6,134.3,98.8,153.2
123.5,135.6,99.6,153.7
126.1,133.2,101.3,155.8
123.4,132.4,101.7,155.0
126.4,133.6,100.9,154.1
125.7,132.3,102.5,154.5
127.0,133.7,102.5,154.4
126.6,133.8,103.3,153.6
130.3,138.4,103.0,154.9
129.0,136.7,106.8,156.9
126.7,141.6,108.0,159.5
125.8,143.0,107.1,158.7
125.0,143.4,107.6,156.7
123.3,143.1,110.0,158.9
121.4,143.8,110.9,159.0
121.1,143.8,110.4,157.1
120.8,141.7,110.9,156.6
121.0,143.2,109.3,155.9
120.9,142.1,111.0,157.5
118.0,143.3,110.3,157.0
119.0,143.2,110.3,155.7
119.2,140.9,112.2,155.9
120.4,141.2,112.1,155.5
118.5,140.4,112.7,155.7
120.9,141.4,112.1,155.2
119.7,142.1,111.2,155.7
119.6,141.0,111.3,155.1
119.9,142.3,112.0,157.9
121.4,142.4,112.0,157.9
120.5,141.9,112.9,158.2
121.1,144.4,111.3,157.7
120.8,142.5,111.8,157.1
122.4,142.3,110.5,157.0
121.3,142.9,110.1,157.1
123.9,142.8,110.4,156.0
123.7,137.0,111.4,157.1
123.8,135.9,110.2,156.1
124.3,134.0,110.2,155.7
123.3,133.2,109.9,154.2
123.4,132.2,109.2,155.1
124.0,131.1,109.4,155.3
126.8,131.2,107.7,153.8
128.9,129.8,105.2,152.8
119.7,127.4,105.7,152.0
115.3,124.5,106.8,151.9
128.0,123.8,105.0,152.1
129.1,123.4,105.4,152.6
129.0,126.0,104.7,154.4
129.0,127.0,104.3,155.1
129.0,126.4,105.9,154.4
126.1,128.1,105.5,155.0
129.9,129.1,106.0,155.1
128.6,131.5,105.2,154.8
131.0,130.5,104.6,154.3
130.2,128.9,105.4,155.0
129.9,129.3,104.8,154.3
126.0,131.0,105.8,156.0
127.6,130.4,105.6,155.7
127.0,134.4,105.6,155.8
128.3,131.5,107.0,155.7
128.4,132.6,107.2,156.0
130.7,132.0,107.4,154.8
126.6,131.0,106.6,152.2
128.8,129.2,108.4,153.5
131.5,130.2,107.5,153.9
129.1,132.0,107.0,153.1
132.6,130.6,107.2,152.6
130.0,132.1,106.1,152.6
131.6,132.5,106.6,153.0
127.6,133.1,105.5,153.2
130.1,130.8,106.3,153.2
128.5,128.3,106.8,153.2
133.4,128.1,104.9,154.0
125.6,128.7,104.1,154.2
120.1,127.9,104.2,153.9
117.6,129.7,102.8,154.2
121.6,131.0,102.6,153.8
121.0,132.1,103.1,153.5
121.1,133.6,102.1,153.8
120.9,131.6,105.5,153.6
121.9,132.1,105.6,152.4
121.4,134.0,105.2,153.3
122.9,136.3,104.0,153.6
121.1,136.1,104.8,153.7
121.9,134.9,105.3,153.6
118.5,135.9,104.5,153.4
121.4,136.0,105.4,153.9
118.5,136.9,104.9,154.3
121.4,136.8,104.6,153.9
121.7,137.9,103.9,154.1
121.4,138.9,102.6,154.3
122.6,138.8,103.6,154.8
121.5,136.6,104.1,154.8
121.1,136.8,104.3,155.5
124.1,137.4,103.9,154.7
122.3,139.7,102.6,155.5
125.9,138.3,103.9,154.5
124.2,139.8,102.8,155.2
124.8,139.1,104.0,155.3
123.4,137.7,104.0,155.4
125.3,138.4,103.9,155.0
123.7,137.8,104.1,155.4
121.1,136.7,104.8,155.9
121.8,136.9,104.3,156.2
121.6,136.7,104.5,156.7
121.6,135.6,106.0,156.1
122.3,136.4,104.7,156.3
122.5,136.5,105.1,156.6
124.7,135.5,106.4,157.5
120.9,135.2,106.2,157.6
123.9,134.8,106.1,157.4
119.6,135.9,105.8,157.1
120.4,135.8,105.5,156.8
119.7,135.1,106.3,157.2
118.3,134.9,106.8,157.9
119.9,136.6,105.9,156.8
118.9,135.8,105.4,155.2
122.4,136.3,105.4,155.8
121.5,137.1,104.8,155.1
125.3,137.6,106.5,155.2
123.6,139.0,106.5,154.6
122.4,140.5,107.2,157.1
120.8,140.5,108.0,157.3
121.1,139.5,109.4,156.2
121.2,139.9,110.6,157.0
119.5,139.6,110.7,156.4
117.3,139.4,110.6,155.5
120.6,140.3,110.0,155.7
116.9,138.9,110.2,156.6
115.6,139.2,110.1,155.9
115.2,138.9,110.8,156.7
117.2,139.7,109.6,156.6
120.0,138.3,110.6,157.0
114.4,138.4,110.9,156.8
116.0,138.7,110.3,156.6
118.7,139.5,109.4,156.7
115.4,139.8,108.0,155.7
119.7,139.7,107.8,155.7
115.5,138.8,107.9,156.2
117.3,140.4,107.7,156.0
121.6,138.3,107.5,155.6
115.0,137.6,107.5,155.2
119.2,137.7,106.6,154.7
118.4,136.6,106.0,155.2
115.9,137.3,105.5,154.7
116.0,134.8,105.5,154.7
118.1,133.2,105.2,154.7
108.8,131.8,104.6,153.8
112.8,130.2,104.9,153.9
118.7,131.4,105.6,152.3
121.2,131.4,106.2,153.1
122.3,131.5,106.5,152.5
124.2,133.9,104.5,153.3
124.6,135.2,103.6,154.6
125.9,134.0,103.8,152.9
124.6,133.7,103.9,153.7
125.4,135.1,103.5,153.3
125.2,135.2,104.4,154.2
123.9,135.1,103.5,154.0
125.0,135.2,103.4,154.9
127.1,134.7,103.4,154.5
127.3,134.3,103.7,153.3
128.5,132.2,105.9,155.2
126.2,134.6,104.5,154.5
127.1,135.6,103.2,155.1
123.9,136.5,102.2,154.5
126.1,135.3,103.4,154.9
124.5,135.0,103.7,154.7
122.6,134.0,105.0,155.8
125.9,135.9,103.8,153.9
126.5,133.0,106.3,154.4
129.0,134.7,106.6,154.8
126.9,134.2,106.5,154.0
125.3,133.3,107.6,153.6
126.2,131.9,107.7,153.1
125.9,134.5,106.7,153.8
124.7,135.2,106.5,154.7
127.9,136.0,105.5,154.4
124.3,137.7,105.3,155.2
131.7,137.9,105.1,153.7
119.6,140.4,104.4,153.5
120.6,138.2,104.7,153.1
122.8,137.8,104.2,155.1
122.1,135.1,104.5,155.1
120.4,133.8,105.0,155.4
118.6,134.0,104.9,154.9
111.6,131.7,104.7,154.2
115.3,131.8,104.6,154.5
120.4,134.1,104.0,155.0
121.0,134.8,103.7,153.9
121.9,137.0,104.1,154.3
123.1,136.4,104.6,154.6
122.2,137.5,104.8,155.5
124.7,140.6,103.4,155.1
125.4,141.1,103.3,155.0
123.2,141.2,103.2,154.7
123.5,139.7,105.0,154.8
123.0,141.6,103.8,154.6
122.5,140.2,105.0,154.4
123.4,141.0,104.0,155.4
121.9,138.0,103.7,155.5
123.3,138.8,103.8,155.4
122.9,137.3,103.7,154.8
125.6,137.0,103.8,156.1
123.3,138.1,104.2,155.5
124.0,138.7,104.5,157.3
121.2,139.4,104.0,157.1
120.0,138.5,104.4,157.6
118.2,137.0,104.5,157.3
117.8,137.5,104.3,157.8
118.0,136.2,104.5,156.3
118.6,135.7,104.2,155.9
119.3,136.1,103.6,155.1
119.2,136.7,103.4,155.5
119.8,133.3,104.6,153.6
123.1,134.3,104.7,154.1
126.0,135.5,104.3,154.1
126.0,135.8,105.3,154.0
123.7,134.3,105.9,153.7
125.4,134.4,106.3,154.2
124.5,136.5,103.9,153.4
126.0,135.5,106.8,154.5
127.7,137.7,106.1,154.9
124.8,140.2,105.1,154.8
125.4,138.9,105.1,154.4
125.5,141.2,103.4,152.9
122.4,137.9,105.7,154.9
120.4,138.4,106.0,153.5
121.6,140.8,103.4,152.5
119.4,137.8,104.1,154.5
123.4,135.2,104.1,154.2
121.9,135.3,102.9,154.1
120.3,135.0,103.9,154.9
123.9,133.1,104.2,155.4
118.5,132.8,103.7,154.9
121.9,133.2,103.0,154.1
118.5,131.7,103.1,154.4
120.9,130.1,103.0,154.6
121.5,128.9,103.3,154.0
131.8,127.5,102.5,154.1
99.6,127.1,102.2,154.1
116.7,123.9,102.8,154.9
115.8,123.7,103.4,155.5
112.9,126.0,102.2,155.8
113.5,126.6,102.8,154.4
113.8,126.5,104.0,155.1
112.3,128.2,103.4,153.7
111.3,128.6,102.7,153.3
111.0,130.4,101.2,152.7
110.4,130.5,102.0,153.0
114.8,128.9,103.0,153.5
114.1,128.1,105.3,153.6
115.2,127.6,105.3,153.9
117.0,129.9,103.7,153.9
117.4,128.9,104.3,154.1
117.2,129.9,103.5,153.8
116.0,130.1,103.3,152.9
114.4,131.8,103.4,155.6
117.8,132.0,103.6,154.7
115.4,133.1,101.9,154.0
125.9,133.6,102.5,154.5
127.0,136.0,101.4,153.3
137.3,137.3,102.4,153.4
137.1,137.2,102.0,152.9
136.7,136.4,102.4,153.6
123.2,135.5,101.8,152.6
126.5,134.8,100.8,152.1
102.7,133.4,101.1,152.3
112.1,132.2,100.1,150.0
118.1,130.2,101.8,152.2
119.9,129.8,102.5,152.9
116.6,133.7,101.4,153.7
116.9,133.9,100.8,154.8
113.8,132.1,102.2,155.1
115.3,133.3,102.3,157.0
114.5,132.2,102.5,155.5
114.4,133.5,101.5,154.6
114.9,134.6,100.9,155.2
116.2,134.0,101.3,154.8
115.6,132.0,102.2,154.4
117.3,132.0,102.4,155.0
114.1,132.0,102.1,153.8
113.3,130.6,102.2,153.9
115.0,130.3,102.1,152.8
114.9,132.6,101.1,150.2
111.7,133.9,101.9,151.5
115.1,136.1,101.4,154.4
112.4,138.8,102.5,154.3
109.6,137.9,102.2,152.8
106.6,137.8,101.8,152.2
109.3,136.5,103.4,154.4
109.3,136.0,101.2,153.9
109.6,136.6,101.7,153.6
109.1,136.2,100.4,151.1
115.6,137.5,100.3,152.3
119.6,135.5,100.2,152.6
100.9,132.6,99.0,152.5
112.5,130.9,99.6,153.3
114.4,133.4,95.7,151.3
113.4,133.6,96.9,154.3
115.0,135.1,97.6,155.4
117.1,135.4,98.5,154.7
116.1,132.4,99.6,153.6
116.9,132.4,101.3,153.5
116.3,129.3,102.5,153.7
115.7,131.3,101.8,154.0
115.4,130.9,102.0,153.6
117.0,134.2,100.0,152.2
115.7,134.0,99.3,152.7
116.4,131.9,100.8,152.6
116.4,135.9,99.4,153.0
113.8,134.5,100.5,153.4
113.1,134.1,100.3,152.5
114.0,134.3,100.8,153.3
113.2,132.8,101.8,153.5
112.6,133.3,100.9,152.9
113.9,131.8,103.1,153.9
114.4,132.8,102.4,153.3
114.7,131.3,103.1,153.7
114.9,133.1,101.9,153.5
115.0,132.8,101.7,153.3
116.9,133.1,103.9,154.6
117.6,134.1,102.6,154.8
115.0,135.3,103.2,153.8
115.1,137.2,103.9,155.4
116.4,137.3,104.8,154.9
115.3,137.8,105.4,155.6
116.9,138.6,105.2,153.9
117.1,139.9,104.3,154.0
114.7,139.5,104.7,154.4
116.5,140.2,103.4,153.6
114.9,136.4,104.5,154.2
116.9,136.9,103.2,153.0
117.7,138.7,101.8,154.4
119.4,136.0,102.6,154.9
121.2,136.0,101.6,154.3
122.1,131.9,102.7,153.3
121.2,131.7,102.7,155.0
121.4,129.9,103.4,154.9
122.5,128.5,103.9,155.7
127.0,123.8,106.9,154.9
119.0,120.9,106.4,155.2
111.2,121.6,104.8,155.3
122.6,121.5,103.7,153.5
123.6,123.5,102.8,153.5
124.0,123.2,104.6,154.4
125.0,125.8,104.3,154.4
125.0,127.9,104.1,155.5
124.3,131.5,102.6,154.9
123.0,132.7,102.2,155.0
121.9,133.6,102.1,155.0
123.4,132.0,103.0,155.1
120.6,132.3,102.5,155.0
120.1,133.9,102.4,155.7
120.8,134.1,101.6,154.8
120.2,132.6,103.4,155.0
120.8,135.2,101.1,156.0
122.6,131.3,103.4,155.8
119.9,132.7,103.8,156.8
120.5,131.2,104.1,156.0
119.0,131.3,103.6,155.9
118.3,131.6,103.1,156.6
117.1,132.9,102.7,156.2
119.0,133.5,103.1,156.0
118.2,135.7,101.9,156.6
120.0,135.2,102.2,156.6
119.7,134.7,103.8,156.4
120.2,134.3,102.6,155.2
120.0,133.4,102.8,154.0
123.6,134.3,102.9,154.5
121.5,137.8,101.2,153.3
121.0,139.7,101.6,153.9
118.6,140.9,101.2,153.5
119.1,141.3,101.7,153.0
117.6,141.7,101.7,151.6
119.1,140.3,101.8,151.7
119.2,138.2,100.5,151.8
119.4,134.4,101.8,153.0
120.2,134.9,102.1,153.4
119.7,133.0,102.9,153.7
117.8,133.0,102.7,152.9
118.5,133.2,102.9,153.8
116.3,132.5,103.3,153.3
113.0,132.0,103.5,153.7
117.6,131.4,102.6,153.2
116.2,133.7,102.3,153.1
112.7,133.4,102.8,153.8
114.2,133.4,102.9,154.0
116.6,131.3,104.1,153.5
115.1,131.9,102.2,152.5
102.9,129.8,103.1,153.4
108.6,129.4,103.5,152.5
117.7,130.2,102.7,151.7
116.2,131.4,102.6,152.2
118.1,128.9,104.5,152.2
119.1,131.8,103.9,153.5
122.3,132.0,103.0,153.1
117.2,134.1,102.3,154.3
119.7,135.9,100.7,152.4
119.2,134.3,101.1,153.0
120.4,136.1,101.2,153.6
118.2,134.3,101.7,153.4
118.2,135.5,100.9,153.0
118.1,134.4,101.7,153.9
119.2,132.5,104.5,156.0
119.4,131.7,103.7,155.5
118.5,133.3,103.9,155.6
119.4,133.5,103.8,156.2
116.0,135.0,102.6,156.2
116.0,134.4,103.0,155.1
114.7,135.0,102.6,155.0
113.1,136.6,101.6,154.2
112.7,135.1,103.2,155.0
115.6,135.8,102.5,154.1
114.8,135.3,102.4,154.7
117.4,136.7,102.3,154.8
116.8,135.7,102.6,154.5
118.9,133.1,104.3,154.5
120.0,135.5,104.1,154.8
118.0,134.3,105.0,155.2
119.3,137.2,103.6,154.4
118.6,137.4,103.4,153.4
118.3,139.0,103.1,152.9
119.0,140.8,103.8,153.1
118.8,139.9,104.6,153.1
120.0,138.2,105.7,153.4
118.3,139.2,105.1,153.9
118.4,142.2,104.9,153.7
116.7,141.6,105.0,154.1
116.7,140.6,104.7,153.6
117.5,138.0,104.2,153.6
115.0,139.0,103.8,153.9
115.4,139.5,103.6,154.0
115.1,136.9,103.3,154.4
113.5,138.5,102.9,153.2
114.1,137.8,103.4,153.3
114.9,138.1,102.6,153.2
113.9,138.2,103.7,152.7
117.1,138.0,103.9,152.5
113.3,138.1,103.3,154.0
111.2,139.1,103.0,153.5
115.9,138.8,102.7,153.9
107.6,136.5,103.5,154.2
111.9,136.3,102.2,153.2
107.6,135.8,102.4,154.1
110.7,136.1,102.5,154.9
109.4,134.7,102.1,154.3
108.9,134.0,102.8,155.1
112.6,133.0,101.9,155.3
113.5,131.4,103.0,154.6
105.4,130.8,103.0,154.3
106.2,126.7,104.3,152.9
114.9,125.2,105.3,154.5
119.8,127.5,105.3,155.4
119.4,134.3,102.6,155.7
117.3,134.0,102.6,156.0
119.1,135.8,102.2,155.9
116.0,134.5,102.3,155.7
118.9,133.2,102.9,155.2
118.0,132.6,103.3,155.8
116.8,133.3,102.5,155.2
118.0,134.5,102.5,155.5
117.5,134.6,102.3,155.0
118.2,134.1,102.6,155.9
116.6,132.9,103.7,155.4
116.3,131.0,104.4,155.2
114.8,132.9,103.8,155.3
113.3,133.9,103.8,155.7
114.6,134.1,103.5,155.6
116.6,133.4,104.8,156.6
118.4,131.7,105.1,156.7
120.2,133.7,103.9,155.9
120.3,134.3,103.5,155.5
120.5,132.4,103.7,154.8
120.6,133.7,103.4,155.1
119.9,136.0,102.1,153.4
119.5,136.9,101.4,154.5
117.4,138.5,101.3,154.3
120.5,138.9,101.5,154.3
123.0,140.0,101.7,153.9
119.3,139.0,101.9,153.5
122.2,140.0,101.8,153.5
118.6,140.0,101.0,153.5
120.5,137.0,101.6,153.5
118.3,136.5,101.9,155.0
117.7,133.6,102.6,153.6
120.1,135.5,101.9,153.7
116.3,138.0,101.7,153.9
123.3,137.7,101.0,153.5
121.8,137.6,100.6,154.1
122.1,135.6,102.4,153.8
133.6,134.3,101.1,153.5
133.9,134.9,100.5,154.4
98.3,133.2,101.7,154.2
110.4,132.7,101.5,154.1
118.7,133.4,102.0,155.2
119.4,133.9,101.9,156.3
116.3,134.0,102.0,156.2
115.9,134.5,102.0,155.8
114.6,133.6,102.5,156.7
115.7,134.0,101.8,154.0
112.6,133.8,102.0,154.8
113.7,133.9,102.7,155.8
113.6,134.2,102.1,155.4
113.9,132.2,103.2,155.1
117.7,134.4,101.7,154.1
115.5,133.7,102.3,155.9
116.9,133.3,103.1,155.2
117.3,135.2,102.4,155.0
118.4,134.9,102.6,155.8
118.7,132.6,103.4,154.7
115.4,133.4,102.2,154.4
115.7,133.2,103.4,154.7
115.2,134.5,103.2,155.1
114.5,136.2,102.5,153.4
115.3,139.3,101.2,154.4
115.6,139.5,101.8,153.8
118.7,138.8,102.5,154.4
116.4,137.3,102.7,153.6
115.0,139.5,102.6,153.6
111.7,137.4,101.8,152.7
109.7,136.9,102.3,153.1
109.4,135.7,102.8,153.7
109.4,135.7,101.9,153.1
109.0,134.5,102.1,154.0
109.7,136.0,102.3,154.7
111.1,134.2,101.8,153.7
114.5,134.0,102.1,154.1
113.1,134.2,99.9,153.5
99.5,133.5,99.7,152.7
117.2,130.0,102.7,154.8
116.5,130.9,100.5,154.6
116.3,133.9,100.8,153.1
115.8,136.8,100.3,155.9
112.8,136.6,100.7,155.6
113.5,137.0,100.6,155.9
113.0,135.3,101.2,155.6
112.4,135.2,101.5,156.1
113.5,135.3,101.2,155.8
113.5,135.1,101.0,156.0
113.1,134.4,101.0,153.9
114.8,135.0,101.4,154.2
113.4,134.7,102.2,156.4
115.1,134.5,102.5,156.5
113.4,136.8,100.9,154.4
114.9,137.3,100.2,153.7
113.4,137.9,101.6,153.0
113.8,136.6,102.1,155.1
111.3,140.0,101.8,154.5
111.1,138.6,102.2,154.6
112.2,141.0,102.8,155.3
112.1,141.8,102.6,155.3
110.0,141.6,102.6,154.9
113.4,139.1,103.0,153.8
112.8,138.6,103.0,153.4
115.6,138.2,104.4,152.9
121.2,138.2,103.7,153.6
124.9,137.9,104.8,153.6
130.8,138.6,103.8,153.1
145.7,138.6,102.6,153.1
178.7,139.4,100.5,152.7
180.0,140.1,99.8,151.6
102.4,137.9,100.7,150.2
108.9,132.3,101.8,150.4
108.0,126.8,101.6,152.1
109.7,132.1,100.7,156.5
111.4,134.2,101.2,158.6
111.8,134.8,101.5,159.1
111.3,133.0,101.0,158.7
113.6,133.9,100.5,157.8
114.5,136.3,99.4,157.4
115.0,132.2,101.8,157.6
115.1,131.3,102.1,157.5
109.8,131.7,101.4,155.5
108.0,131.0,100.8,155.8
107.6,134.7,99.9,154.6
104.4,135.1,101.0,154.3
106.2,135.5,101.3,154.8
109.8,136.5,101.0,152.9
104.2,132.7,103.2,154.0
111.1,136.5,101.5,153.9
115.2,136.3,101.7,152.7
116.8,136.8,101.2,152.0
141.5,136.4,100.2,152.2
92.8,137.1,99.1,152.1
111.3,131.9,99.2,151.8
113.3,133.8,98.3,154.4
114.0,132.9,99.1,155.8
112.5,135.9,98.7,156.0
112.5,135.4,99.0,155.0
110.9,136.1,98.7,154.4
110.9,135.3,98.8,154.7
111.5,134.6,99.8,155.1
112.0,134.9,99.0,156.9
113.0,133.6,100.2,157.1
112.9,135.5,99.3,156.7
113.6,134.9,101.0,157.3
114.1,135.5,100.8,158.9
116.9,136.4,100.7,158.5
117.7,134.5,102.5,158.0
114.4,134.4,101.7,155.7
114.2,134.4,100.6,154.6
116.2,133.9,100.7,153.1
118.5,133.5,102.5,154.9
118.6,134.4,103.1,155.4
118.9,139.1,101.8,155.4
117.3,138.2,102.4,154.5
115.9,137.0,102.3,153.4
114.0,136.9,101.8,153.5
113.5,136.6,101.2,153.4
109.1,133.8,102.3,154.0
109.7,133.2,102.4,154.1
109.0,132.5,102.4,154.0
110.6,132.6,101.0,153.8
103.7,131.1,101.6,152.8
101.8,132.5,100.6,152.4
113.1,133.2,99.8,151.6
114.1,130.1,101.3,152.7
113.5,132.0,100.2,151.2
115.5,133.4,99.7,151.4
113.9,134.9,100.3,152.7
113.5,133.4,100.9,153.6
113.3,134.0,100.9,152.6
114.7,133.9,101.8,152.4
115.0,131.7,102.8,152.4
114.6,130.5,103.1,153.8
114.0,131.2,102.4,152.8
113.7,132.8,101.7,153.7
114.2,131.2,102.1,154.5
113.2,133.0,100.9,154.2
111.8,132.3,100.9,153.1
110.8,131.7,101.3,153.7
111.4,133.0,100.5,152.1
111.2,132.6,100.8,152.0
112.4,132.6,101.1,153.3
112.8,133.6,101.7,154.2
114.2,132.7,102.4,154.4
115.8,132.8,103.0,153.3
115.7,134.2,103.3,153.4
114.5,133.1,104.6,156.0
114.9,134.4,104.4,155.5
114.7,135.2,104.4,155.0
115.5,135.6,103.8,153.8
116.6,134.0,103.9,154.3
117.6,135.6,103.6,155.0
118.3,135.5,104.0,155.2
116.6,134.7,104.3,154.4
117.3,134.6,103.9,155.2
114.7,134.3,103.3,154.1
116.6,131.9,104.5,155.2
114.0,132.8,104.2,154.8
113.5,131.6,103.5,153.9
114.4,131.1,103.2,153.9
112.6,130.4,103.8,153.8
111.6,131.1,103.4,153.3
112.6,132.6,103.3,154.4
112.6,132.5,102.6,153.2
112.5,134.0,101.7,153.9
112.2,131.2,102.2,153.3
114.9,132.1,100.7,152.0
109.5,130.8,100.5,151.9
104.1,129.9,100.6,152.0
112.8,125.9,103.1,151.9
114.3,127.7,102.9,152.4
114.2,129.3,103.1,153.4
115.4,133.6,100.7,155.1
118.3,132.7,102.0,155.6
119.7,134.0,101.6,154.4
118.8,132.7,100.9,152.6
118.9,130.0,101.9,153.4
117.8,129.6,102.2,152.4
118.7,130.5,101.2,152.8
118.4,133.0,100.3,153.1
118.4,132.6,101.1,153.1
119.2,131.3,102.1,153.4
117.1,132.3,102.1,153.2
116.4,132.2,102.0,154.5
115.7,133.4,102.0,154.3
115.3,133.7,102.2,154.5
117.0,133.4,102.1,155.5
117.2,133.4,102.5,155.2
118.2,131.5,102.8,154.4
115.3,132.8,101.9,154.8
115.6,131.7,102.0,154.4
113.5,134.1,101.0,155.0
113.5,134.4,101.1,153.6
113.4,134.2,101.0,154.0
112.6,134.3,101.2,153.5
112.9,136.2,100.5,153.5
111.2,135.8,102.0,154.7
111.7,134.7,102.0,154.1
112.3,135.8,101.0,154.3
110.9,134.3,101.6,154.0
110.2,133.2,102.8,153.8
108.4,133.7,100.4,152.8
109.7,134.3,101.2,152.5
108.3,135.8,99.9,152.1
106.5,135.1,99.3,152.1
109.5,135.0,99.3,152.5
111.1,134.5,99.5,152.2
118.0,134.4,99.5,151.4
105.0,133.2,100.1,151.5
103.3,131.9,100.8,151.9
113.5,130.7,100.1,150.8
111.5,132.5,100.8,152.2
111.1,133.9,100.3,153.0
112.9,135.2,101.1,154.5
115.3,134.8,100.7,154.4
116.4,135.0,99.8,154.2
116.0,135.9,99.4,152.5
114.0,135.8,100.4,153.1
113.5,134.0,100.9,153.4
113.6,133.5,100.5,152.7
113.6,134.3,99.6,152.6
112.9,133.4,100.6,153.2
113.2,132.1,101.5,153.9
113.9,134.4,101.2,154.1
111.9,133.6,100.6,153.3
113.3,134.8,100.6,154.4
116.3,135.9,100.6,153.2
115.7,136.6,100.2,153.6
117.7,135.4,101.6,154.6
118.6,133.6,101.9,155.7
119.1,135.2,101.7,154.9
122.9,135.1,102.0,155.0
117.1,135.1,101.8,153.5
119.9,135.1,101.3,153.9
119.3,136.7,101.3,152.9
122.8,137.4,100.5,152.4
119.9,137.9,101.1,152.8
122.9,136.3,102.0,153.0
120.7,134.7,101.6,152.3
122.9,136.1,100.7,152.1
121.5,133.6,101.6,154.2
121.2,133.9,101.3,153.4
120.6,133.2,101.6,154.0
121.6,133.4,101.8,153.8
121.6,133.4,101.7,153.7
120.6,133.1,101.2,152.6
121.4,133.8,101.4,154.9
120.4,134.9,100.8,154.8
121.3,133.2,102.3,154.2
120.0,133.7,102.1,154.0
120.6,133.5,101.8,154.3
120.6,133.4,101.7,154.9
121.3,133.0,101.2,154.5
120.9,133.3,101.6,154.7
120.2,134.6,99.9,154.3
120.6,132.1,101.5,154.7
120.9,130.9,101.4,154.1
121.0,131.5,101.9,155.2
120.1,131.4,100.6,154.4
119.1,126.7,103.5,155.4
120.3,123.9,104.6,155.7
117.7,124.4,104.7,155.5
116.8,125.2,104.1,154.1
117.2,128.9,103.0,155.5
116.5,131.5,101.5,154.6
116.4,130.6,102.1,154.1
117.5,131.7,100.9,153.7
113.0,131.3,101.6,154.4
115.4,131.1,101.4,153.8
114.9,125.1,105.0,154.3
115.9,123.7,104.8,155.2
113.3,124.6,104.5,155.1
116.8,126.5,103.2,153.8
115.5,127.5,104.3,154.0
111.3,125.8,104.7,153.5
110.3,125.0,105.4,153.9
112.0,127.3,104.7,153.9
104.0,124.9,104.8,153.9
114.7,127.1,103.6,153.7
122.1,131.2,102.4,153.4
122.8,132.1,101.1,152.2
124.6,134.4,100.7,152.0
120.3,134.3,101.0,151.8
129.4,136.2,99.3,151.8
128.5,137.6,99.0,153.8
120.9,136.2,98.4,150.4
115.6,135.5,98.1,150.4
104.6,131.7,100.1,150.8
115.9,132.3,99.4,151.8
113.8,134.0,99.4,152.5
115.1,133.2,100.2,152.8
111.7,134.2,101.0,153.9
111.9,136.7,99.2,152.1
113.7,136.0,98.9,153.1
116.2,136.6,99.4,153.1
114.4,136.2,98.7,153.3
114.4,134.9,99.2,153.6
118.4,134.8,99.1,153.1
113.8,134.4,100.1,154.6
115.1,134.3,99.9,154.3
116.0,134.6,100.8,154.6
115.8,133.7,100.0,153.3
115.6,134.4,100.4,154.9
115.3,134.4,100.1,153.6
114.1,134.1,99.6,153.9
113.3,136.4,100.7,155.3
110.6,133.8,100.2,153.3
111.2,134.3,100.8,154.4
111.8,133.3,100.3,153.6
111.5,134.8,100.2,153.8
112.3,134.0,100.2,153.7
112.0,135.3,100.9,154.2
114.3,135.1,101.5,154.3
116.0,134.7,101.9,154.4
115.7,132.1,103.5,155.1
116.8,133.3,103.2,155.1
114.3,132.9,103.2,153.4
115.2,134.2,102.7,155.1
110.3,134.3,102.4,155.4
113.8,135.2,102.4,154.8
114.9,137.4,101.5,154.4
112.2,136.1,101.9,154.2
111.0,134.7,102.5,154.0
111.8,137.8,101.3,152.6
114.3,135.5,102.0,153.1
113.1,135.2,101.9,151.6
113.5,134.6,101.8,152.3
112.9,134.2,101.7,152.0
110.2,134.2,101.0,152.7
111.8,133.6,100.8,152.2
111.6,131.3,100.4,151.9
115.7,133.5,99.9,152.1
112.2,133.1,99.0,150.7
109.0,134.4,98.0,151.1
103.0,132.5,98.4,151.3
112.4,132.7,98.2,152.1
110.1,130.7,98.6,153.0
110.3,132.5,99.8,152.3
111.5,133.9,100.1,153.2
111.3,135.7,100.1,155.2
111.9,135.4,99.2,152.2
111.7,137.3,98.9,152.8
111.5,134.8,99.5,152.6
111.6,134.4,99.6,152.6
111.2,133.0,100.7,153.0
110.9,134.9,100.2,154.4
111.3,132.9,100.4,152.4
112.8,132.6,100.8,152.4
113.9,133.0,101.1,152.3
113.9,135.3,101.1,153.0
114.1,136.1,100.7,152.7
115.6,135.8,102.0,154.0
114.1,136.1,100.7,152.5
109.2,135.9,101.2,153.5
111.9,134.5,101.7,153.3
110.3,137.0,101.6,153.6
112.3,138.0,101.6,152.1
109.1,138.7,101.5,152.7
105.0,137.6,101.9,153.3
105.3,137.6,102.3,153.6
107.0,137.1,101.5,151.5
107.6,136.1,102.2,151.3
118.0,135.9,102.2,151.2
123.8,136.6,100.9,150.2
144.6,138.0,100.1,150.7
148.1,139.1,99.7,151.8
174.2,138.0,99.0,150.4
88.2,136.9,98.6,149.4
109.0,134.4,97.5,150.7
108.1,131.9,98.5,151.4
107.0,132.8,98.5,155.0
107.6,132.6,99.7,156.7
109.1,135.5,99.5,157.1
111.2,135.4,100.1,157.2
110.3,134.0,100.0,156.0
108.5,135.0,100.2,156.4
109.7,133.6,100.8,156.0
109.6,134.1,99.6,155.4
108.9,134.2,99.8,155.9
106.3,132.7,100.4,153.9
106.0,133.4,99.5,153.4
105.3,133.9,98.4,151.9
104.7,132.6,99.4,151.6
107.1,133.6,99.3,151.8
111.3,134.0,99.7,152.9
108.4,134.0,100.7,154.0
107.9,135.0,101.0,152.7
112.7,137.6,100.9,152.9
118.3,137.4,99.1,151.5
135.5,139.2,97.9,150.1
128.2,139.1,96.8,149.3
107.6,136.6,95.6,149.6
112.0,134.3,95.7,152.0
115.3,133.8,97.0,154.2
111.3,132.8,98.3,155.0
111.4,134.6,98.6,155.8
110.9,136.5,98.6,154.3
111.8,134.7,98.7,154.4
110.5,134.7,98.6,155.6
111.7,135.7,97.3,155.1
110.0,135.1,98.2,155.6
110.3,134.7,97.9,155.8
111.6,133.8,98.0,155.4
112.8,133.9,98.4,154.8
115.3,132.3,99.5,155.2
116.4,132.2,100.6,155.7
114.4,130.1,101.8,155.4
112.3,129.7,101.5,154.6
112.1,130.4,100.9,152.9
113.6,133.2,100.2,152.0
116.2,131.4,100.9,151.9
118.2,133.9,101.1,152.6
115.2,134.8,102.0,152.1
114.0,136.1,101.1,151.7
112.4,132.5,102.5,152.3
112.8,136.1,100.7,153.0
111.6,131.6,101.5,152.6
112.2,131.9,100.3,153.5
107.2,131.3,98.3,150.0
100.8,135.8,95.3,150.3
104.6,135.9,94.4,149.3
116.8,130.7,96.6,149.4
115.8,130.6,96.3,150.0
116.4,131.6,96.7,151.0
116.4,132.9,97.1,150.7
116.4,136.1,96.8,152.1
116.8,137.7,96.3,152.8
115.2,134.9,99.6,152.4
120.7,135.4,100.4,151.7
115.2,140.7,98.9,151.7
116.4,138.5,100.3,152.6
113.8,135.9,101.3,152.3
113.0,134.8,100.9,151.3
110.3,132.5,101.6,151.6
110.7,130.3,101.2,152.8
110.2,129.4,101.5,154.3
110.1,129.2,101.5,152.8
111.7,129.8,100.6,151.9
111.5,130.0,99.8,151.9
113.8,129.9,100.7,153.2
113.6,131.5,100.6,151.9
113.5,132.5,100.5,153.5
113.8,131.9,101.6,153.7
114.9,130.4,102.8,153.2
115.2,133.3,100.6,152.8
115.7,131.8,102.6,153.9
117.3,132.4,102.1,153.2
117.8,132.3,101.3,152.2
113.8,135.7,100.3,152.5
120.2,135.6,100.6,152.3
119.1,134.2,102.0,151.9
122.3,132.0,102.1,153.6
120.4,131.7,102.1,152.6
120.7,134.7,100.1,152.9
114.8,134.9,100.4,152.6
115.4,133.0,101.2,153.4
115.6,133.8,100.1,152.7
117.3,133.0,100.5,153.9
116.2,133.4,99.9,153.9
116.9,133.4,99.0,153.1
117.7,133.1,99.5,153.3
117.3,131.7,101.4,156.0
114.3,132.4,99.9,154.4
112.4,131.2,100.2,153.0
116.3,128.5,101.2,152.8
116.3,127.1,101.4,154.3
115.5,128.8,101.2,154.2
117.7,129.5,101.4,155.0
119.3,136.4,98.8,152.8
119.7,137.3,98.2,152.7
122.4,135.6,100.3,154.3
122.0,136.0,99.4,152.4
124.5,133.6,100.7,152.4
123.0,134.6,100.4,152.5
125.0,132.4,100.9,152.9
124.7,133.4,100.6,151.7
123.2,133.6,101.0,152.4
122.9,133.2,100.2,151.8
124.6,132.7,101.1,151.8
121.7,134.6,99.9,151.9
123.5,134.4,100.5,151.3
123.5,136.2,99.5,151.7
122.9,134.3,100.3,152.0
123.8,134.1,101.0,153.0
123.5,134.0,100.7,151.7
123.1,133.1,100.2,151.9
121.0,134.4,100.3,152.2
123.9,134.3,99.6,151.9
121.6,136.3,99.1,152.4
123.1,134.9,99.5,152.7
120.8,136.5,98.8,152.5
121.1,135.9,99.3,151.8
119.5,136.4,99.2,153.4
120.9,136.7,99.2,153.1
120.1,135.3,99.7,153.4
120.3,135.0,99.6,152.6
120.1,135.0,100.6,153.4
120.0,134.9,101.0,154.2
120.3,134.8,101.3,154.2
122.8,135.0,101.1,155.5
123.4,135.1,101.5,154.6
123.5,134.8,101.6,155.0
124.8,134.4,102.9,155.6
124.2,134.6,102.9,155.0
125.0,134.7,103.1,153.6
125.0,134.4,103.0,152.9
126.6,134.5,103.2,153.5
123.0,134.4,104.0,153.6
123.3,133.8,103.4,152.6
120.4,134.9,102.6,153.4
122.5,134.8,102.7,152.4
123.1,134.6,102.1,152.6
125.1,134.0,102.8,152.6
122.2,134.7,102.6,153.5
121.7,135.5,102.0,152.6
120.5,133.8,102.8,153.1
122.8,134.6,102.7,152.9
122.3,133.2,103.3,152.9
121.8,133.3,103.2,154.4
122.4,134.9,102.3,155.1
121.3,134.1,102.9,154.8
121.5,134.0,103.0,154.7
122.5,133.8,104.7,155.1
122.2,134.0,102.9,154.8
120.7,134.3,102.8,154.8
120.4,133.7,102.6,154.6
122.9,134.0,102.3,153.7
120.1,134.3,102.3,154.0
122.3,134.2,101.7,154.3
121.3,132.7,102.7,154.2
120.9,129.4,105.1,155.4
121.7,130.0,104.2,153.2
120.9,130.7,103.9,153.5
123.3,131.2,103.6,153.3
120.8,132.3,103.0,153.3
121.8,133.3,102.9,153.3
118.4,131.3,102.8,152.4
121.8,132.0,102.9,152.7
119.9,129.9,104.1,152.9
119.7,129.8,104.1,153.7
118.5,128.6,104.9,152.2
121.3,128.3,104.6,152.1
122.9,127.4,105.8,154.2
122.7,126.8,105.5,153.9
123.9,128.5,104.8,153.7
123.4,125.8,105.5,151.8
120.2,127.7,104.4,152.6
120.1,128.0,105.0,152.5
118.4,130.6,103.6,153.3
118.7,128.1,105.2,153.3
121.4,129.8,103.9,154.2
120.6,127.0,104.9,152.6
118.2,127.7,104.6,152.1
119.2,129.5,105.7,152.2
121.1,129.3,104.7,151.5
121.4,134.9,101.7,151.6
121.7,136.4,100.6,151.5
121.4,138.0,100.4,152.2
124.4,136.8,100.5,151.6
119.3,135.8,100.0,152.5
122.4,136.6,100.0,152.8
115.8,136.7,100.2,153.5
119.8,134.6,100.9,154.2
119.6,133.7,100.7,154.3
121.9,133.5,101.2,154.0
117.9,133.7,100.5,153.3
108.8,130.1,102.3,152.6
114.8,133.6,99.4,151.4
111.8,132.4,99.6,150.8
110.1,132.7,99.2,152.0
111.2,136.0,98.1,153.5
110.9,133.2,101.4,153.9
111.8,134.3,100.9,154.1
110.6,130.6,102.6,154.6
111.2,129.3,104.5,154.3
111.2,131.5,103.5,153.5
110.9,132.2,102.6,153.3
111.0,133.7,102.1,152.9
111.7,132.7,103.0,152.9
112.7,132.6,103.0,153.3
113.9,131.8,103.7,153.2
117.4,131.1,104.2,153.0
115.7,131.4,104.7,153.9
118.6,129.7,105.2,153.9
113.6,129.8,105.1,153.3
115.2,131.8,104.0,152.4
116.5,132.9,102.7,151.5
118.0,136.7,101.0,152.2
119.7,138.3,99.8,152.1
117.8,136.9,101.5,151.4
119.4,136.2,100.7,150.7
120.6,134.9,100.2,152.1
104.1,129.7,101.7,151.2
118.4,130.3,100.5,150.9
117.9,130.8,99.3,149.9
114.8,131.4,100.0,151.2
114.0,133.0,98.7,152.1
116.4,132.8,100.9,154.7
115.6,137.2,97.3,151.1
115.2,132.1,101.0,150.9
113.4,130.5,101.3,151.7
114.4,134.1,99.5,150.1
115.5,135.6,100.2,151.2
115.7,133.1,101.3,151.0
114.8,134.3,100.0,150.9
114.3,134.2,100.3,150.8
114.4,134.2,100.5,152.0
114.1,134.2,100.7,152.3
114.5,131.1,102.2,152.0
113.8,134.4,100.1,152.6
114.7,130.7,101.8,151.8
114.3,131.5,102.3,154.6
115.7,131.4,102.5,151.9
114.3,131.5,103.4,153.9
114.9,133.9,101.9,153.9
116.8,133.3,103.1,152.7
117.2,134.5,102.9,154.1
118.0,130.6,106.0,153.7
118.1,133.9,104.3,153.5
124.1,133.0,105.3,153.0
131.4,133.3,104.8,153.0
128.3,134.7,102.7,151.3
128.7,133.8,103.4,151.4
129.2,135.3,102.3,151.0
122.7,134.6,102.8,150.7
121.8,136.1,102.3,151.0
116.9,135.4,102.3,149.8
120.4,135.2,102.1,150.2
128.4,131.4,103.1,151.3
136.8,132.6,101.9,152.1
135.9,133.6,100.6,152.2
115.9,134.7,98.6,149.9
117.6,134.8,97.8,149.9
116.7,131.4,99.1,150.3
116.6,132.3,99.7,150.5
116.8,136.4,99.8,152.6
115.6,137.2,101.2,152.5
113.4,134.6,104.0,154.2
112.6,138.5,102.1,152.8
110.5,138.1,101.4,152.9
109.4,136.8,101.6,152.4
105.2,135.0,102.2,152.9
93.7,135.3,102.3,151.7
91.8,135.9,102.5,152.4
92.3,136.0,102.7,153.1
93.5,134.8,102.0,153.2
93.3,135.2,102.0,153.3
97.4,136.6,100.7,153.4
99.9,133.2,101.6,152.9
134.1,135.9,100.3,152.9
154.5,134.4,100.6,153.4
173.2,133.5,100.9,152.9
87.0,135.1,98.5,152.0
100.4,135.1,96.3,152.6
105.3,130.1,98.0,152.1
108.0,130.2,97.9,152.2
107.1,139.9,94.0,151.7
105.4,141.6,94.8,151.2
107.3,141.1,96.7,152.8
104.0,139.1,100.0,154.6
107.2,138.8,99.2,152.4
102.9,137.9,99.1,151.1
101.5,135.3,100.7,152.7
100.7,134.1,101.2,153.5
100.9,136.2,99.5,153.3
103.2,134.2,100.4,153.7
103.4,136.3,100.9,155.9
104.6,137.8,101.0,156.2
106.0,135.5,101.1,155.6
106.7,134.8,100.9,156.1
105.1,134.4,101.4,154.2
103.7,134.3,100.5,152.7
103.6,134.5,100.3,153.6
103.7,134.8,101.5,155.1
102.0,135.6,101.8,154.5
100.8,138.0,100.1,155.1
103.5,138.8,99.1,150.9
111.6,139.4,98.5,152.7
107.0,137.1,98.6,152.3
109.0,133.0,99.1,151.6
112.0,134.3,98.5,153.5
109.4,135.4,99.0,155.1
108.9,139.4,97.6,155.1
110.9,138.5,98.9,155.0
110.1,139.1,99.3,155.1
110.2,141.9,97.8,155.7
110.7,141.7,97.6,156.3
108.6,140.1,99.0,156.6
106.1,138.3,99.7,157.0
106.0,137.4,99.9,157.0
105.6,138.3,100.0,157.2
106.0,138.3,100.0,156.4
105.1,137.0,100.7,155.8
104.2,138.1,99.4,156.3
106.1,134.0,100.9,156.4
107.9,137.9,99.6,156.3
111.0,134.0,101.1,156.4
109.9,135.0,101.5,157.1
110.3,136.5,101.6,157.2
112.4,136.1,102.4,157.3
112.6,138.3,103.0,157.3
116.7,138.6,103.1,156.4
117.6,137.4,103.5,155.4
120.0,140.8,102.9,155.8
120.4,139.3,103.3,155.7
115.8,138.7,103.8,155.5
119.6,138.0,103.6,155.3
116.1,137.8,104.0,153.5
117.0,138.6,102.9,153.0
116.0,139.0,103.1,153.6
115.4,137.2,103.8,153.0
114.6,138.9,102.8,153.2
116.6,137.8,102.8,153.8
113.1,139.1,102.7,154.3
113.1,139.6,101.8,153.5
113.5,138.7,101.8,153.7
113.9,134.2,103.3,152.8
113.8,137.1,102.5,153.8
112.6,133.3,103.9,153.8
113.6,132.5,104.5,154.0
113.8,132.3,104.6,153.4
113.1,137.3,101.5,153.2
113.4,138.9,101.1,153.3
116.2,139.3,99.7,153.4
107.4,135.7,101.4,154.0
102.8,132.6,100.0,152.5
113.8,132.4,99.7,151.0
114.0,132.2,99.4,151.4
115.6,133.0,99.2,152.3
116.2,133.9,99.7,153.5
118.1,135.2,100.2,152.7
118.7,136.0,99.5,151.6
120.7,135.0,100.3,152.9
121.0,134.7,101.2,153.6
121.4,134.3,100.6,151.8
120.0,132.6,102.5,153.7
119.2,130.7,102.5,153.3
118.4,131.3,101.5,152.8
117.1,131.4,102.3,153.4
117.2,132.5,102.1,153.0
117.1,132.1,102.2,154.1
119.6,132.9,101.5,153.0
120.2,131.3,102.3,153.8
117.4,132.2,101.4,153.7
116.9,132.6,100.6,153.2
117.9,131.4,100.7,153.8
115.7,131.4,101.1,152.8
114.4,133.3,101.3,153.2
114.3,132.1,101.1,152.5
114.4,132.3,101.2,152.7
115.2,132.8,100.7,152.2
114.4,133.3,100.3,152.5
115.1,134.9,99.7,152.8
116.5,135.6,100.1,153.2
117.1,135.6,100.3,153.2
117.0,135.3,101.1,153.3
117.4,134.1,102.3,153.3
117.7,135.1,102.3,153.5
119.3,135.4,101.9,153.7
119.1,134.3,102.3,153.1
119.1,135.7,101.6,155.0
121.1,136.2,101.7,155.6
117.9,135.7,101.6,153.1
122.7,136.6,101.3,153.2
121.1,136.0,102.3,153.0
119.1,134.5,102.7,154.7
119.6,135.9,102.7,155.1
118.3,133.3,102.6,154.4
116.7,134.2,102.3,153.6
117.2,136.6,100.4,153.0
116.9,136.3,100.1,152.7
117.2,134.1,101.7,156.5
117.1,134.4,101.2,155.7
115.2,134.6,101.0,156.2
116.4,133.6,101.4,155.4
113.6,132.0,102.4,154.6
111.5,130.6,101.2,154.0
116.7,127.8,102.5,154.8
116.9,127.5,101.4,153.5
117.0,125.7,102.1,153.8
119.5,128.3,101.8,154.7
118.6,134.7,100.0,155.5
121.4,137.5,99.1,155.0
120.8,138.7,98.9,154.6
120.9,136.7,99.1,153.6
120.1,138.6,99.1,154.6
122.3,136.7,100.0,153.6
119.7,137.7,99.6,154.8
119.6,137.1,99.9,154.7
119.7,136.1,100.0,153.4
120.2,137.8,99.1,154.4
121.5,136.5,100.3,155.0
121.4,139.3,98.7,155.1
125.0,138.2,98.9,154.0
125.7,136.7,99.5,154.2
126.0,137.5,99.1,154.9
127.5,138.4,98.5,154.8
125.3,139.6,97.4,154.9
129.0,137.7,99.2,153.6
124.2,136.4,100.0,154.7
125.5,136.8,100.0,154.7
124.7,135.5,99.9,153.9
121.6,137.4,99.4,153.2
123.6,136.9,100.0,154.3
119.9,135.9,100.6,154.8
122.4,135.7,100.9,154.5
120.7,135.5,101.3,155.7
121.7,134.9,101.2,155.7
121.8,136.8,100.2,155.4
120.5,134.3,101.7,156.1
118.4,135.4,100.7,155.3
119.9,134.0,102.1,156.3
115.9,129.5,103.9,155.1
116.6,133.9,102.3,155.8
118.3,134.8,101.6,154.7
114.7,135.6,101.2,154.2
116.8,134.7,102.3,153.3
118.8,136.0,102.1,154.7
112.7,137.6,100.9,154.2
121.2,137.2,100.8,152.2
112.7,137.1,100.5,153.4
117.8,137.7,100.7,153.8
112.8,137.2,100.5,154.0
117.1,135.8,101.3,155.9
116.5,135.5,101.7,155.1
111.3,134.8,101.8,156.2
111.7,135.7,100.7,155.5
113.2,133.9,101.2,155.2
114.4,131.6,101.9,155.7
110.7,127.8,103.3,155.0
116.5,128.4,102.4,155.4
116.3,127.0,102.5,156.4
115.0,128.8,102.6,156.0
114.8,133.1,101.6,156.3
115.6,133.1,100.7,155.9
115.2,136.5,99.3,156.0
116.5,134.2,100.8,154.0
114.9,135.3,100.1,154.9
116.1,135.4,99.6,155.1
114.7,135.1,99.9,156.2
115.5,134.9,100.4,155.9
115.7,134.8,100.3,154.9
117.4,134.5,100.4,154.8
115.4,136.0,100.8,155.2
119.8,134.6,101.7,154.9
115.7,135.4,100.8,154.9
118.3,133.5,102.0,154.4
115.7,133.9,100.4,154.6
117.9,133.4,100.6,154.8
114.3,134.1,99.6,153.8
113.7,133.3,100.7,154.3
115.6,133.1,100.7,154.7
113.3,134.2,101.2,154.8
115.4,134.0,101.4,154.2
115.8,133.4,101.6,154.6
119.0,133.9,101.0,154.4
116.1,135.4,101.0,155.2
116.9,135.8,100.8,154.9
113.4,135.0,101.8,155.3
114.7,133.2,102.6,154.6
114.5,136.3,100.7,157.0
110.9,137.1,100.1,155.0
113.1,138.1,100.5,155.6
119.3,139.4,100.5,156.1
113.7,138.0,101.3,155.6
116.4,136.8,101.1,154.4
115.9,135.8,102.2,155.3
112.2,135.9,102.3,156.4
110.7,135.3,100.6,153.6
111.5,137.0,101.8,156.8
117.1,137.0,101.4,157.2
112.3,138.6,100.7,157.1
116.0,137.8,100.8,156.8
115.0,138.3,100.8,156.7
113.4,136.2,101.7,156.2
116.7,138.1,100.9,156.4
113.4,136.2,101.4,156.3
114.7,135.6,102.4,155.9
113.5,136.4,101.8,155.8
114.2,136.1,101.5,155.7
113.6,134.6,101.8,155.4
110.4,135.1,101.3,155.9
107.1,133.0,102.4,155.2
111.9,132.0,102.4,154.9
118.2,130.4,102.8,154.6
119.4,128.6,104.1,155.0
118.4,132.6,102.9,155.1
119.0,132.9,102.8,154.3
118.2,135.7,101.8,154.0
118.5,136.9,100.8,153.5
118.8,136.0,101.5,155.1
118.8,137.5,100.6,155.7
116.1,134.7,102.4,155.8
116.0,134.4,101.1,153.5
117.2,135.0,101.3,154.3
117.1,134.6,101.3,154.1
119.5,134.8,101.3,154.1
118.1,134.8,101.4,153.9
119.2,136.1,100.7,154.1
115.9,134.6,101.5,153.9
116.1,133.9,101.6,154.0
115.0,133.2,102.3,155.3
113.1,134.5,101.8,155.4
114.4,133.4,102.1,155.0
114.0,132.6,102.9,155.2
113.9,134.4,102.7,155.3
115.5,134.8,102.0,155.6
118.2,135.0,102.3,155.6
116.9,137.1,101.5,154.8
116.7,135.8,102.1,154.9
117.5,137.5,100.9,155.1
116.6,138.6,100.8,155.6
114.6,138.1,100.9,155.7
114.5,138.8,100.5,154.7
118.2,137.6,103.1,155.6
118.2,138.0,102.4,154.7
117.0,139.6,102.4,155.8
119.2,139.3,102.8,154.9
114.8,137.7,103.1,155.2
116.9,137.3,103.5,155.9
116.3,137.1,102.8,154.2
116.9,134.6,103.9,155.2
116.7,136.0,103.1,155.0
114.2,136.0,102.9,154.6
115.0,135.6,102.9,154.4
114.8,136.5,102.2,154.4
113.3,135.4,102.5,154.6
112.8,134.2,102.9,153.8
112.5,136.2,101.9,154.3
111.9,136.7,101.7,154.6
112.2,137.4,100.8,154.8
112.0,134.6,102.7,154.8
111.6,136.7,100.9,152.9
113.1,135.5,101.6,154.2
115.1,135.1,101.1,154.9
114.3,136.0,100.1,154.9
113.7,135.4,100.4,154.6
119.4,133.0,101.2,154.5
108.0,134.7,99.2,154.1
104.6,133.2,98.3,153.0
115.3,132.4,97.5,155.1
110.7,130.0,98.6,152.0
110.1,129.1,99.7,152.1
110.3,133.1,99.5,155.4
110.8,133.4,100.3,154.0
109.3,131.6,101.3,154.4
107.9,133.8,100.0,153.7
111.8,137.1,99.7,153.9
111.0,137.0,99.1,153.7
113.6,137.1,99.7,154.1
113.7,136.5,99.7,153.9
114.3,135.9,100.4,155.3
113.2,134.8,102.3,157.4
114.5,135.2,102.0,155.6
112.6,134.6,102.5,155.5
112.8,135.1,100.9,154.9
110.4,136.5,99.9,152.7
105.5,137.7,100.2,152.0
109.2,138.3,100.2,153.3
111.3,137.2,101.2,153.6
114.0,139.0,101.2,153.9
111.3,139.5,101.3,156.1
110.4,137.3,101.5,153.8
109.7,138.8,101.5,153.8
111.6,139.9,101.2,153.9
122.2,139.0,101.2,154.4
122.3,139.0,101.0,153.5
150.0,137.4,101.7,153.6
171.4,139.9,99.0,153.6
99.1,134.9,98.7,150.5
111.0,132.4,99.1,153.2
110.1,136.1,98.0,155.9
109.2,137.4,97.8,156.9
108.7,136.1,99.4,157.9
110.5,134.8,100.5,158.9
109.3,134.5,100.2,156.8
110.6,133.8,100.6,157.4
112.3,135.3,99.4,157.3
112.5,134.7,100.3,158.0
110.4,134.7,101.3,158.6
111.4,134.0,101.6,158.4
107.6,136.1,100.0,156.9
106.9,135.0,101.1,157.4
107.0,136.6,98.8,156.7
101.3,134.4,100.4,155.8
105.4,136.6,100.5,153.6
109.0,138.0,100.3,153.3
104.8,139.2,101.1,154.2
104.4,139.2,101.7,154.8
100.3,138.7,101.1,153.4
107.1,139.1,101.2,153.7
106.6,138.8,100.8,153.7
109.6,139.2,100.0,153.2
137.3,139.7,98.8,152.4
121.4,139.5,96.5,149.9
102.6,137.3,97.9,150.1
108.8,138.4,95.0,148.9
111.5,133.0,98.2,151.1
108.8,131.6,99.6,155.2
110.1,135.2,97.5,156.7
110.5,134.1,98.9,156.4
110.4,135.1,98.5,156.4
109.2,135.3,98.5,156.0
110.9,134.6,99.0,156.4
109.2,134.4,98.9,155.6
110.9,132.0,99.7,155.7
112.0,131.6,100.6,157.0
113.4,133.4,99.2,156.8
112.1,131.5,100.5,156.2
110.9,129.8,101.9,155.8
112.9,130.3,102.3,155.8
114.1,132.5,101.7,156.4
113.3,133.1,102.5,157.2
114.3,133.8,102.5,156.3
113.7,133.4,101.6,154.4
113.1,133.9,102.2,153.5
111.6,135.5,102.5,153.4
107.7,137.7,102.4,153.6
108.4,134.4,104.3,153.8
107.1,133.7,104.3,153.5
107.1,137.9,102.5,153.1
106.7,138.3,101.8,153.0
107.5,137.7,102.1,152.8
108.9,137.5,101.7,153.0
109.9,134.6,102.8,153.1
108.0,133.6,102.3,152.8
108.5,134.1,102.4,154.2
101.2,132.9,100.5,153.1
111.2,130.1,100.7,152.7
113.2,132.3,100.5,153.6
115.7,132.8,100.6,152.3
117.9,134.9,100.1,153.3
116.8,135.0,100.4,153.2
117.5,137.0,99.8,153.8
116.5,136.9,99.7,153.6
117.3,134.7,100.9,153.4
112.9,134.3,100.6,153.6
113.4,134.0,100.2,152.7
112.6,135.6,99.1,152.8
113.3,135.0,99.0,153.0
115.2,133.6,99.7,153.5
115.7,132.8,100.3,153.6
115.7,133.8,101.1,153.8
116.3,133.9,101.4,154.4
114.1,135.5,101.0,154.7
114.5,132.8,102.1,154.9
113.7,135.3,101.2,155.1
113.9,134.7,101.4,154.2
112.5,133.9,102.3,154.4
113.8,134.6,101.2,154.4
112.0,133.3,100.9,153.2
112.9,133.9,101.0,153.8
112.6,135.6,100.3,153.7
113.4,134.1,101.2,155.1
113.9,134.6,102.0,154.7
114.1,135.1,102.0,155.1
114.0,135.0,103.0,156.6
111.9,135.2,102.6,155.7
114.8,136.0,101.2,154.7
113.2,137.4,100.9,154.2
110.7,137.0,101.4,154.4
111.6,135.2,101.9,153.6
111.5,135.6,102.3,154.6
111.8,136.4,102.5,154.1
111.1,137.2,102.1,154.2
110.2,135.0,102.1,153.2
109.2,133.8,103.0,153.9
108.5,135.2,101.9,154.2
109.3,135.3,101.4,154.0
110.2,134.5,101.8,153.9
109.0,135.2,101.9,153.6
108.4,135.0,101.9,153.9
107.9,134.6,101.7,153.7
107.1,135.4,101.2,153.0
108.4,134.1,101.7,152.4
109.0,133.5,101.4,152.9
109.7,132.1,101.0,152.4
108.7,134.8,99.5,151.9
99.8,131.4,100.7,152.5
112.6,131.8,100.2,153.1
114.8,134.6,98.8,154.7
115.9,133.8,98.9,153.2
115.4,134.4,99.4,154.0
113.9,135.5,99.7,154.9
117.3,137.8,99.3,153.6
117.3,138.6,99.1,153.9
113.6,137.7,99.6,153.7
117.7,137.6,99.7,153.5
112.1,134.9,100.2,153.7
112.9,131.4,100.7,152.8
113.9,133.5,99.9,153.5
115.7,134.5,100.1,156.6
116.7,132.1,101.6,154.3
116.4,134.2,100.6,155.7
115.9,133.6,100.2,154.7
116.2,134.8,100.4,155.1
117.1,133.3,101.0,155.1
113.3,133.6,100.5,155.0
116.0,134.5,100.2,154.5
116.5,135.4,100.6,154.6
115.4,135.3,101.4,154.1
115.7,135.1,99.9,153.1
115.1,137.2,100.2,154.1
116.6,137.0,100.5,153.4
113.0,140.0,100.2,154.6
115.8,139.7,100.6,153.8
116.6,138.4,101.0,153.0
115.7,138.9,100.9,153.7
116.1,137.1,101.8,154.4
115.9,138.6,101.1,154.5
116.3,136.1,100.6,154.3
115.8,137.1,101.8,155.0
115.4,135.6,101.9,155.2
113.6,135.6,101.2,154.0
112.1,136.2,101.2,154.3
113.1,134.4,102.4,155.6
111.3,134.1,102.7,156.2
113.4,132.0,102.5,154.7
112.3,131.3,102.6,155.9
117.1,130.1,103.5,155.7
117.5,131.5,102.6,155.5
111.9,130.6,102.0,155.0
112.8,126.9,102.5,155.1
115.8,127.2,102.6,154.9
115.2,127.4,103.4,155.3
114.8,131.3,102.7,155.9
113.5,133.9,102.2,155.8
117.5,134.4,101.9,156.0
118.6,135.1,102.2,155.9
116.6,136.5,100.8,155.9
116.8,137.4,100.9,155.5
115.9,137.0,101.1,156.6
114.8,139.5,100.5,156.7
116.3,138.8,100.8,156.5
115.6,138.6,100.9,156.6
115.6,138.6,100.8,156.8
115.2,137.9,100.8,156.5
119.0,138.9,100.5,156.5
116.1,138.8,99.8,156.8
117.9,138.7,101.0,157.2
117.4,138.6,100.6,157.2
114.6,138.0,101.2,157.2
116.6,138.0,100.0,156.8
112.6,138.4,101.1,157.5
115.9,136.0,101.0,156.8
112.1,138.0,100.9,157.6
114.1,137.7,99.6,157.2
114.5,138.7,100.8,157.6
114.1,137.1,101.7,157.6
113.4,137.2,101.9,157.5
115.1,137.7,101.2,157.8
115.7,138.3,100.6,157.6
118.8,138.3,100.3,156.5
116.4,138.4,101.0,158.1
116.1,137.4,100.4,157.1
116.1,135.5,102.0,158.1
113.5,138.0,100.7,156.8
111.8,138.5,101.1,157.3
111.6,139.4,100.4,156.8
111.6,137.7,100.8,157.0
111.3,137.5,102.0,157.7
111.6,136.5,102.9,157.7
111.3,138.0,101.4,156.9
112.0,139.1,101.1,156.4
113.4,138.9,101.6,157.1
113.1,139.3,101.7,156.1
111.2,137.3,102.3,156.5
110.1,138.9,102.2,155.9
109.5,137.1,102.9,156.2
108.1,139.1,100.9,154.4
109.5,136.7,102.3,155.0
109.5,136.7,102.6,154.8
109.0,136.8,102.3,154.7
108.7,135.7,102.9,154.1
109.9,134.7,102.8,153.8
111.1,135.5,102.5,153.9
111.2,135.9,102.0,154.0
109.7,135.1,102.7,154.8
110.2,137.7,101.6,154.7
110.0,138.5,100.9,154.7
110.2,138.5,100.9,154.5
106.8,138.2,101.0,155.1
108.8,137.1,101.6,153.9
108.8,137.4,102.2,154.9
109.6,136.8,101.8,154.4
108.1,138.2,100.5,154.6
110.5,137.6,101.7,154.9
108.1,135.0,102.2,154.5
109.8,135.2,102.3,154.4
110.9,134.7,102.4,154.1
108.6,135.1,102.3,153.7
109.9,137.6,100.2,154.6
100.7,138.4,100.5,154.4
95.6,137.7,100.6,154.4
107.7,136.9,101.5,155.2
110.7,138.5,100.1,155.6
113.7,137.8,100.8,155.4
112.7,138.2,100.8,155.8
112.8,139.0,100.7,155.7
112.0,136.3,102.7,156.4
110.3,136.0,101.6,152.0
112.7,135.9,101.2,151.9
111.1,135.5,101.6,152.1
109.8,137.5,101.6,155.6
110.6,137.6,101.4,153.6
109.3,137.8,101.4,154.3
111.3,137.9,101.8,157.0
110.4,137.4,102.0,156.6
110.7,139.5,101.1,156.8
112.5,137.8,101.8,156.5
112.8,139.1,100.9,156.2
114.5,138.5,101.8,156.1
116.7,139.9,100.9,154.2
117.0,139.3,101.5,153.9
111.6,138.8,102.6,155.4
113.1,137.6,102.3,155.0
112.9,138.6,101.4,154.7
109.7,139.5,102.8,155.5
114.0,139.9,102.4,155.1
112.3,138.4,103.1,154.1
111.5,138.6,103.8,154.8
112.4,140.7,103.1,153.9
112.1,139.0,103.9,153.5
112.3,139.6,103.2,153.1
111.4,139.0,102.9,152.7
112.7,138.3,103.2,153.1
112.0,136.5,103.4,154.0
113.3,135.9,103.8,155.0
113.7,136.5,103.3,154.8
113.5,136.8,102.8,154.6
110.9,135.7,103.1,155.0
111.8,136.0,102.3,154.8
112.6,135.2,102.8,154.8
111.9,137.1,101.2,154.9
112.2,138.0,101.0,154.6
115.3,137.9,100.3,154.4
106.6,133.6,101.3,153.7
112.2,134.6,100.7,154.0
113.0,136.2,98.8,154.4
115.9,135.6,99.5,153.7
114.5,136.8,99.0,154.6
113.5,137.1,99.9,154.2
112.6,137.0,99.7,152.9
112.3,136.6,99.9,152.8
112.0,137.5,100.0,153.1
107.6,138.9,99.2,153.5
110.6,136.8,101.3,155.1
108.7,136.8,100.7,153.9
110.1,137.0,101.5,154.2
110.1,137.5,101.3,154.7
110.4,138.1,101.0,154.4
112.8,137.0,101.4,154.6
112.7,136.4,101.3,155.3
114.6,137.5,100.6,154.8
114.8,136.1,101.3,154.5
110.6,135.4,102.4,154.8
107.9,138.1,101.1,153.6
105.0,137.2,101.0,153.8
107.6,138.4,100.8,153.1
105.7,137.9,100.8,152.7
106.1,138.3,100.7,152.9
112.8,138.2,100.6,152.6
112.0,138.6,100.7,153.3
116.4,136.8,101.9,154.5
122.1,139.1,100.2,154.5
124.7,140.5,99.7,154.1
143.7,140.2,100.9,154.8
145.8,140.0,100.1,154.9
172.6,138.8,98.6,152.6
97.1,138.0,98.1,152.5
107.9,133.3,97.4,150.8
108.2,133.9,98.1,156.2
107.4,135.9,99.5,158.2
107.7,135.7,101.3,159.3
108.8,135.5,100.0,159.4
110.1,135.2,101.9,158.6
107.2,135.6,101.2,157.8
107.7,135.3,99.7,157.1
108.1,134.9,101.3,157.9
110.2,133.2,101.1,157.9
111.0,134.2,101.2,158.2
109.7,136.5,100.9,158.5
107.3,135.9,101.6,157.6
108.6,135.2,101.4,157.0
101.6,135.1,101.4,155.3
104.5,136.1,100.6,153.1
106.7,137.7,100.7,153.9
105.0,138.1,101.2,154.3
105.0,137.6,102.2,154.9
104.0,137.3,101.8,153.6
103.9,139.0,101.0,153.9
104.7,139.0,100.5,153.7
108.3,138.5,101.2,154.8
109.7,138.4,100.3,152.8
134.3,138.1,100.7,152.8
93.0,136.0,98.9,151.4
112.6,133.9,96.7,151.1
109.6,130.8,98.8,153.7
110.9,130.6,98.7,155.5
115.1,133.6,97.6,156.2
116.1,135.6,99.1,157.9
114.7,133.4,100.4,157.1
116.2,133.4,98.9,156.8
116.0,134.4,98.5,157.4
115.1,133.8,98.9,156.4
113.5,132.4,99.4,155.9
114.3,132.7,99.4,155.7
111.9,132.1,101.3,158.0
111.8,131.3,100.0,157.5
111.8,132.8,100.1,157.6
111.5,131.9,102.0,157.3
111.0,132.3,102.0,158.0
111.4,133.1,102.1,156.8
110.9,133.7,100.7,156.7
110.7,131.8,101.1,154.6
112.1,132.4,102.1,154.6
114.6,132.8,102.0,155.2
112.4,132.3,102.0,153.5
109.3,131.8,102.7,153.0
108.4,131.5,103.0,153.6
107.9,133.0,101.6,152.7
107.0,135.1,102.1,152.6
107.9,136.9,102.7,155.4
108.6,138.6,102.4,154.2
108.2,133.6,104.8,154.5
105.7,135.0,104.0,154.5
106.0,133.8,105.2,154.0
105.7,133.8,103.8,153.8
106.4,132.5,104.9,155.0
106.2,133.1,104.3,154.8
107.8,135.5,104.1,154.7
106.6,133.7,103.8,154.6
110.3,135.3,101.8,154.1
103.2,130.6,102.5,153.4
106.0,131.8,100.6,152.9
114.1,130.3,101.3,152.4
117.3,130.7,102.7,155.3
116.2,133.9,101.1,154.0
117.4,136.1,100.1,153.7
117.7,137.7,101.0,155.2
119.2,137.1,101.0,154.7
114.8,137.9,100.4,153.2
115.4,137.8,100.0,153.3
111.8,135.9,100.9,153.6
114.0,134.8,101.7,155.0
115.6,135.5,100.5,154.0
115.6,132.8,101.6,154.4
115.5,132.4,101.6,154.0
115.7,133.3,101.3,153.8
116.1,133.0,100.7,154.3
116.3,134.0,102.3,154.7
115.4,134.7,101.0,154.0
114.1,136.0,101.1,153.2
113.7,134.7,101.7,153.3
113.9,134.5,102.3,153.6
113.7,134.4,101.0,152.7
113.1,133.9,101.9,153.7
112.6,135.5,100.7,153.0
113.6,134.0,102.0,153.6
113.5,134.4,101.1,153.7
113.4,134.8,101.7,153.6
116.1,135.7,102.1,154.7
114.9,135.1,101.5,154.0
115.1,135.6,101.9,153.9
116.7,135.6,102.1,154.5
116.1,136.0,102.6,153.9
116.8,136.2,102.1,154.2
116.8,135.8,101.6,153.7
113.6,134.5,102.8,154.1
113.3,136.5,102.3,154.2
113.6,136.2,102.9,154.3
114.4,134.4,102.2,154.1
115.1,135.2,101.3,153.8
116.0,134.9,101.2,153.3
115.3,136.8,100.1,153.4
119.5,134.6,102.2,155.8
119.4,132.2,103.4,155.8
110.5,132.7,103.5,154.6
110.2,130.9,102.7,153.4
118.1,130.4,102.8,153.7
115.8,126.5,103.7,153.5
115.1,128.6,103.1,155.0
115.7,133.1,101.8,155.8
117.5,132.8,102.4,154.3
116.7,133.7,102.6,154.9
114.0,138.5,99.8,155.2
117.0,139.2,99.2,154.9
115.1,137.3,100.9,156.8
116.5,137.8,100.0,154.9
114.5,137.9,100.4,155.7
116.3,136.9,100.6,154.8
115.9,137.3,100.5,155.7
114.8,137.9,100.2,155.5
116.7,137.0,100.8,155.8
114.5,137.4,100.9,155.6
115.4,135.5,101.6,156.1
115.4,135.5,101.8,156.3
115.9,134.8,102.1,155.9
116.6,135.0,102.2,155.6
115.9,135.0,101.9,155.2
115.6,135.9,101.6,154.5
116.8,135.2,102.3,154.8
116.4,134.7,101.5,155.0
117.8,135.6,101.7,156.0
118.2,137.0,100.8,155.4
118.3,134.9,101.7,155.3
118.4,135.1,102.1,155.4
117.7,135.5,101.9,156.4
119.0,133.2,102.9,155.5
117.0,134.0,102.9,155.4
115.1,133.1,102.9,156.3
116.4,133.8,103.3,156.4
115.7,135.4,102.5,156.6
117.0,134.3,103.0,155.7
114.6,134.1,102.8,155.8
115.2,134.3,102.2,155.0
114.0,134.5,102.0,155.7
114.0,134.8,102.3,155.4
115.2,134.7,102.3,155.7
114.5,134.6,102.0,155.8
115.2,133.7,102.1,155.3
114.6,134.2,102.1,155.7
114.8,133.7,102.2,155.1
114.9,134.4,101.4,154.3
116.2,133.4,102.7,155.9
116.4,133.3,101.9,155.7
118.1,132.8,102.1,155.5
117.6,132.0,103.3,156.3
118.3,132.9,102.5,155.0
118.6,132.6,102.7,155.0
118.9,133.5,102.6,155.2
118.1,134.4,102.5,155.4
117.4,133.6,102.5,155.2
116.2,134.1,102.2,155.3
116.1,134.7,101.6,155.2
114.2,135.2,101.3,154.9
113.7,135.8,101.6,155.3
114.2,133.8,102.1,155.5
112.8,134.4,102.2,154.9
112.2,135.6,101.3,155.1
112.6,134.9,101.1,155.3
111.4,135.2,102.0,156.2
112.0,134.7,102.1,155.8
111.6,135.3,102.1,156.6
112.5,134.4,102.0,156.1
112.7,133.2,103.3,156.8
113.2,133.7,102.4,157.0
116.1,133.4,103.5,156.4
116.1,134.7,102.8,156.4
114.5,135.3,103.1,156.2
112.5,134.1,103.3,155.3
113.1,137.3,102.1,155.3
110.1,137.0,102.0,154.9
114.1,138.2,101.0,154.8
112.6,137.8,101.4,155.2
112.3,136.8,101.7,155.6
112.0,137.3,102.0,156.4
111.9,137.0,101.8,156.2
112.1,137.6,101.2,155.8
111.9,137.3,101.1,155.4
110.3,137.6,101.4,156.2
111.3,136.9,101.3,155.6
112.0,136.9,100.5,155.1
114.5,136.0,100.7,155.0
105.6,133.8,101.0,153.6
102.6,133.8,100.0,152.7
107.6,134.0,99.6,152.8
115.6,129.1,101.7,153.8
118.4,130.0,102.1,154.9
117.3,135.1,99.6,155.2
117.2,138.4,100.0,156.6
116.9,138.9,98.7,154.5
115.2,139.8,98.3,153.6
109.2,139.0,99.2,154.3
110.6,137.4,100.9,155.9
110.2,138.7,99.7,153.8
107.9,136.5,100.4,153.7
106.1,135.9,100.5,153.5
107.6,138.2,99.4,153.9
107.1,136.3,100.6,155.6
108.9,136.6,99.9,154.6
107.7,135.6,99.5,155.2
107.3,136.5,100.6,155.9
109.6,135.9,100.5,155.9
109.6,133.9,101.6,155.7
110.4,137.2,99.5,154.7
109.8,139.1,99.2,154.1
111.1,136.8,100.7,154.4
112.0,137.8,100.8,154.6
111.2,138.5,100.7,154.0
109.7,139.4,100.8,154.5
110.4,139.0,101.6,154.4
109.1,137.7,100.9,154.1
110.0,137.1,100.9,154.1
110.7,135.9,101.4,153.8
111.2,136.0,102.4,154.2
111.5,134.7,101.7,154.8
111.4,135.4,101.6,153.7
110.6,135.6,101.6,154.2
110.2,135.7,101.8,154.4
111.2,134.4,101.9,154.1
112.4,136.0,101.6,154.8
112.6,134.7,101.8,154.6
113.1,135.5,101.1,155.0
111.7,133.3,102.0,155.2
113.5,133.7,101.6,155.1
109.5,132.8,100.6,153.9
105.6,131.4,100.2,152.9
115.1,128.9,100.5,154.3
113.9,130.2,99.3,152.5
113.7,127.9,101.0,153.2
113.1,133.9,98.6,155.1
112.7,133.9,100.9,156.5
113.3,134.2,100.7,156.0
111.7,134.2,101.0,156.6
110.2,133.6,101.6,156.7
109.8,131.8,102.5,156.6
111.9,132.6,102.3,155.4
113.6,132.5,102.3,154.3
111.2,132.1,101.5,153.3
114.0,132.8,102.7,155.0
113.2,132.3,102.8,153.8
115.6,133.3,103.8,154.6
114.2,131.3,104.9,154.2
111.4,130.5,104.7,153.7
110.7,132.7,103.6,154.2
108.6,134.4,102.7,154.2
110.8,134.7,102.9,156.4
110.4,137.5,100.7,153.5
112.5,134.9,102.6,154.7
110.6,135.3,101.5,153.5
110.0,134.6,102.8,156.5
108.6,134.3,102.9,155.4
108.6,134.1,101.4,155.0
111.1,132.6,102.2,154.7
109.5,133.4,102.0,154.7
109.3,134.6,101.4,154.1
109.0,134.6,100.9,154.1
107.7,134.7,100.9,154.3
108.6,133.4,100.7,153.3
110.4,133.4,100.6,153.5
107.5,129.0,100.9,153.3
108.4,127.9,102.4,153.0
110.0,125.2,101.6,154.1
116.3,124.9,100.7,152.4
115.3,126.7,100.6,152.8
118.4,127.9,102.1,153.7
117.0,134.0,100.6,155.9
116.5,134.1,100.8,154.3
112.6,136.9,100.4,154.2
114.3,132.8,102.3,154.5
116.5,131.3,102.1,153.3
115.9,133.0,101.8,153.8
115.6,133.6,101.0,153.4
115.1,131.4,103.2,153.8
113.9,133.5,102.1,153.1
114.0,134.2,101.9,154.5
112.6,133.7,102.2,154.5
112.3,133.8,101.9,153.7
113.5,132.4,103.1,155.2
114.1,132.7,102.7,154.3
111.1,132.0,103.2,154.7
113.8,132.7,103.2,154.3
108.6,134.6,101.4,153.2
114.1,134.1,101.4,152.6
113.0,134.9,101.7,154.3
110.9,136.9,100.5,153.2
116.9,133.8,102.0,154.4
117.9,134.7,102.0,154.3
115.1,136.0,102.3,154.9
111.8,137.8,102.3,155.1
109.5,137.5,102.3,155.6
111.6,136.4,101.7,155.7
118.9,131.9,103.6,155.9
114.0,131.5,103.9,155.1
125.7,133.9,101.5,154.8
134.2,134.6,100.9,154.1
169.6,132.9,99.9,154.6
162.7,129.9,99.9,155.2
111.3,127.3,99.3,157.4
112.9,127.3,98.9,159.2
109.3,129.2,99.5,160.8
108.8,124.7,99.4,159.4
107.9,116.5,98.6,148.0
108.5,118.3,94.2,139.6
107.1,119.7,91.4,136.7
110.1,123.3,87.6,131.7
111.2,124.1,85.6,132.3
110.1,120.6,87.8,132.4
110.0,119.8,86.5,128.7
110.5,123.9,84.8,128.9
109.2,121.0,87.8,129.2
110.0,121.2,87.4,129.3
109.7,123.9,89.4,134.3
110.7,123.0,93.6,142.9
110.5,122.7,99.1,149.1
110.8,126.6,98.7,155.0
111.0,120.3,105.4,156.2
108.3,125.0,105.3,163.2
110.0,123.7,107.0,164.9
111.2,125.6,106.3,164.4
110.9,125.8,105.9,165.0
111.2,122.3,108.1,165.0
111.1,123.9,106.5,165.7
111.4,122.8,106.8,165.6
111.8,123.1,108.1,165.0
112.8,122.8,108.7,165.3
112.4,122.2,108.8,165.6
113.0,123.3,108.4,167.0
113.7,122.9,109.9,165.6
115.6,121.1,110.1,165.8
114.8,119.9,111.3,166.9
114.0,120.1,111.4,166.7
114.8,119.5,111.8,167.2
115.4,120.0,113.3,167.8
115.5,124.0,109.4,165.5
117.1,122.1,112.2,167.9
118.1,123.7,111.8,169.6
119.8,124.1,110.9,168.9
120.3,125.2,111.0,169.4
120.4,124.3,111.3,170.3
120.3,125.1,111.3,170.7
120.3,126.0,110.3,170.5
120.7,126.1,110.5,169.6
122.2,126.9,109.4,170.6
122.0,126.8,110.1,169.9
121.5,126.7,108.9,168.6
121.1,126.8,110.4,169.9
120.7,125.5,109.7,167.0
121.9,131.3,107.8,168.9
121.5,126.7,109.7,166.8
121.2,127.4,110.8,168.8
122.0,126.3,108.8,166.6
122.6,126.7,108.7,166.7
121.4,126.6,109.9,167.1
122.7,125.6,108.9,168.0
122.7,126.3,109.3,167.5
122.4,127.7,109.8,169.3
121.3,124.3,109.7,167.2
120.5,125.9,109.6,168.6
121.1,125.0,110.3,168.4
118.7,126.0,109.0,168.6
119.9,125.3,109.8,168.1
118.0,125.2,110.1,169.2
117.0,126.4,108.6,168.7
116.4,125.4,109.1,168.2
115.5,124.7,110.4,169.3
116.8,126.7,108.8,169.2
118.1,125.1,109.9,167.9
119.5,124.7,108.7,168.2
119.2,123.1,109.7,169.4
119.2,122.1,110.1,169.5
118.0,124.8,109.5,169.1
121.0,123.9,110.1,168.0
121.8,124.9,109.1,167.9
121.6,126.1,110.0,168.3
118.1,124.1,111.5,168.6
120.2,126.0,108.8,166.3
119.0,125.2,109.0,167.6
120.2,130.6,107.4,169.9
118.8,130.0,107.3,168.1
117.9,130.0,107.4,168.5
116.9,129.2,107.7,170.1
115.2,127.8,107.4,168.4
114.9,127.4,107.8,170.8
112.5,128.3,106.1,169.7
114.0,124.0,109.1,169.9
115.2,122.9,107.8,169.3
115.0,124.7,108.3,171.3
117.7,124.5,109.4,170.4
120.6,126.2,108.7,170.3
120.1,133.5,103.6,169.4
123.9,136.2,102.0,166.5
125.5,132.2,106.3,167.8
120.0,130.4,106.6,167.0
121.3,129.4,107.4,168.2
118.5,127.8,108.9,168.0
119.6,132.1,106.2,169.7
117.3,133.7,104.7,168.3
117.1,134.2,103.9,167.7
117.8,134.7,102.8,168.1
118.5,133.4,104.3,170.2
118.5,133.2,104.4,169.9
118.4,133.7,103.4,167.9
120.1,133.4,104.6,169.5
119.5,133.6,104.8,169.8
119.5,132.3,106.0,167.7
119.6,132.4,105.1,169.1
120.2,132.7,105.0,168.5
119.3,132.5,104.9,168.2
120.4,134.3,104.0,169.0
119.3,133.7,104.5,169.3
118.8,134.5,103.9,168.7
118.7,132.5,105.7,169.0
119.2,131.8,105.2,167.9
119.7,133.1,105.5,169.7
119.0,131.4,106.8,168.1
119.4,133.1,105.1,168.6
118.1,131.9,104.7,168.5
116.9,132.3,104.0,167.7
118.0,132.6,105.0,168.7
119.4,132.2,104.5,166.9
120.5,133.6,105.4,168.7
122.1,134.5,104.5,168.2
121.6,134.9,104.6,168.3
123.1,130.7,106.0,167.6
121.2,129.7,105.5,166.5
122.9,131.8,106.0,168.1
122.7,132.6,105.2,169.5
121.7,133.9,103.6,167.0
121.8,132.0,105.6,168.2
122.0,133.0,105.1,169.1
123.6,133.3,104.7,167.2
121.8,132.8,104.6,167.6
124.1,132.7,104.2,167.8
121.9,131.0,105.6,167.5
123.3,133.0,103.1,166.6
125.7,133.2,104.6,167.3
124.0,134.3,103.6,167.4
125.3,134.0,104.4,166.9
123.5,133.4,104.8,167.7
123.2,132.4,105.0,167.5
125.7,132.5,104.3,167.6
123.6,131.0,105.6,167.9
126.7,133.6,103.6,168.0
125.3,131.3,105.3,169.0
125.7,132.8,104.0,168.1
127.3,130.4,104.9,167.3
124.8,133.4,103.5,167.8
128.7,132.4,103.5,166.9
124.0,127.7,106.4,165.0
126.6,133.4,103.4,167.9
126.2,132.6,104.3,169.0
124.8,131.9,104.0,167.2
125.5,132.5,103.1,168.9
123.3,132.7,104.0,169.3
123.8,131.9,103.3,168.7
121.0,125.9,106.5,166.1
122.5,126.1,106.2,165.3
123.7,131.6,103.4,168.5
122.8,126.1,106.2,166.1
123.9,132.1,102.4,168.6
124.3,127.7,106.5,166.7
125.2,124.3,107.6,167.0
122.7,129.4,105.8,167.4
125.3,125.6,107.6,167.4
121.8,127.9,105.4,167.9
124.0,126.8,106.1,167.9
123.3,124.3,107.3,168.0
124.2,124.6,107.6,167.6
122.7,123.7,106.9,167.1
124.5,125.6,105.5,167.0
125.6,126.0,104.6,166.6
124.4,123.9,106.1,167.2
127.3,126.7,104.5,167.7
124.5,125.2,105.0,166.9
125.1,127.5,104.3,166.1
123.5,124.6,106.1,166.6
125.8,128.1,104.4,165.3
127.7,131.8,102.3,166.7
129.5,136.9,100.4,167.3
124.5,136.3,102.5,166.5
125.8,133.5,104.9,165.5
131.1,133.4,106.8,165.7
133.6,130.8,108.2,164.3
127.6,132.0,109.7,165.7
123.1,132.8,108.5,166.6
122.9,130.3,110.0,165.7
119.2,127.0,110.5,164.3
121.8,127.7,111.3,164.3
121.2,130.1,110.9,164.2
122.7,131.3,110.1,165.9
124.6,129.0,109.2,164.9
123.8,131.3,109.4,165.6
122.5,129.1,109.5,165.3
124.0,130.9,108.6,164.4
124.1,129.1,110.1,165.7
122.3,128.5,110.5,165.4
125.6,125.8,112.9,166.8
120.7,126.9,111.1,164.7
120.6,127.0,111.4,165.3
122.8,128.1,111.5,166.6
119.4,129.1,111.4,166.6
120.9,130.3,110.6,166.3
123.7,128.5,111.4,165.7
119.0,130.8,108.9,165.9
120.2,130.2,110.0,166.0
120.0,128.9,109.4,165.7
118.8,129.7,109.4,166.2
120.7,130.9,109.3,166.1
119.0,130.4,109.3,165.1
119.3,131.1,108.7,166.1
121.2,130.4,108.4,165.1
119.5,131.4,107.7,165.3
120.6,131.7,106.6,165.0
120.7,129.8,107.2,166.0
120.3,132.1,106.6,167.4
122.4,128.9,107.5,165.3
122.0,126.3,109.2,165.5
122.0,125.4,109.3,165.6
123.4,128.9,106.7,165.4
123.0,127.3,107.1,165.1
125.4,128.9,106.5,164.9
125.1,128.3,106.6,165.8
123.2,127.7,106.6,164.8
125.8,125.8,107.7,165.9
123.7,127.3,107.2,165.7
124.8,126.7,106.9,166.6
124.8,125.8,107.5,166.1
126.5,129.5,105.3,166.9
126.6,129.8,105.1,167.5
127.3,127.0,105.5,166.3
126.8,123.1,110.0,166.7
127.7,127.0,106.8,167.3
123.6,123.4,109.3,168.4
124.9,123.7,108.8,167.7
125.4,122.7,108.4,166.6
124.3,125.1,107.1,166.5
123.8,123.0,107.8,167.2
123.3,123.7,108.6,167.7
125.0,122.5,107.6,167.0
125.0,124.5,105.4,166.8
125.7,125.6,106.1,167.8
124.7,125.3,105.9,168.2
125.0,124.6,105.3,166.9
123.4,122.2,106.6,166.6
123.4,124.4,106.2,168.0
123.1,121.8,107.0,166.0
120.1,123.9,105.7,166.0
121.4,121.6,106.3,166.5
120.8,122.3,106.5,166.0
120.2,123.5,106.1,166.3
121.1,127.3,103.6,168.3
121.3,123.3,105.9,166.0
122.3,128.7,104.1,167.3
125.3,127.9,104.6,167.3
128.2,130.3,104.0,167.1
126.5,131.9,104.4,166.8
128.0,132.4,103.9,165.1
124.3,132.3,106.1,165.9
124.4,128.8,106.6,165.8
125.0,130.6,106.0,165.1
124.7,131.1,106.4,165.7
127.6,129.7,108.0,165.4
124.0,129.3,108.9,166.7
124.6,131.5,107.7,165.8
123.5,129.5,107.6,166.2
124.2,134.5,104.4,166.6
124.5,133.9,103.9,166.0
123.9,135.1,103.6,166.7
123.0,134.1,104.8,167.3
121.4,136.0,102.6,166.5
121.5,136.9,102.6,166.6
122.0,136.9,102.5,167.2
122.6,133.9,103.8,167.2
122.1,134.6,104.0,167.1
122.8,134.6,103.1,167.0
124.7,132.6,104.4,167.0
127.3,134.0,103.1,167.2
126.4,134.3,102.2,166.6
126.1,134.8,102.0,166.7
127.5,133.7,102.9,166.4
126.5,134.9,101.9,165.6
125.1,134.0,102.0,165.4
126.2,133.3,101.6,164.9
127.0,131.6,101.5,163.9
127.0,131.4,102.0,163.8
124.9,133.1,102.4,164.9
123.5,132.2,102.7,164.3
123.7,127.6,105.3,165.3
123.1,128.5,104.6,164.8
123.0,126.2,105.5,165.9
122.7,132.1,100.5,162.2
122.2,126.8,104.1,162.9
122.8,127.8,102.9,163.1
121.6,128.5,103.3,163.3
127.5,125.4,104.6,162.9
110.9,124.9,103.7,163.1
110.5,127.4,103.3,163.5
110.4,126.6,103.9,165.4
116.1,128.7,103.7,167.2
113.9,124.3,105.2,165.3
117.6,126.8,104.4,162.6
119.4,126.3,104.1,163.6
118.3,127.4,103.4,163.8
118.2,127.2,103.9,163.6
138.0,126.7,104.0,164.0
127.3,126.9,104.4,164.9
127.5,133.1,101.7,164.3
118.9,132.4,102.7,164.9
118.2,126.2,104.0,164.5
112.7,127.7,101.4,167.2
108.4,122.4,104.5,167.1
106.1,124.8,99.9,164.9
113.4,119.0,104.5,166.7
113.2,121.6,104.4,168.3
110.9,124.6,100.9,169.7
111.8,121.9,103.4,168.7
113.5,128.5,100.4,169.6
115.3,128.4,103.6,169.7
114.7,129.4,102.4,168.6
118.5,127.5,104.3,169.7
120.3,127.4,103.4,169.1
120.8,123.4,105.7,168.4
121.3,125.3,105.0,170.6
123.3,126.7,104.4,173.2
123.2,125.3,103.7,172.1
122.2,123.7,103.9,171.2
122.2,121.6,104.6,169.8
122.5,121.7,105.3,170.8
122.2,121.5,104.2,170.1
122.7,123.6,103.6,169.5
122.6,122.7,104.4,170.5
123.6,121.4,104.4,170.0
122.5,123.0,104.0,170.1
122.4,124.4,102.7,169.5
122.5,124.7,103.7,170.7
118.9,124.7,104.7,170.9
119.1,125.7,103.6,169.6
117.8,126.2,104.2,169.8
120.5,127.4,103.3,169.3
122.5,125.6,104.2,168.9
124.8,128.0,103.4,168.0
128.7,117.4,110.2,168.7
129.1,116.0,110.0,167.9
125.6,115.2,110.3,168.8
125.4,115.6,109.5,167.1
126.0,114.0,110.4,166.8
123.4,120.1,107.8,167.9
123.2,122.8,105.6,168.9
122.1,122.8,104.3,168.3
123.9,123.8,103.3,168.4
122.2,123.6,104.7,168.7
123.2,123.7,102.1,167.7
122.7,118.1,106.1,166.4
120.4,126.6,101.2,168.6
118.2,126.9,101.3,169.5
118.4,121.3,107.0,168.9
121.5,120.1,107.1,169.2
128.5,116.1,108.9,170.6
117.1,110.5,111.6,167.6
114.8,111.3,110.9,163.5
118.3,114.8,110.4,167.0
111.3,113.1,111.7,168.8
115.3,111.2,112.5,168.7
111.8,109.9,112.1,168.8
112.7,110.9,112.0,169.2
113.2,110.8,111.9,170.0
113.8,114.6,106.7,165.6
112.5,116.3,106.4,166.0
112.0,117.1,107.1,166.9
112.9,118.2,106.6,166.6
112.7,117.1,107.6,165.9
114.6,122.0,107.3,167.2
113.9,121.4,107.5,168.7
110.6,123.6,106.9,167.7
112.1,124.5,106.3,168.0
109.2,120.8,108.1,166.4
109.4,119.7,108.4,167.9
108.6,119.3,107.9,168.5
107.7,127.1,103.5,170.5
106.8,131.5,101.1,173.1
106.9,134.2,99.6,170.6
105.9,132.4,101.1,171.5
106.2,124.4,106.2,169.1
107.5,126.1,103.5,171.1
107.6,119.6,107.0,168.0
108.8,124.0,104.3,169.4
113.4,125.2,103.6,169.8
111.9,119.7,106.7,167.5
111.5,121.4,105.6,166.8
111.0,123.9,104.6,169.9
111.9,128.8,103.7,170.6
111.1,129.7,103.1,170.5
111.5,131.9,101.4,170.5
115.5,129.1,103.3,171.9
115.7,124.9,105.1,171.0
96.1,124.4,103.9,169.6
111.3,120.4,107.9,170.6
114.8,129.1,105.3,175.8
113.6,116.9,109.7,172.0
113.8,116.1,109.5,172.8
115.5,120.3,107.8,170.5
117.0,120.3,107.8,172.3
116.7,119.7,108.0,171.5
115.6,117.6,108.4,171.1
115.0,120.6,107.9,172.8
116.9,120.1,108.7,172.9
119.2,119.1,108.5,171.5
118.6,116.8,109.6,169.3
120.8,118.6,109.4,168.2
118.7,119.5,109.2,170.9
121.0,109.7,111.7,167.9
119.6,109.1,111.4,165.6
120.4,108.3,110.9,163.9
120.9,111.1,111.5,166.9
120.9,111.4,111.0,167.3
120.0,110.2,111.7,166.9
120.4,110.2,112.1,167.0
117.1,111.2,111.6,168.7
118.0,108.7,110.9,165.1
119.5,106.0,112.5,168.8
123.0,106.3,114.2,170.6
115.7,108.3,111.6,169.6
116.1,111.6,110.2,169.7
119.8,115.3,108.0,169.9
117.0,116.1,107.3,170.1
114.1,117.3,108.6,172.5
117.9,114.2,109.2,167.7
116.2,111.8,111.7,167.4
117.5,115.5,112.4,173.9
117.2,120.4,108.2,169.1
120.3,120.4,107.9,166.6
122.4,118.2,110.2,168.2
121.9,122.9,109.6,166.7
121.1,120.8,109.3,164.8
122.7,128.0,108.9,167.8
110.3,128.0,107.4,166.9
117.5,126.1,110.3,170.3
114.8,119.0,110.1,167.9
116.5,121.2,109.7,167.6
118.4,121.8,110.6,166.9
121.9,119.2,111.6,165.2
124.3,113.6,114.7,166.3
124.3,113.6,115.8,166.4
126.9,116.5,114.7,166.7
127.6,128.4,107.1,166.5
125.7,125.0,108.3,164.7
126.7,127.1,109.0,165.3
127.1,129.3,107.7,167.3
126.3,128.7,107.6,167.3
128.5,130.1,107.2,166.1
128.8,128.4,106.4,166.9
131.4,128.9,106.4,167.1
126.6,127.7,107.3,168.2
126.7,128.0,109.2,169.3
128.0,125.8,109.9,168.5
128.6,128.3,107.6,168.1
127.8,126.3,110.0,167.4
128.6,128.8,109.1,169.6
128.9,133.1,105.6,166.6
130.5,133.5,106.5,166.6
131.2,130.9,109.2,167.2
130.4,137.2,106.8,167.0
130.3,138.9,106.0,168.4
132.4,137.6,105.9,167.7
133.3,139.1,104.2,168.0
132.6,132.1,107.3,167.4
132.9,132.1,105.5,166.4
138.1,133.4,105.3,168.9
136.3,133.1,104.8,168.7
138.0,133.3,104.9,169.3
141.5,136.5,103.4,168.7
138.7,134.2,105.1,169.0
139.2,133.0,105.1,169.7
137.6,132.3,105.4,169.8
137.4,133.7,104.9,169.6
139.2,133.3,104.4,170.1
137.2,133.4,104.2,170.3
134.3,132.8,105.0,170.3
128.9,132.0,104.9,169.2
131.5,134.3,104.9,169.9
135.0,134.6,104.4,170.2
136.2,135.4,104.0,169.7
129.6,137.4,101.8,169.1
129.2,137.6,101.2,168.3
131.8,135.7,102.5,169.2
131.6,130.2,104.9,168.6
131.3,124.8,108.4,169.1
127.7,127.4,106.2,167.9
147.4,128.2,107.2,169.5
143.5,128.8,106.6,169.0
121.9,126.5,107.4,168.7
145.7,124.9,106.6,169.4
129.3,123.5,107.7,169.4
144.3,124.1,107.6,168.8
146.3,124.2,107.1,167.7
133.4,122.0,109.0,167.9
135.1,120.7,109.5,168.4
133.5,121.3,109.4,168.7
137.2,121.0,108.9,168.4
137.7,120.7,108.9,167.9
135.6,120.3,108.9,167.4
135.8,119.9,107.1,166.7
136.1,118.7,107.9,166.4
133.7,117.4,109.1,167.9
126.1,119.0,108.5,168.3
114.7,118.5,107.7,167.6
157.1,122.7,104.5,166.5
119.7,121.6,106.1,168.1
114.4,121.4,105.5,167.6
109.8,122.4,104.9,167.6
106.8,120.9,105.4,168.2
103.7,126.4,103.4,169.0
103.4,126.7,104.9,168.8
99.8,133.6,98.5,170.9
96.2,130.4,99.7,167.1
106.6,131.2,100.1,168.1
103.5,135.3,96.5,169.4
104.5,131.6,100.5,173.8
105.4,125.7,103.0,171.2
106.6,128.7,100.5,169.1
107.0,126.8,101.7,170.9
105.7,126.7,101.1,171.1
110.1,130.7,98.6,172.9
108.8,130.4,102.6,170.6
109.7,124.1,106.2,168.7
109.4,134.3,98.1,172.8
108.1,130.9,99.6,172.5
109.1,131.1,100.1,172.3
108.1,127.3,103.9,171.9
107.2,129.5,102.0,173.1
107.3,130.5,101.4,172.8
106.1,131.4,100.5,171.7
106.5,131.3,101.1,171.4
107.5,131.4,101.6,172.1
107.0,133.7,98.8,172.0
108.0,131.5,101.1,172.1
108.6,130.8,101.5,172.3
108.2,132.5,100.5,172.7
109.8,133.6,100.5,171.3
108.9,132.0,102.6,171.5
109.7,128.7,104.0,170.4
111.6,130.8,103.5,171.0
113.9,125.9,104.7,171.1
115.2,123.6,106.1,170.6
117.2,126.0,102.8,169.2
117.1,126.9,102.5,166.5
118.7,129.1,100.3,166.8
120.6,128.2,101.5,167.2
121.7,130.1,100.1,166.8
125.7,129.4,101.9,168.2
124.5,129.2,103.0,169.2
123.4,134.7,99.6,170.1
123.4,138.0,96.8,170.1
124.3,133.8,100.3,169.6
125.6,132.9,100.2,168.7
123.1,132.6,100.5,168.9
127.1,130.6,101.4,168.0
125.9,130.5,100.6,167.4
128.5,129.8,100.5,167.4
120.7,130.0,100.0,168.0
118.9,131.0,101.3,168.6
115.8,132.0,101.8,169.7
115.3,132.3,101.0,170.2
115.0,134.0,100.3,169.1
121.5,135.1,100.0,168.9
134.2,134.7,99.9,169.6
148.0,133.7,100.8,169.0
165.5,134.2,99.7,168.7
175.9,134.3,100.4,169.3
114.1,133.9,99.7,170.8
111.2,131.7,101.4,170.5
110.4,129.5,104.3,170.4
113.7,127.8,104.2,169.9
112.2,130.5,103.1,169.3
112.0,134.3,101.2,170.2
115.5,135.5,101.2,172.4
117.9,133.3,101.3,169.7
114.6,134.5,101.3,169.3
116.5,138.5,98.0,168.4
118.8,136.2,100.8,168.6
127.6,139.0,97.0,168.1
125.4,132.4,101.6,168.7
109.1,133.5,100.6,170.6
99.8,131.7,103.4,171.3
114.1,132.9,101.9,172.6
140.8,132.8,102.8,172.1
135.3,134.3,100.5,170.8
113.0,133.0,99.9,170.9
111.8,132.2,100.7,170.5
112.3,132.9,101.3,171.2
110.4,137.2,99.4,171.7
109.0,134.0,101.0,173.0
109.0,133.3,101.8,172.9
110.7,135.2,101.2,170.7
108.4,131.2,103.6,170.7
106.5,130.7,103.7,171.9
109.8,130.7,104.1,173.1
112.8,131.2,103.6,172.2
114.0,131.2,103.7,172.0
103.5,127.8,105.4,171.2
109.5,131.7,102.9,169.8
106.0,136.7,99.0,170.9
120.7,137.1,99.1,171.9
133.2,136.6,100.0,171.9
138.7,132.8,103.8,173.1
136.6,132.3,103.3,173.6
132.8,133.7,102.5,174.7
177.3,131.7,102.7,172.6
91.7,131.7,103.3,172.3
107.8,127.9,106.4,174.0
103.4,131.2,105.8,170.9
103.9,129.2,106.1,170.6
103.6,124.0,108.4,171.0
104.8,122.3,108.4,172.5
105.0,122.7,109.0,176.2
106.6,123.6,109.5,176.0
104.5,123.2,110.2,175.5
102.8,126.0,108.2,174.5
102.1,124.8,109.0,174.5
103.8,122.4,111.6,175.3
102.8,122.0,111.0,174.5
104.7,131.4,104.4,175.1
106.9,131.7,104.7,175.7
106.0,125.4,108.1,174.3
110.6,123.8,109.3,174.2
110.9,122.6,109.7,173.3
110.1,123.3,108.6,172.5
109.7,119.9,111.4,172.6
107.2,119.1,111.7,173.4
107.0,127.1,107.0,176.1
105.5,129.2,105.8,174.7
107.5,128.3,106.6,176.4
107.1,120.5,110.3,172.3
111.0,123.6,109.5,172.6
89.8,121.0,110.7,171.0
109.7,126.2,109.8,174.5
106.6,123.6,109.0,171.6
106.9,127.7,107.2,173.2
109.5,128.0,106.6,171.8
110.1,126.5,105.6,169.6
108.8,125.5,106.4,170.2
107.3,122.7,107.0,170.4
107.4,119.3,110.6,172.0
105.7,117.8,113.4,173.6
105.9,123.4,109.8,171.4
105.1,112.8,116.2,172.8
107.2,118.6,114.1,175.3
105.3,117.5,112.5,172.9
106.3,119.0,113.6,176.1
105.2,119.8,113.4,176.3
104.8,119.5,113.7,175.5
104.5,118.7,113.6,174.4
106.5,117.5,114.4,175.6
108.1,119.6,113.0,175.1
108.5,122.7,113.1,176.7
110.3,121.0,114.6,177.4
108.7,116.5,116.0,176.4
109.0,114.5,117.9,177.5
105.0,114.8,116.9,175.3
107.9,115.9,117.1,176.9
108.7,115.7,117.0,177.6
109.4,117.6,115.1,178.0
111.0,116.7,115.7,178.1
110.0,118.1,114.5,176.7
112.5,119.9,114.2,176.6
113.3,120.1,112.8,178.2
114.7,120.8,113.4,176.6
115.6,119.4,112.9,175.5
122.5,120.3,111.7,174.9
125.2,123.0,109.3,174.0
95.8,129.5,107.1,173.6
109.6,132.1,104.6,172.2
119.4,134.3,102.1,172.4
119.7,133.6,101.3,171.8
116.8,132.4,103.1,172.4
118.5,132.4,103.7,171.0
118.6,132.1,103.2,170.4
118.1,133.3,103.1,169.7
122.3,129.1,106.7,170.5
117.9,127.7,108.3,171.2
118.4,129.3,108.0,171.2
117.5,126.9,108.2,170.8
112.1,123.9,110.3,172.5
112.5,116.7,114.0,173.8
114.4,122.3,112.3,173.8
112.4,123.0,112.0,175.7
112.9,124.7,113.5,177.5
115.6,121.5,112.9,176.0
115.9,123.2,112.4,176.0
116.8,124.4,110.7,175.8
118.4,123.6,111.1,174.8
123.0,122.8,112.0,176.0
122.8,122.4,111.3,175.5
117.0,124.6,108.7,176.5
116.9,120.2,111.1,175.5
121.6,125.1,107.1,173.4
122.0,125.7,107.7,175.7
123.3,126.0,107.6,175.9
123.6,123.9,107.2,171.7
124.7,120.9,108.4,172.1
121.8,120.7,109.0,172.9
124.3,121.1,111.0,173.4
121.8,119.3,112.0,173.6
119.5,123.1,110.0,173.4
120.2,122.2,110.6,172.6
118.7,121.8,110.4,172.1
121.5,122.2,110.7,174.3
120.4,123.6,109.9,173.8
122.3,123.3,110.7,175.1
123.9,118.3,113.4,173.2
125.2,122.3,112.5,173.4
125.7,120.6,113.3,173.8
125.8,120.4,112.4,173.1
123.9,119.2,113.2,173.4
124.1,119.1,113.9,174.6
122.2,118.4,113.4,172.8
121.3,120.1,111.8,172.8
120.3,118.3,113.0,174.2
119.8,119.0,110.6,172.5
121.2,119.8,110.8,172.0
121.5,120.1,110.4,171.3
121.9,121.6,110.4,171.2
124.4,119.9,111.4,171.2
125.4,118.3,111.2,171.6
131.6,120.0,110.4,170.6
136.2,117.4,112.9,172.6
142.6,119.8,112.0,173.5
131.5,122.1,109.4,173.5
121.3,122.2,108.1,172.2
121.1,123.4,107.3,171.3
126.4,124.2,105.7,170.2
126.5,124.1,107.1,171.1
127.8,123.6,106.0,169.8
128.1,121.6,106.9,168.8
127.1,121.2,108.5,168.8
127.4,119.3,113.0,172.2
125.6,126.2,107.8,171.9
124.0,123.9,108.7,170.6
124.1,123.1,109.2,171.3
122.3,120.6,111.2,170.1
123.8,121.7,108.6,166.5
122.3,123.7,108.7,168.7
127.4,122.4,109.9,169.2
125.6,121.2,111.6,172.8
123.7,121.5,111.8,172.4
120.6,123.6,110.5,172.1
119.6,121.4,111.3,171.3
122.2,123.0,111.2,170.7
126.8,122.4,112.0,171.7
134.2,124.4,111.1,172.6
131.5,125.8,109.4,172.5
127.7,124.1,110.7,170.3
129.6,124.6,109.2,169.5
133.2,122.4,110.6,170.3
125.0,124.3,108.9,172.1
111.4,127.0,105.3,170.2
127.1,130.4,103.4,167.9
126.3,128.3,103.9,166.3
126.6,127.6,105.6,171.5
126.3,126.5,105.3,169.8
125.0,124.0,108.0,170.0
124.1,126.1,109.2,171.8
121.9,124.9,109.3,170.7
122.6,124.0,108.2,169.6
121.6,122.4,108.4,171.2
120.9,122.9,109.0,172.0
119.7,122.4,109.2,171.7
120.0,122.0,109.7,169.6
121.2,122.5,109.7,170.8
120.7,122.3,109.8,170.2
121.2,120.5,112.1,172.6
121.2,123.0,111.0,170.7
121.6,123.5,111.8,173.1
117.1,126.4,108.4,170.1
109.6,127.1,107.1,172.1
111.8,126.3,107.1,172.3
115.9,129.4,105.1,175.1
112.2,130.1,107.1,175.3
111.7,130.7,104.3,172.5
112.8,131.0,102.9,171.0
114.2,127.0,104.7,170.3
115.9,126.1,104.8,169.7
116.3,129.3,105.0,171.5
115.2,126.2,108.1,174.5
117.1,127.0,108.0,176.2
115.8,129.2,107.6,174.3
115.7,131.5,106.0,174.3
113.3,130.7,105.9,172.9
111.7,131.7,105.3,173.6
111.4,131.3,106.4,175.7
112.4,129.0,107.3,173.2
116.3,125.1,110.2,174.7
121.2,125.5,110.2,174.6
118.6,124.1,108.9,176.1
120.7,126.1,108.7,176.5
120.9,125.5,109.7,177.4
113.2,124.6,109.6,177.3
119.9,128.3,106.4,172.0
117.1,130.2,106.2,172.5
119.5,132.4,102.3,170.7
116.9,129.6,104.7,170.6
119.5,125.6,106.4,168.6
119.7,123.0,110.2,170.3
123.8,117.9,115.3,171.5
125.7,129.7,106.7,173.2
125.3,132.0,104.2,172.9
120.9,130.1,107.8,173.3
121.8,132.7,105.5,174.0
120.9,134.4,104.3,173.1
125.8,133.8,105.3,174.5
132.2,138.8,103.4,175.2
144.3,135.5,104.8,173.6
166.6,132.1,107.0,174.0
115.6,131.5,106.7,172.9
89.2,133.1,106.8,173.2
112.8,134.2,104.5,173.6
116.1,134.6,100.5,171.4
114.0,137.0,98.8,171.3
116.7,130.9,100.9,168.9
118.3,124.3,107.3,168.9
121.1,124.1,108.6,169.0
115.8,127.5,110.8,174.0
116.1,135.3,104.1,174.9
117.4,139.1,99.4,171.8
112.8,121.6,115.6,168.2
111.5,123.6,115.6,167.4
114.0,142.4,99.8,170.2
113.8,143.9,99.9,170.0
116.1,144.5,99.1,169.7
114.5,143.9,99.5,170.1
116.9,141.7,101.5,169.7
117.7,139.6,100.4,169.2
117.1,140.2,100.0,172.6
116.1,132.5,104.4,171.8
112.8,135.0,99.9,171.3
111.8,128.5,103.6,172.3
108.1,128.3,103.2,172.1
111.9,129.0,107.7,176.6
109.0,127.9,109.7,177.1
108.4,126.7,107.5,175.7
108.3,125.6,109.2,175.3
112.1,130.2,108.0,177.5
115.0,127.3,108.6,176.0
114.4,131.6,106.3,176.8
113.6,124.8,109.4,178.1
113.1,129.0,108.2,176.8
111.9,132.7,104.8,177.2
113.8,129.6,108.3,177.6
115.6,128.9,108.5,176.0
115.2,132.0,107.6,176.6
115.1,132.6,107.1,179.2
114.6,131.8,107.3,180.0
114.4,133.8,106.6,180.0
112.6,130.9,109.1,178.6
113.5,130.4,109.5,178.4
113.8,132.0,109.0,176.5
109.3,134.1,109.1,180.0
111.5,135.0,109.1,179.3
112.1,134.5,108.5,176.9
110.2,136.8,107.1,176.1
111.8,140.9,100.7,172.7
110.5,135.8,105.5,171.2
113.7,144.3,101.3,172.0
112.0,135.0,108.2,169.0
115.9,143.5,103.9,168.5
127.0,143.8,103.8,169.4
149.6,141.7,104.1,169.2
139.4,142.6,102.9,169.4
116.3,140.5,104.9,170.4
97.8,135.5,106.7,176.4
107.9,134.4,105.9,172.3
109.5,131.8,106.2,175.7
109.7,131.1,107.4,177.9
111.3,137.3,104.9,174.0
113.9,141.2,101.0,172.5
113.5,138.9,104.1,173.3
107.0,141.9,104.0,168.5
120.0,138.8,106.6,171.0
122.0,147.9,102.4,171.5
119.1,142.8,105.5,171.6
122.0,144.8,102.3,169.7
121.7,139.2,104.0,170.4
127.9,140.6,104.6,172.9
139.8,139.5,104.8,171.7
175.4,143.4,104.2,175.4
65.9,136.0,106.5,178.4
179.5,140.1,102.9,174.9
102.3,141.9,100.7,172.1
176.4,133.4,105.0,174.4
159.9,132.6,102.9,175.0
71.1,126.5,104.7,175.0
86.6,137.8,101.3,175.6
166.0,133.1,101.5,173.0
110.7,133.7,100.5,170.7
103.1,133.6,103.3,173.9
113.9,138.8,101.6,173.1
114.5,140.0,101.6,174.2
115.0,143.2,101.5,175.2
116.1,135.5,104.8,171.4
115.3,143.0,97.2,172.9
116.4,144.9,97.6,173.5
114.1,136.9,104.3,172.3
111.8,129.9,109.2,170.0
113.2,130.9,108.0,169.6
112.3,139.3,100.7,173.0
109.7,124.3,112.9,170.7
112.1,122.9,114.0,171.5
111.9,120.7,116.0,170.6
115.9,126.5,112.7,171.8
116.7,126.2,113.1,171.9
113.3,128.9,110.8,171.8
112.9,135.3,106.1,173.3
113.1,143.2,101.7,171.5
113.9,146.1,101.0,170.6
115.3,142.6,105.3,170.8
114.8,146.6,103.1,171.4
113.6,146.4,101.7,171.5
110.9,144.2,102.5,169.0
112.3,144.1,101.9,169.9
114.8,141.7,101.8,169.4
115.2,138.6,103.1,169.2
114.5,139.9,100.2,169.5
115.8,140.8,100.3,170.1
115.3,141.0,101.1,168.2
115.6,143.3,100.2,167.9
114.2,144.3,100.7,168.1
113.7,143.7,101.9,168.8
113.7,143.5,102.2,169.2
112.7,141.8,103.8,169.2
112.8,142.0,104.6,169.6
111.6,141.5,104.7,169.9
110.8,140.1,104.8,168.6
118.2,139.4,101.4,167.2
119.4,141.4,99.2,167.7
122.1,140.4,99.8,169.5
122.3,141.0,99.2,168.8
122.0,138.5,103.8,169.7
120.1,140.9,101.0,168.5
120.3,140.4,103.9,170.2
116.5,145.2,101.4,170.5
116.2,145.8,101.3,171.6
116.8,140.6,105.9,171.2
116.0,139.3,106.8,171.9
115.2,137.2,108.1,171.2
114.7,139.1,107.1,170.9
115.0,137.5,108.8,172.5
114.3,138.4,108.8,170.4
116.6,136.5,111.1,170.4
121.9,132.3,113.8,168.9
124.5,138.0,111.7,167.2
114.8,135.7,114.4,165.4
124.9,139.7,112.1,162.7
128.5,142.0,112.6,164.4
130.9,144.9,112.1,164.7
134.6,145.8,112.4,165.7
135.3,145.2,112.7,166.0
137.8,144.6,114.6,167.1
136.5,142.0,117.4,171.6
142.3,140.4,117.2,170.3
91.0,144.4,115.5,170.9
114.4,146.1,114.8,169.3
110.4,144.2,116.0,170.4
120.6,144.6,115.4,170.6
122.7,142.1,116.4,170.0
120.5,142.2,115.4,170.4
117.9,141.1,115.7,170.7
118.0,138.8,116.6,169.8
119.2,139.1,116.5,169.7
120.4,134.0,118.1,169.0
120.7,136.1,116.9,168.7
120.3,135.2,117.7,168.7
119.3,136.0,117.6,169.7
118.2,136.8,117.7,169.3
116.6,140.5,115.3,169.8
117.6,137.7,115.9,168.6
118.9,137.1,116.1,168.5
118.1,138.5,116.0,168.9
118.4,139.5,116.7,170.4
116.7,138.5,116.9,170.4
116.5,139.0,115.6,169.2
117.4,140.0,114.6,169.3
120.7,139.9,116.2,170.0
120.2,140.8,114.6,168.1
125.9,141.1,116.4,168.9
131.5,141.6,117.5,169.6
131.9,141.1,119.2,168.2
134.1,140.5,118.7,165.6
139.5,135.9,127.1,167.0
143.0,134.2,126.0,164.7
143.5,133.0,126.9,163.9
150.6,135.3,125.2,163.5
159.8,138.2,121.7,164.5
164.7,141.1,115.2,163.3
150.8,144.4,113.3,166.5
106.7,142.7,108.5,158.1
107.6,135.0,109.3,156.0
115.7,135.5,103.8,154.1
113.1,139.6,98.5,147.6
111.7,136.6,96.6,130.9
114.0,122.6,109.6,120.9
115.4,126.8,103.3,107.9
116.5,127.9,104.0,100.5
115.8,125.5,106.1,82.4
116.0,127.1,105.1,66.4
116.7,125.6,105.3,57.7
116.2,122.6,109.3,51.8
117.9,134.7,107.9,48.7
118.0,133.2,114.3,45.9
117.7,126.1,124.7,37.4
118.5,126.9,129.9,36.5
119.6,123.9,138.7,33.3
118.8,120.6,140.7,25.6
119.6,127.4,140.1,25.2
121.8,127.7,143.7,28.9
124.9,123.8,148.7,27.4
128.6,104.3,151.8,26.1
131.7,102.3,152.1,31.8
131.6,99.1,148.8,39.5
138.4,100.8,151.7,41.5
142.5,99.5,163.3,45.3
145.1,106.8,175.7,58.0
145.9,106.9,179.2,65.4
148.0,111.7,180.0,74.4
149.3,121.8,165.1,69.0
158.9,118.0,168.6,72.4
169.2,118.0,168.9,75.4
131.4,115.3,170.3,79.7
107.0,130.4,162.4,85.2
107.5,125.4,171.0,86.1
114.6,137.3,166.7,86.4
115.1,135.2,166.2,83.3
112.4,124.6,168.7,82.4
111.8,127.1,167.4,86.2
110.3,127.1,167.6,87.5
109.7,134.0,163.5,86.4
110.5,133.4,163.2,83.1
112.1,132.6,163.8,84.5
113.0,129.6,165.8,85.0
114.0,133.0,163.9,84.7
112.3,133.1,162.7,84.0
114.2,136.2,159.2,82.4
116.1,134.5,158.4,91.3
116.2,138.8,151.9,90.4
119.0,134.1,158.1,91.2
120.2,133.3,159.7,93.7
124.7,137.8,161.4,97.6
127.5,140.4,162.5,98.0
125.8,145.2,159.4,98.3
130.7,135.9,162.6,96.8
129.5,149.5,167.2,101.1
137.2,147.8,170.1,96.7
142.0,142.3,172.2,93.0
137.3,136.6,174.8,94.6
137.5,122.4,172.6,102.2
143.6,138.1,165.3,104.1
156.8,139.7,151.5,97.7
157.8,130.1,148.2,105.3
111.1,126.7,145.9,108.3
100.8,128.3,140.8,110.4
109.7,130.7,140.4,110.9
112.9,131.9,140.9,110.1
109.8,135.1,138.9,113.2
108.1,136.0,139.0,113.6
108.5,137.2,138.0,114.2
109.3,140.2,134.9,114.1
112.1,140.3,134.9,117.4
112.2,135.9,137.1,118.1
114.8,133.5,139.4,120.6
115.4,134.0,140.4,123.8
115.9,134.4,139.1,125.0
116.5,129.6,139.0,128.2
117.3,139.8,136.8,130.4
119.4,139.2,137.8,132.8
118.4,138.6,138.1,132.7
116.6,138.0,138.6,132.0
116.4,138.9,138.3,132.5
117.1,138.7,139.5,133.7
117.2,137.9,141.1,134.4
116.8,140.3,141.1,133.4
116.4,143.8,140.3,131.2
119.7,144.8,144.6,127.4
124.3,146.9,145.2,119.0
123.7,151.1,150.6,120.7
126.4,148.4,151.3,120.9
127.1,145.6,150.5,123.3
131.2,146.5,149.0,130.4
137.5,145.1,146.3,136.8
137.8,141.8,146.2,137.4
139.1,138.2,144.0,132.8
129.0,136.6,140.7,136.7
92.7,134.2,141.9,138.7
102.6,133.8,140.7,139.3
105.9,128.6,143.0,139.3
107.8,122.0,142.9,135.6
107.9,121.7,143.5,136.1
107.1,123.3,142.9,136.4
108.9,123.1,142.3,135.4
107.6,123.2,141.6,135.6
108.1,122.3,141.5,136.2
110.0,122.2,141.6,137.2
112.0,124.7,142.1,137.7
116.2,122.8,143.4,139.2
122.6,122.6,142.3,137.5
122.8,131.1,138.9,139.0
124.9,133.5,138.7,138.9
125.0,133.6,140.0,138.9
121.5,134.6,139.7,137.1
119.7,135.5,139.8,136.6
120.4,134.9,140.3,136.6
123.0,132.3,140.1,139.7
121.7,133.2,137.7,139.4
120.3,130.8,137.2,138.3
121.1,128.3,138.7,137.8
120.3,131.1,138.1,139.7
123.0,131.1,138.2,138.2
123.9,133.5,136.2,138.1
123.2,133.8,138.0,138.4
125.9,134.8,137.4,136.0
126.1,134.1,138.4,137.0
123.0,133.4,138.5,136.6
122.6,134.4,137.0,136.5
122.5,130.4,140.4,136.5
124.5,130.9,140.0,138.8
121.4,133.6,139.2,138.3
120.7,134.1,137.6,136.8
122.2,134.1,137.6,138.7
120.2,132.4,138.2,140.3
121.6,130.9,137.3,140.2
118.2,129.0,138.1,141.6
111.7,132.1,132.3,140.2
111.4,134.8,127.4,137.8
115.5,131.9,128.4,137.3
117.5,133.5,125.5,136.4
119.1,132.5,125.3,136.6
120.4,132.5,124.9,137.6
121.9,132.5,126.5,138.3
121.3,131.3,128.5,140.0
121.9,131.4,128.1,138.9
122.5,134.9,126.2,139.5
122.7,133.2,126.9,137.4
122.6,132.7,126.3,137.5
124.3,134.2,123.8,138.0
124.1,134.5,125.1,139.7
123.8,134.9,124.4,140.7
124.2,133.5,125.2,141.4
123.2,136.0,123.3,141.3
123.5,135.6,124.5,141.6
122.5,134.7,124.2,142.7
122.4,135.4,123.3,141.7
123.9,136.2,122.9,141.8
125.6,136.1,123.0,141.4
123.8,135.2,123.5,140.7
123.6,136.2,122.6,140.8
124.2,136.4,122.4,140.7
123.9,137.3,121.7,140.5
122.3,135.5,123.8,141.3
121.2,136.5,121.6,140.0
120.7,136.4,122.0,139.9
120.1,136.6,121.9,139.8
120.2,137.1,122.5,140.5
119.3,134.3,125.4,140.7
121.9,134.3,127.3,141.4
124.5,133.1,129.7,140.4
125.5,134.3,132.0,139.2
126.8,134.0,132.5,139.8
128.7,135.7,130.9,138.4
124.8,137.0,127.2,138.6
119.4,135.6,125.9,138.2
122.4,137.6,123.3,138.5
123.3,137.0,122.5,138.4
123.1,136.9,124.3,138.8
128.9,136.8,124.1,139.5
127.4,137.3,123.6,140.3
128.0,137.9,121.8,139.1
132.4,141.0,120.5,139.7
119.4,142.4,117.4,141.3
110.8,141.4,116.1,140.7
112.8,140.2,115.4,141.1
118.3,138.3,116.0,141.8
120.9,137.5,117.5,142.9
119.6,138.3,117.6,143.0
122.3,138.7,120.3,143.6
124.0,141.8,119.5,142.1
121.9,139.1,121.6,141.4
122.2,142.2,119.8,141.6
119.9,141.8,121.6,142.7
118.8,144.3,120.4,143.3
117.4,144.7,121.8,144.4
117.0,143.1,122.7,143.9
117.1,141.6,123.2,143.9
118.0,141.9,124.8,145.0
118.7,140.3,125.5,145.3
119.0,136.6,127.9,144.2
120.5,136.7,127.9,142.7
122.3,138.5,126.0,142.3
125.8,140.3,123.5,141.3
121.8,142.1,122.1,140.7
117.7,141.0,120.3,139.7
119.0,140.9,121.0,141.2
116.9,142.0,119.6,140.1
116.4,145.9,117.1,140.2
112.0,145.7,117.4,140.8
112.6,147.1,115.1,141.2
115.3,149.3,113.3,142.2
115.0,150.0,112.1,142.7
111.3,151.5,109.5,143.3
112.3,147.2,110.7,144.1
104.9,143.0,109.5,142.9
109.2,138.7,111.1,143.3
116.9,140.2,111.7,143.8
117.6,140.9,111.6,144.9
118.1,142.5,113.1,146.6
120.2,143.2,116.0,147.7
119.9,143.3,117.6,147.8
120.7,145.0,118.6,146.8
120.4,146.3,118.3,147.3
120.7,145.7,119.7,148.0
119.2,146.1,119.3,148.2
119.1,145.3,120.8,149.5
117.2,146.5,120.4,148.4
115.2,145.2,120.6,150.2
116.7,145.4,120.0,147.9
116.6,145.6,120.5,147.7
117.9,145.1,120.8,147.8
118.2,145.1,121.6,147.7
118.3,145.9,121.0,147.9
117.3,145.8,121.1,147.5
117.0,146.4,121.3,148.9
115.8,146.3,121.6,149.0
114.8,146.4,121.1,149.8
115.0,147.5,121.6,149.5
116.1,148.3,122.0,149.4
114.6,148.5,123.2,149.0
117.0,150.1,121.6,148.5
117.8,145.9,125.2,148.5
117.7,144.7,126.8,148.5
118.2,144.7,129.0,149.5
123.7,145.7,130.5,150.1
121.9,144.3,132.8,151.5
118.8,144.5,133.0,152.2
119.7,145.2,132.4,151.8
121.3,147.7,130.3,152.6
120.2,150.0,127.8,151.8
121.2,150.3,128.2,152.2
121.7,151.9,125.8,151.9
126.9,150.1,127.3,153.2
126.9,152.1,124.5,151.8
119.9,155.1,122.0,150.1
114.6,155.1,120.6,150.4
117.6,150.8,121.1,148.5
110.3,149.1,122.1,148.2
110.4,147.0,123.7,148.8
115.1,145.3,123.1,149.4
117.4,141.9,123.2,148.8
117.2,141.5,123.8,148.5
117.4,140.9,124.6,147.0
117.5,142.9,123.8,148.2
118.1,143.3,123.9,149.4
116.6,144.5,123.4,150.0
117.4,145.2,123.4,150.0
118.0,144.0,124.5,150.6
117.9,144.5,124.0,150.6
120.1,142.6,124.6,150.1
119.3,141.3,124.9,149.7
119.4,141.5,125.0,150.2
120.7,142.5,123.5,149.2
121.5,142.4,123.4,149.3
121.7,142.4,123.6,148.2
123.5,142.0,123.8,148.0
123.8,143.0,123.9,149.8
123.7,142.7,124.0,150.3
123.0,143.3,123.9,149.9
121.8,143.4,123.7,150.2
123.0,143.4,124.2,149.9
122.5,142.9,123.1,149.0
123.3,142.3,123.8,149.7
123.9,143.7,123.7,149.3
125.0,144.2,123.0,148.8
125.3,142.1,124.2,149.4
126.2,143.5,124.3,150.5
128.4,143.6,124.8,151.6
125.7,146.2,123.2,152.1
125.1,146.6,122.5,150.2
123.8,148.2,122.1,149.8
124.7,146.2,123.4,150.3
125.2,146.3,124.0,150.5
124.3,145.5,123.2,149.9
123.8,146.7,122.8,149.8
123.5,145.6,123.4,148.6
122.6,146.2,123.2,149.4
122.9,144.9,124.2,149.4
123.0,143.7,125.6,150.0
124.1,141.5,126.6,152.2
125.7,141.8,126.7,153.2
128.9,143.9,128.0,154.4
127.2,144.7,128.1,154.5
129.3,145.7,126.7,153.4
131.4,146.2,125.8,153.2
132.4,148.8,124.3,154.3
134.5,150.0,123.0,152.3
137.2,151.3,121.6,151.9
137.9,153.9,119.7,152.8
137.7,154.6,120.0,154.2
137.4,151.3,122.6,154.8
133.9,152.0,121.1,152.1
122.3,152.1,121.9,152.3
115.6,150.4,121.7,152.3
112.1,145.2,125.3,151.7
116.2,142.2,126.8,152.1
119.5,142.3,125.9,151.5
119.4,143.2,125.4,151.9
119.6,141.2,126.7,152.2
119.8,141.2,126.6,151.6
119.5,141.6,127.2,153.2
119.4,144.4,126.5,152.3
120.4,147.5,125.3,152.9
121.9,149.0,124.8,152.3
122.2,145.2,126.6,152.4
123.2,145.5,126.9,154.6
125.4,144.2,127.1,154.0
122.8,143.1,127.5,153.3
122.9,142.0,128.7,154.7
124.5,143.7,126.9,153.8
123.8,144.0,126.1,153.7
127.0,142.4,127.1,154.2
124.9,142.1,127.2,153.8
128.1,143.1,127.1,154.5
125.4,143.0,126.8,154.5
128.5,143.4,127.5,155.1
126.4,143.5,126.8,154.6
127.3,144.6,125.4,155.0
126.5,143.4,126.6,154.9
127.6,144.6,126.5,154.8
126.6,144.2,126.8,154.8
127.4,144.4,126.3,154.2
126.7,143.1,126.4,154.4
128.0,142.8,126.9,154.8
126.8,143.9,126.5,154.6
128.0,143.2,126.8,154.5
129.2,143.2,127.1,154.2
129.8,143.5,126.8,154.8
129.9,143.5,126.9,155.1
129.4,143.0,127.3,155.2
128.8,142.9,126.9,154.9
130.0,142.6,127.3,155.0
130.6,142.7,128.0,155.6
130.8,142.8,127.6,155.8
130.4,143.1,127.9,154.3
128.3,144.1,126.8,155.9
130.8,143.9,127.7,156.3
126.5,144.1,127.1,156.3
126.5,143.7,126.8,154.4
126.6,144.6,126.8,155.6
126.5,143.5,127.2,154.4
127.4,144.2,126.7,154.4
127.3,142.1,126.7,153.3
127.2,141.5,127.1,153.2
126.5,141.3,127.6,154.0
127.0,142.2,126.7,153.5
125.8,141.1,127.7,155.1
125.3,142.1,126.8,155.1
124.8,142.3,126.8,155.3
125.8,141.1,127.9,155.6
124.6,140.8,127.3,155.5
125.0,140.9,127.2,155.5
122.8,142.1,127.4,154.6
124.2,141.7,127.3,155.8
123.1,141.5,126.5,154.9
123.4,141.1,127.0,155.7
123.1,141.4,125.9,154.3
123.1,141.3,126.8,154.4
124.1,141.1,126.5,153.4
123.4,141.0,127.1,153.8
125.5,140.3,127.9,154.7
124.8,140.4,126.7,154.4
125.4,141.2,127.1,154.3
125.0,141.6,127.8,154.4
127.0,142.9,127.8,156.6
127.6,144.0,127.8,157.1
127.7,148.6,125.9,156.0
129.4,145.9,127.5,155.4
129.7,145.4,128.4,155.3
124.5,149.7,126.8,157.2
126.4,151.4,126.5,157.8
122.3,152.9,125.7,157.6
122.2,153.9,124.8,157.7
121.6,150.2,125.5,154.2
120.5,151.5,125.8,155.9
121.5,152.1,125.3,156.0
119.4,153.4,124.5,155.3
122.6,151.2,124.5,155.6
120.8,152.1,124.9,155.6
124.3,152.0,124.6,155.1
121.9,151.3,124.6,155.3
123.4,151.6,124.9,156.1
122.0,146.6,127.1,156.1
124.2,149.3,124.8,155.0
122.2,148.5,125.0,155.1
123.6,150.2,123.9,155.5
122.2,150.4,124.6,155.3
123.5,151.0,125.7,156.4
122.4,150.3,124.8,155.7
122.7,151.3,124.5,156.0
121.1,151.0,125.1,156.7
123.0,151.2,124.5,156.3
124.4,147.3,126.4,156.4
122.8,149.7,125.1,156.0
123.8,144.8,127.2,155.6
121.8,149.9,125.0,156.4
125.4,150.1,124.9,155.7
122.2,151.1,124.4,156.1
122.9,151.2,124.6,155.7
123.1,150.6,124.2,155.4
124.3,149.0,125.1,155.6
122.4,149.9,125.1,156.1
123.4,149.9,124.6,154.9
122.3,149.6,124.2,154.4
124.4,149.1,123.7,153.5
123.5,150.7,122.9,153.5
124.2,150.5,122.8,154.0
123.9,150.2,124.0,154.3
123.4,149.9,123.5,154.2
123.0,148.3,124.1,153.7
123.0,148.5,124.3,154.6
121.6,149.1,124.6,154.5
123.0,148.2,124.2,153.8
122.5,147.9,124.3,153.9
124.4,147.5,123.6,153.2
123.7,148.3,122.9,153.1
124.4,147.8,123.9,153.9
123.7,148.0,122.7,152.9
125.1,148.8,122.7,153.3
121.6,148.2,123.3,153.7
124.5,148.1,123.4,153.7
122.2,148.3,123.4,153.6
120.8,147.9,124.3,154.1
118.7,147.2,124.3,153.1
118.9,147.6,124.4,153.5
119.9,147.5,125.1,153.8
120.6,147.2,125.0,154.6
120.4,147.4,125.3,154.2
122.0,147.2,124.9,153.5
121.7,147.9,124.5,153.6
121.1,148.0,124.9,154.2
122.7,148.0,124.9,155.3
122.4,144.7,127.5,155.8
125.1,144.1,128.3,155.7
125.2,143.0,128.7,155.6
126.3,142.9,128.0,155.2
123.2,146.0,126.8,155.5
124.9,150.4,125.2,155.1
121.0,151.7,123.9,155.2
125.0,151.1,123.4,154.6
128.2,153.7,122.0,154.3
119.4,152.8,121.9,155.3
117.2,152.3,121.8,154.3
115.4,152.3,121.9,155.3
118.7,150.0,123.6,155.4
118.6,150.6,123.2,154.9
122.6,149.4,123.7,155.0
124.2,150.5,123.3,155.2
126.1,152.1,121.9,153.0
126.7,151.2,122.2,154.7
147.9,153.1,121.5,155.0
107.6,152.1,121.2,154.1
117.6,152.9,120.1,154.1
117.5,150.4,120.7,153.9
119.3,148.6,121.3,153.5
117.0,148.7,122.6,155.0
117.8,150.0,120.6,154.1
115.9,147.6,122.7,155.4
115.5,147.7,122.8,155.3
115.1,147.9,122.1,154.3
117.1,146.4,123.1,154.4
117.6,145.9,123.6,155.7
118.0,145.0,124.3,155.0
115.0,147.6,123.8,157.1
111.2,146.9,124.6,156.9
114.7,146.7,124.6,155.1
111.3,148.1,123.5,155.3
112.2,147.5,124.7,155.6
109.2,148.3,124.0,154.2
110.8,148.2,123.3,153.7
110.2,148.9,123.8,154.1
112.1,150.2,122.1,153.8
117.2,151.5,121.4,156.2
111.7,153.3,119.9,156.6
113.1,152.4,119.8,156.8
116.5,151.7,119.9,156.8
115.5,151.8,119.5,155.3
115.8,151.3,120.2,156.4
117.0,151.8,120.8,156.6
118.9,152.0,121.7,157.1
120.0,151.9,122.7,158.5
115.9,151.6,121.8,157.4
115.3,151.7,121.4,157.4
114.1,151.0,120.6,157.0
111.8,151.2,120.8,156.8
111.1,151.6,120.8,157.4
111.0,150.1,121.3,158.3
112.8,150.6,121.0,157.8
116.2,149.2,122.2,160.1
115.9,150.3,121.8,160.6
115.9,147.9,121.4,158.8
117.6,146.0,122.4,157.9
113.3,144.6,123.8,158.5
115.9,143.6,124.2,157.5
112.3,147.9,123.2,155.1
110.4,148.9,122.6,156.2
111.4,151.2,121.7,156.6
109.5,149.4,123.3,157.8
111.9,150.3,122.6,158.9
110.2,150.9,123.0,159.1
111.3,151.8,122.4,161.3
111.0,147.2,122.9,161.4
111.8,146.1,122.3,160.9
112.3,148.4,120.2,160.3
112.9,147.1,119.8,159.5
112.6,147.4,119.4,157.6
112.5,145.9,119.2,157.1
118.6,147.1,117.5,155.9
117.8,148.4,117.6,156.7
117.9,150.6,117.8,157.1
118.0,150.2,117.3,157.2
118.3,149.7,117.5,157.6
119.4,148.0,118.8,159.2
117.2,147.2,120.0,158.7
116.0,147.4,120.0,158.8
114.7,148.7,119.0,158.5
114.7,147.2,120.5,159.8
114.2,148.2,118.5,158.6
114.7,149.0,117.9,158.5
114.9,149.2,118.1,158.2
116.8,149.5,117.9,158.6
117.4,151.0,117.3,158.0
116.9,150.1,118.1,158.5
116.6,149.3,118.4,157.6
116.5,149.8,118.5,157.9
117.2,150.6,117.3,157.7
116.4,150.2,117.4,157.3
117.2,149.1,118.2,158.0
117.6,149.3,118.2,159.3
116.3,149.9,117.5,157.8
115.8,150.5,117.7,158.4
116.0,149.5,119.4,156.7
115.7,149.8,120.1,157.0
116.1,149.8,120.2,157.7
115.7,151.5,118.6,156.9
114.7,150.7,119.8,159.3
116.6,150.7,119.0,159.1
115.3,151.4,118.6,158.6
115.6,150.9,119.7,159.2
115.6,151.2,119.8,159.5
115.2,150.8,118.9,159.3
117.0,150.7,120.3,159.9
115.4,150.2,119.9,157.2
116.6,153.1,119.4,159.0
116.9,148.8,120.7,159.2
118.1,151.1,120.6,159.2
117.8,153.1,119.7,158.6
118.1,153.3,119.4,159.7
117.4,150.2,120.6,159.5
117.7,153.2,119.5,159.7
118.1,151.0,120.2,158.7
117.7,150.1,120.2,158.6
118.8,150.7,120.1,158.8
117.5,150.5,120.7,158.9
118.2,151.6,119.8,159.2
118.6,152.7,119.7,158.9
118.8,152.4,120.3,159.5
118.4,150.3,121.5,157.5
117.8,153.1,119.1,157.0
116.7,153.2,119.6,157.5
117.9,153.6,119.5,157.0
117.7,152.5,120.1,158.0
117.9,153.7,119.2,157.4
118.4,155.1,119.6,158.0
118.7,151.1,120.6,157.4
117.4,155.3,118.7,157.9
118.1,153.4,120.0,160.6
119.4,154.1,119.4,160.8
118.3,153.9,119.9,160.5
117.6,151.7,120.6,159.6
116.3,153.3,120.2,161.0
117.7,155.4,119.6,160.8
118.0,154.0,120.2,160.5
117.4,154.0,120.2,160.1
117.9,152.4,121.2,161.0
118.7,154.8,119.2,160.7
120.8,153.6,120.4,160.5
121.9,153.0,121.0,160.1
122.0,151.9,121.5,161.0
119.6,151.5,121.2,160.3
122.1,150.6,121.2,160.9
119.6,150.2,119.7,160.2
116.7,150.4,120.7,159.3
118.3,152.6,119.2,159.0
120.9,154.7,118.6,159.6
131.0,155.1,117.8,158.6
118.7,154.0,117.9,159.2
114.7,152.1,119.8,159.6
121.8,153.1,117.2,158.9
120.5,152.9,117.9,160.2
119.0,148.7,119.5,160.4
119.8,152.3,115.2,159.4
120.6,146.8,117.5,159.7
113.1,143.5,118.0,158.2
116.8,142.1,118.5,159.1
120.9,143.0,118.4,158.0
121.7,141.8,118.8,157.4
121.6,144.2,118.5,157.7
121.0,143.9,118.4,157.6
121.2,147.2,118.1,158.0
119.7,146.1,118.5,158.9
121.1,147.1,118.5,157.8
118.5,149.7,119.8,158.5
118.8,149.1,119.5,159.1
116.2,150.9,120.0,158.6
117.9,150.2,118.5,159.1
118.8,149.4,117.0,158.6
116.8,146.9,118.1,158.7
117.8,145.7,118.6,158.4
117.3,145.7,117.9,158.1
118.6,146.9,117.3,158.2
120.2,147.5,118.5,157.9
118.8,148.6,120.1,157.8
119.7,146.6,118.7,158.6
120.3,145.6,118.6,158.0
119.6,147.0,117.9,157.8
118.5,143.9,118.9,158.8
121.6,142.7,119.5,157.9
118.3,141.9,119.3,157.5
121.9,141.4,119.4,157.1
123.5,141.4,118.7,155.6
124.6,140.5,120.6,156.7
125.2,142.2,119.9,156.5
123.6,142.3,120.9,157.1
124.0,143.4,119.9,157.4
124.0,144.2,120.5,157.9
124.9,144.5,120.6,157.6
127.7,143.4,120.6,157.1
127.4,143.9,121.3,157.6
128.0,143.8,121.2,157.8
127.4,144.6,120.7,157.4
127.0,143.6,121.7,157.6
127.7,143.2,121.3,156.8
127.5,143.3,121.0,157.8
126.6,143.3,120.8,156.8
128.3,141.5,121.9,157.0
126.0,142.8,121.4,157.4
126.1,142.5,121.5,157.6
126.6,142.7,121.1,158.0
125.1,143.8,120.7,157.8
125.7,143.4,121.1,157.6
125.9,145.0,119.4,157.7
124.7,144.2,120.1,157.3
125.5,143.2,120.4,157.5
126.0,142.7,120.3,156.8
124.7,142.3,121.0,157.9
127.0,143.0,120.3,157.3
127.1,143.0,120.1,157.4
126.7,142.9,119.8,157.7
127.4,142.2,121.2,157.4
127.0,142.2,120.1,157.7
127.7,142.0,121.1,157.6
127.6,141.8,119.9,156.9
128.6,142.3,120.7,157.0
127.8,141.7,120.7,156.8
127.0,142.5,121.1,156.0
126.9,142.5,120.0,155.5
126.1,144.3,120.1,157.1
126.4,147.3,118.3,156.4
123.2,141.0,120.9,156.9
122.6,140.3,121.5,158.3
124.4,142.6,120.6,157.9
121.9,142.4,121.3,157.9
119.1,142.4,121.0,156.9
121.0,139.8,122.7,156.8
121.9,141.0,122.6,157.3
125.3,141.4,122.2,157.6
127.1,141.7,123.8,157.4
129.5,145.4,122.2,156.4
139.2,148.1,121.6,157.7
142.9,149.9,118.2,156.8
146.1,146.9,119.3,157.9
149.8,141.8,121.9,157.6
132.0,140.6,122.0,156.6
120.5,139.4,122.7,156.4
120.0,139.2,122.5,156.8
112.2,139.2,122.2,156.8
109.9,139.4,121.4,155.6
119.2,138.4,122.9,156.4
120.2,133.3,128.5,157.1
119.7,133.4,129.3,157.7
119.7,139.9,122.4,157.3
119.6,140.3,121.7,156.3
119.8,137.8,125.9,156.6
120.2,137.8,125.5,156.8
119.8,138.4,125.4,156.9
120.4,137.1,127.3,157.2
119.8,139.0,125.5,157.1
120.6,137.7,126.0,156.4
120.2,136.9,127.1,157.9
120.8,134.6,129.0,157.9
121.1,133.3,129.7,157.8
121.2,140.6,122.1,157.6
121.4,134.3,128.9,157.2
121.4,134.7,129.0,157.6
122.3,135.4,128.9,157.1
123.0,139.1,127.7,158.0
121.5,134.9,129.0,157.4
123.3,135.3,128.7,156.8
122.2,135.2,129.0,157.5
123.0,144.1,119.9,157.0
122.0,141.3,121.5,156.9
122.5,140.5,121.2,156.1
123.2,142.4,120.5,156.5
124.2,137.9,126.2,157.0
123.5,141.9,120.8,157.3
124.6,143.0,120.4,157.5
124.8,143.1,121.2,157.8
124.0,142.5,123.1,157.3
122.8,141.6,124.0,157.3
122.0,142.8,124.2,157.8
120.9,137.3,126.5,157.2
120.6,143.1,123.5,158.1
118.8,136.5,127.1,158.3
119.4,140.9,125.4,157.5
118.2,136.1,128.7,158.1
118.9,136.6,128.8,158.8
119.4,133.9,128.7,158.2
120.7,137.0,125.1,157.8
123.0,140.5,123.5,156.3
121.6,140.2,124.3,159.9
120.6,140.5,123.9,158.4
120.0,136.5,130.0,159.5
123.8,141.7,125.8,159.3
120.9,143.1,126.4,159.7
120.9,144.9,124.1,158.0
119.9,149.7,119.4,157.7
116.0,149.2,121.4,158.4
123.3,148.2,121.7,157.9
114.3,152.5,117.2,158.4
116.8,147.9,122.2,159.1
117.7,147.4,121.9,158.4
117.4,152.4,116.8,157.7
117.4,147.6,121.8,157.6
117.8,146.7,122.4,158.0
116.3,147.8,119.5,157.1
117.7,149.6,118.2,157.4
117.6,149.7,117.8,157.5
118.3,148.5,119.1,158.2
118.7,148.1,118.6,157.6
119.5,147.6,120.3,158.4
117.4,149.0,119.2,158.0
118.3,145.5,123.1,159.1
117.8,149.8,118.1,158.7
119.0,145.2,123.0,157.8
118.8,147.3,122.8,158.8
121.6,147.0,121.9,158.7
124.0,145.3,120.7,157.7
125.0,144.2,122.7,157.0
132.0,143.1,122.6,157.5
121.8,143.6,121.6,157.7
106.5,141.5,123.6,157.2
120.6,142.6,118.8,155.8
119.5,143.9,119.2,155.9
117.1,145.6,119.0,158.7
115.6,145.7,117.5,157.0
112.9,145.5,118.8,157.7
114.7,147.2,117.8,157.7
115.4,143.4,119.9,158.4
116.7,145.8,118.2,157.5
116.5,144.7,119.0,157.6
116.9,143.9,120.6,158.2
117.5,145.0,119.8,159.5
118.7,147.4,116.7,159.5
119.7,146.5,118.8,160.8
113.1,147.6,117.8,160.4
113.9,144.8,122.4,161.5
114.8,145.4,121.8,160.7
113.3,146.2,122.0,161.7
118.2,146.1,121.6,161.3
114.2,147.4,120.6,162.1
125.0,146.9,120.6,159.4
121.8,152.1,118.0,158.2
119.9,148.6,119.7,157.9
115.5,148.5,119.2,159.2
114.9,146.8,118.9,156.2
112.4,146.2,118.4,156.0
114.2,144.1,120.0,156.1
117.4,145.2,119.7,157.8
116.8,146.1,118.8,157.8
118.5,147.9,117.0,158.7
116.6,150.1,116.1,158.7
116.8,147.1,118.2,158.2
118.2,147.9,117.5,158.1
120.6,148.2,117.5,158.1
122.7,146.6,121.2,158.9
120.0,145.3,120.9,160.0
120.9,143.4,121.0,159.9
117.8,142.1,121.8,159.5
115.3,140.7,122.8,159.6
114.8,139.8,124.7,159.6
115.0,144.1,121.3,159.4
115.5,142.8,120.6,157.8
114.9,142.5,121.1,158.5
116.3,142.7,121.6,159.0
117.5,143.3,119.3,158.3
117.9,148.3,117.9,158.9
122.7,145.4,119.9,161.3
119.7,143.8,123.1,161.5
120.9,142.7,124.3,161.7
119.1,145.2,123.1,160.3
120.1,152.8,115.4,158.1
119.9,148.9,120.0,158.0
119.8,149.9,119.9,158.3
119.2,145.6,121.5,159.0
121.3,146.6,120.5,157.9
123.2,146.5,119.8,155.3
120.9,145.6,119.3,155.8
115.0,144.7,120.7,157.5
117.9,144.9,121.2,157.8
107.5,141.5,123.9,160.0
109.9,140.0,123.6,156.7
113.7,146.5,116.8,156.7
114.3,139.2,120.2,156.2
115.8,140.4,123.5,157.7
117.4,143.1,123.5,159.8
117.8,146.5,121.6,158.2
117.4,144.7,122.7,156.8
117.6,146.3,122.0,158.4
116.5,147.7,120.4,157.6
117.4,145.3,122.2,158.4
118.0,144.2,122.4,158.2
118.1,144.2,122.3,157.2
120.3,146.8,120.3,157.9
120.2,150.2,116.6,157.5
121.3,145.3,121.7,159.8
121.8,144.4,123.2,159.5
121.2,148.7,117.5,157.1
121.3,145.8,120.8,157.0
121.0,145.7,121.5,157.7
123.0,145.3,121.8,157.2
123.0,148.2,117.0,157.1
120.8,147.3,117.5,157.6
123.9,142.7,123.4,158.3
124.1,146.0,117.9,158.7
122.7,142.3,122.7,158.2
124.6,142.9,123.1,158.5
125.3,146.0,119.3,159.4
126.1,144.1,119.7,158.0
125.9,146.2,118.7,159.1
126.0,141.6,122.9,157.3
126.2,146.3,118.2,157.7
127.2,142.5,122.6,157.9
125.9,145.4,119.1,159.0
127.9,143.3,121.7,159.3
127.6,144.1,122.1,159.4
126.2,143.4,123.3,160.8
127.0,144.0,123.1,161.3
126.9,147.4,118.2,160.0
125.8,142.1,123.4,161.3
124.3,144.5,122.3,160.4
125.0,143.3,122.2,158.6
124.8,142.4,122.6,158.1
126.3,147.1,117.6,159.4
124.5,144.0,121.9,160.0
124.1,146.4,118.3,160.8
124.0,145.8,117.9,159.7
123.6,144.1,119.3,160.0
125.1,140.6,124.1,160.5
124.6,143.8,120.4,158.4
125.1,145.3,119.0,158.9
125.5,145.1,119.5,159.0
125.3,144.5,118.2,158.2
124.0,144.6,118.4,157.5
124.6,142.3,119.8,157.5
123.7,139.2,123.1,158.2
123.8,135.8,125.8,158.5
122.2,140.7,121.7,158.1
123.1,140.4,122.3,158.8
121.4,142.9,124.0,158.1
125.8,139.8,124.1,157.9
125.5,138.9,124.3,157.5
123.6,134.5,131.0,158.4
124.7,135.5,128.6,157.2
123.3,141.4,127.3,159.5
122.4,147.5,120.0,158.7
124.0,147.8,120.2,158.1
125.4,149.0,119.5,157.8
123.1,144.6,124.4,159.0
124.2,149.4,118.3,157.6
124.7,148.4,118.7,157.4
119.1,145.7,122.7,158.4
116.8,143.3,124.2,158.5
117.4,146.4,119.9,158.1
119.1,143.8,124.2,159.1
119.8,144.3,123.4,158.3
118.0,142.3,121.0,157.2
119.7,137.3,125.1,155.9
119.4,140.2,122.4,156.6
121.0,133.2,127.9,158.4
114.4,133.0,126.8,157.1
117.7,129.8,129.2,159.5
119.2,135.4,122.8,158.0
118.6,132.1,127.5,159.7
118.1,137.2,123.1,159.1
118.0,133.9,127.6,160.0
117.0,133.9,127.6,160.0
118.9,134.0,126.3,157.7
117.3,134.6,126.2,157.6
117.1,132.9,130.3,159.7
116.5,135.5,126.5,158.1
117.0,132.9,129.9,159.5
117.2,133.6,129.0,159.0
117.4,135.4,126.5,158.3
117.6,133.4,129.5,158.8
117.5,138.6,123.2,157.7
118.3,139.0,122.9,158.3
118.4,135.3,127.5,159.3
117.7,133.6,129.8,159.2
118.5,133.6,129.7,160.4
117.4,134.1,127.8,159.4
116.8,134.0,129.6,160.2
116.8,132.8,129.9,159.8
118.2,139.0,122.2,157.0
116.8,134.8,126.3,157.8
117.0,133.5,128.5,158.3
116.8,133.7,127.3,158.2
117.6,138.5,122.0,157.3
117.9,138.4,122.9,158.3
117.1,135.7,126.4,159.1
117.2,138.2,122.7,158.9
118.3,132.9,129.9,159.8
118.4,139.0,122.5,158.3
117.8,139.8,121.3,157.5
120.4,133.7,127.3,159.1
119.8,133.2,128.8,159.3
118.9,135.0,126.7,159.4
120.4,136.4,123.9,156.9
120.6,138.8,120.5,156.0
121.2,134.8,125.2,157.3
110.0,136.2,121.8,156.4
117.1,136.2,121.8,156.4
122.6,135.2,121.8,155.9
123.3,136.5,121.5,157.1
124.2,136.6,121.4,155.8
125.0,139.1,121.0,156.0
125.7,139.3,121.6,156.7
124.4,139.8,120.8,156.6
126.1,139.9,121.0,157.1
126.5,139.0,120.8,157.4
127.0,137.9,121.0,156.2
128.7,138.6,121.9,156.8
126.0,138.9,121.0,157.1
125.9,135.1,122.3,157.4
126.5,135.9,120.9,156.0
127.5,134.4,123.1,158.8
126.3,130.0,124.2,158.6
125.4,129.2,124.6,157.8
126.0,134.3,123.3,159.0
126.7,134.9,122.7,157.8
125.9,135.8,122.4,157.4
124.6,133.4,124.3,157.9
126.1,133.2,124.5,159.0
124.9,135.0,123.8,158.0
125.3,133.2,124.5,157.7
122.1,129.5,125.1,157.9
122.8,127.3,127.1,156.9
125.6,133.4,124.5,157.2
127.1,136.5,122.7,157.2
128.2,142.9,120.0,157.7
122.4,143.3,120.2,157.0
120.0,144.7,118.8,156.7
120.6,139.8,120.9,156.9
121.5,137.6,122.1,157.1
124.2,138.0,121.4,156.4
125.5,136.1,122.8,157.4
119.8,137.4,120.8,156.7
120.1,136.8,121.2,157.4
120.1,137.7,120.8,157.1
120.9,134.5,121.7,156.7
120.9,135.5,121.1,156.3
120.5,135.3,121.3,157.1
121.7,136.7,122.3,156.8
121.8,135.0,122.6,157.0
123.4,139.4,120.6,156.4
122.9,133.8,122.8,157.8
123.4,134.7,121.8,157.2
124.5,137.8,120.1,156.5
124.5,136.8,121.9,158.7
124.6,137.2,121.1,157.2
124.7,135.4,121.5,157.6
124.7,135.8,121.5,156.6
124.6,135.0,122.8,157.4
124.0,142.7,118.9,156.7
123.6,143.3,118.7,157.1
123.6,137.8,121.1,157.6
123.9,138.6,121.4,156.6
123.3,138.8,121.3,157.2
124.0,139.6,120.6,157.3
122.8,139.1,121.1,157.1
123.6,139.1,120.5,156.3
124.3,138.9,119.5,155.9
124.0,138.7,120.3,156.3
124.3,137.8,121.1,156.8
123.5,138.0,120.5,155.7
124.4,138.5,120.5,155.7
125.0,139.6,119.5,155.5
124.9,137.8,120.7,156.2
124.8,140.3,119.9,155.8
126.9,139.8,120.3,156.0
124.5,138.9,119.8,155.4
125.0,138.7,120.0,156.0
126.5,139.0,119.9,156.3
125.6,137.5,121.2,156.8
125.2,139.0,121.2,156.9
126.1,138.5,120.5,156.6
125.5,140.7,120.4,157.3
125.7,140.3,119.8,156.8
124.0,139.1,120.8,157.1
120.4,140.6,120.2,157.3
119.9,140.9,119.7,157.1
119.3,139.7,120.5,157.3
119.9,138.9,121.8,159.0
123.0,138.1,122.9,157.3
124.5,138.5,123.4,157.5
118.6,137.5,123.3,157.4
120.0,138.0,122.7,157.0
118.4,138.7,122.3,155.6
121.5,139.9,122.2,155.7
127.5,141.1,121.0,155.6
134.1,138.8,125.2,156.6
148.6,138.7,125.1,156.7
141.9,139.4,124.7,156.8
119.2,138.8,124.6,157.0
114.0,138.2,124.4,157.5
114.6,138.2,123.2,156.9
115.7,135.8,124.3,157.2
116.6,138.4,121.6,157.1
117.6,143.2,119.2,157.9
118.2,144.0,119.0,158.4
118.1,146.5,117.3,157.2
118.2,137.7,124.4,157.8
116.8,140.4,120.6,158.2
116.0,140.1,119.4,158.0
115.9,140.9,119.7,158.7
115.4,140.3,120.7,159.5
114.6,142.2,120.2,159.9
114.5,137.8,123.8,159.7
113.9,139.9,120.9,159.3
115.3,139.5,120.9,158.9
116.1,144.3,118.6,158.2
116.9,142.2,119.8,157.6
119.1,141.2,120.0,158.1
117.9,138.9,123.0,158.7
118.4,145.9,120.1,159.1
116.7,144.7,120.9,159.6
118.2,144.5,120.6,158.9
118.9,143.6,119.8,158.1
121.0,143.3,119.2,155.8
121.1,143.0,119.9,158.7
120.3,143.8,120.1,157.1
120.4,137.1,121.2,156.2
116.8,136.6,121.3,156.8
115.3,141.2,117.8,156.6
113.7,139.4,118.8,157.4
117.1,140.1,118.4,159.0
118.3,141.1,118.4,158.6
117.0,146.1,116.4,158.9
117.6,146.2,116.7,158.5
119.1,145.0,118.1,158.2
115.9,144.6,117.6,158.7
117.8,145.0,117.9,158.0
111.6,146.3,117.1,157.8
116.1,140.0,120.0,157.6
119.7,140.4,119.9,158.1
116.1,139.8,119.4,156.6
118.4,137.0,123.0,157.7
117.4,143.9,119.8,157.5
117.7,144.1,118.9,157.8
120.9,146.6,117.5,157.6
123.4,148.0,118.1,159.0
127.8,148.7,116.9,158.7
119.6,145.1,117.6,155.9
109.9,145.6,116.9,156.5
118.6,141.3,116.2,154.2
117.7,137.3,118.2,156.6
117.1,140.5,114.7,157.8
120.7,145.9,111.3,159.1
120.6,147.9,111.1,159.3
120.3,144.6,115.3,158.5
120.4,143.6,115.0,158.6
118.0,143.7,116.2,159.1
119.3,145.0,115.1,159.0
117.2,143.6,116.3,159.6
115.0,144.3,116.0,157.9
116.3,146.3,114.8,158.7
119.2,143.9,114.9,159.4
119.1,138.7,120.4,161.0
117.4,142.0,116.2,160.0
113.3,142.3,115.9,159.2
114.7,144.1,115.6,159.3
111.8,143.4,116.4,157.5
118.6,147.4,115.5,157.5
116.5,145.2,118.7,157.1
119.9,143.8,118.7,157.2
123.2,149.9,115.8,156.5
114.9,149.7,114.5,156.0
112.3,148.9,117.2,158.4
107.9,146.7,117.8,158.0
107.4,145.4,116.0,156.1
106.7,145.0,116.4,156.7
107.8,145.0,117.5,157.5
113.6,144.9,117.2,157.2
114.2,141.1,118.3,156.5
111.5,143.8,117.2,156.3
111.6,139.8,118.3,155.8
105.1,143.0,114.8,156.4
111.5,140.7,115.3,154.7
113.6,142.0,114.3,153.5
111.9,141.1,114.0,153.1
113.1,142.4,115.0,155.8
113.2,140.2,117.3,156.0
117.2,143.3,114.3,156.0
114.3,141.9,114.8,153.8
115.3,140.6,116.7,153.9
114.7,142.8,114.6,154.6
117.1,145.5,113.7,155.1
114.1,144.7,114.4,154.1
113.6,145.4,113.8,154.3
114.5,148.0,111.2,154.5
116.6,145.6,114.1,154.9
114.4,141.5,116.0,154.8
114.8,144.0,113.8,155.5
116.3,143.0,114.0,154.3
116.5,144.2,113.6,153.5
116.8,143.0,114.5,154.4
115.1,144.0,113.5,153.9
116.0,143.4,114.0,154.0
113.8,144.4,113.6,153.2
116.3,143.7,114.0,153.6
113.9,142.9,114.2,154.0
112.6,143.6,113.9,153.1
113.1,141.4,115.8,154.2
116.9,141.7,115.5,153.1
116.3,140.1,117.2,153.9
116.0,141.2,116.0,153.0
116.3,141.1,116.0,153.5
115.1,141.7,115.7,153.3
112.3,140.7,116.3,153.8
114.2,140.8,116.1,153.6
112.1,141.7,116.2,154.5
115.1,139.4,116.8,153.4
113.0,141.3,115.4,153.1
115.1,141.6,115.0,153.9
115.7,141.7,114.7,153.7
115.3,141.0,115.6,154.3
115.5,141.1,115.5,153.5
116.8,141.5,115.2,152.9
115.9,141.2,116.2,153.2
114.8,140.7,116.0,153.7
114.7,140.2,117.0,153.7
114.9,140.9,116.1,153.1
113.4,139.7,116.9,154.4
115.4,142.0,115.2,153.5
115.6,142.3,115.9,154.4
115.2,140.4,116.7,154.4
115.9,141.2,116.4,155.0
115.1,141.6,116.6,154.9
116.9,141.3,115.6,154.2
114.6,140.0,116.1,153.7
114.5,140.7,115.7,153.8
115.5,140.8,116.1,154.1
115.3,142.0,116.2,154.3
116.3,140.9,115.9,153.7
115.1,140.8,116.0,155.1
115.7,141.3,115.5,153.8
113.2,141.6,115.6,154.5
115.8,141.2,115.6,153.4
116.0,142.5,115.3,153.0
117.2,141.1,116.4,153.5
116.7,141.5,115.6,153.5
119.0,140.2,115.8,152.7
118.2,141.8,115.1,154.0
117.8,139.5,116.5,153.4
117.1,141.1,115.4,153.9
114.1,141.8,114.1,153.7
114.7,142.4,114.5,153.4
116.0,139.0,116.7,153.0
113.7,138.4,116.6,153.8
113.8,138.7,117.1,154.0
115.3,140.2,117.0,154.5
113.0,140.9,116.8,155.0
115.1,141.9,116.1,154.4
115.7,141.7,116.2,155.7
114.9,142.3,116.2,155.2
114.6,142.4,115.5,156.7
114.8,142.3,115.4,154.3
115.0,142.9,114.4,154.9
115.0,140.8,116.0,155.0
115.5,140.5,115.6,154.6
114.9,142.0,115.9,154.5
114.9,142.1,115.8,154.5
114.5,140.7,115.8,154.1
116.2,140.9,116.6,155.0
114.5,141.6,115.2,153.7
115.1,140.7,115.9,154.6
114.1,140.3,116.9,155.0
114.2,140.8,116.2,155.0
113.4,140.8,116.6,154.8
112.0,141.8,115.4,154.3
113.8,141.2,115.7,154.5
111.9,142.4,115.1,153.4
112.1,141.1,115.8,153.8
113.5,140.8,116.2,154.2
111.5,142.4,115.5,154.3
111.9,142.5,115.2,154.0
113.3,141.7,115.7,153.8
114.2,143.2,114.9,156.2
113.7,143.0,115.3,154.2
113.0,143.7,114.8,155.3
113.4,143.3,115.3,155.7
111.5,142.1,115.9,156.7
113.0,143.7,115.1,155.9
112.6,143.8,114.7,153.7
111.6,142.4,115.4,154.7
112.1,142.9,114.7,154.9
113.6,142.6,115.1,156.3
111.2,143.6,114.8,155.8
113.4,143.3,115.1,155.1
111.9,141.6,115.7,153.9
113.7,142.2,115.9,154.7
113.2,141.3,115.6,155.8
109.9,141.5,115.6,156.9
111.4,141.6,115.3,155.6
114.4,141.7,115.4,157.0
114.1,141.0,115.2,155.9
114.8,141.3,114.8,155.2
114.6,142.2,114.8,155.8
116.9,141.5,114.6,155.0
116.7,141.3,114.6,155.2
117.3,141.5,115.1,155.9
108.1,139.7,115.7,156.7
105.9,139.2,114.7,155.9
117.1,135.5,116.3,155.0
119.0,134.3,117.1,154.3
121.6,132.7,115.9,156.1
123.2,131.5,117.7,156.6
122.9,136.6,115.3,156.4
120.5,137.6,115.8,157.3
120.6,138.8,113.6,157.1
120.7,141.3,112.2,156.7
119.2,141.8,111.6,156.2
120.5,140.8,112.1,156.6
119.4,140.4,111.9,157.0
119.3,139.5,112.3,157.3
122.0,140.1,112.3,157.9
119.3,138.7,113.0,158.2
120.0,140.4,111.5,157.5
120.9,141.6,111.2,157.3
120.3,141.7,110.9,157.7
120.3,141.4,110.3,155.9
123.8,141.1,110.6,155.6
119.8,140.7,109.8,154.9
123.2,140.8,109.8,154.6
122.6,141.9,110.1,155.8
121.3,139.9,110.0,156.5
121.6,141.8,109.0,156.7
117.3,139.4,109.3,155.2
120.3,141.0,108.2,156.9
120.4,140.3,110.7,157.5
118.5,140.7,110.7,156.7
122.0,142.7,109.7,157.2
118.1,137.7,112.0,157.0
117.2,137.4,111.3,156.1
116.2,138.4,111.8,156.5
117.1,140.2,111.4,156.7
120.4,141.3,110.1,154.9
116.6,140.3,111.3,155.4
117.5,140.2,111.3,155.3
114.3,140.1,111.2,155.8
114.8,141.6,110.2,155.6
116.0,139.8,111.5,156.4
115.6,139.7,110.1,155.8
115.8,141.3,109.8,155.8
112.2,142.0,108.7,156.1
114.3,140.8,109.8,156.2
117.1,140.3,109.5,155.6
115.6,133.3,113.2,157.0
113.5,133.3,112.0,155.8
114.6,132.1,112.4,155.7
115.1,132.4,112.4,156.0
114.7,134.1,112.1,156.8
114.9,131.8,113.0,156.7
113.5,137.0,109.6,155.1
115.6,133.6,111.7,155.1
115.0,137.0,108.8,155.1
116.1,135.0,109.5,155.6
115.3,133.0,109.0,155.4
116.5,132.0,109.7,155.0
115.8,126.9,111.9,155.2
118.3,129.0,110.4,158.2
118.9,127.6,111.1,158.0
117.4,127.5,110.0,157.2
118.3,129.0,108.4,155.8
119.3,128.7,108.1,155.7
119.8,127.5,108.1,155.4
120.6,127.5,109.0,155.7
119.0,127.8,109.3,156.7
120.6,127.4,108.1,156.8
119.1,128.8,107.8,158.7
121.0,128.5,106.8,158.3
118.2,126.8,107.0,158.5
120.5,126.4,106.5,158.8
120.5,125.4,107.7,160.2
120.1,126.4,105.5,159.7
121.8,126.9,106.7,158.9
120.8,125.9,108.1,159.5
121.5,125.2,108.0,159.9
123.1,126.2,107.0,158.3
120.2,128.6,105.7,159.6
122.4,129.1,105.2,160.5
120.3,127.8,105.7,159.6
121.1,130.4,104.0,159.8
121.4,130.2,104.4,160.0
121.8,131.2,104.0,159.8
122.5,131.0,103.7,159.3
124.9,131.2,102.7,159.1
122.8,131.2,102.9,159.6
122.7,132.7,102.1,161.3
122.6,130.2,102.3,161.3
119.2,130.9,102.7,162.4
120.5,123.5,106.0,162.5
118.6,131.8,101.5,162.4
120.9,124.7,105.1,163.3
118.4,126.0,104.0,163.1
120.1,123.9,104.9,162.0
120.3,126.0,104.2,161.9
120.5,125.9,104.8,162.0
121.2,124.1,108.1,163.3
121.7,124.5,107.5,163.1
122.3,123.3,108.1,162.8
121.4,124.9,105.6,161.4
120.5,127.1,105.6,161.8
118.8,126.6,106.7,161.6
116.5,126.3,107.6,161.6
115.2,131.9,105.2,161.4
119.8,133.8,105.0,162.1
115.0,130.8,106.3,159.0
119.5,129.8,107.2,160.6
115.8,127.9,108.3,160.4
117.5,129.9,106.9,161.0
116.1,129.1,107.3,160.8
115.3,129.2,106.7,161.5
114.6,128.9,106.1,162.1
114.2,128.5,106.0,161.1
112.7,131.0,105.8,161.7
111.2,131.8,105.3,162.4
111.6,130.6,105.9,161.9
111.1,131.1,104.9,161.5
116.2,130.1,104.0,160.8
119.4,131.8,102.2,160.9
125.7,137.5,101.1,161.8
135.4,137.5,101.1,161.1
137.8,137.2,101.6,162.6
147.4,138.6,101.4,162.5
107.1,137.7,99.9,161.5
111.0,138.1,98.0,161.7
115.5,129.7,101.2,161.2
112.2,131.6,99.0,161.7
112.3,133.9,99.2,163.8
112.2,134.1,99.2,164.0
113.8,131.7,101.8,164.6
113.8,131.8,101.5,164.8
114.5,131.0,102.0,164.5
115.7,132.4,101.4,164.6
117.7,130.7,103.4,164.9
120.5,129.5,103.7,163.9
117.3,127.7,105.1,164.2
115.3,127.6,105.1,162.6
118.9,127.7,103.9,163.3
117.2,129.0,103.6,163.2
115.7,128.1,103.9,163.1
113.0,127.1,105.1,163.1
112.8,125.4,105.2,163.8
117.2,125.1,106.3,164.5
117.4,127.4,103.9,161.8
116.9,135.7,98.9,161.9
114.4,133.3,100.1,161.8
113.1,133.6,99.1,162.0
116.8,134.5,98.8,162.3
109.9,133.5,99.1,162.2
105.8,133.8,98.2,164.0
107.5,128.9,102.7,165.2
113.0,128.5,102.3,165.4
115.0,130.7,101.2,166.6
116.7,130.4,101.8,167.6
118.4,128.7,103.6,168.5
117.9,132.7,101.0,168.9
117.8,131.9,101.3,169.6
117.6,131.1,101.9,170.0
117.0,130.0,101.6,169.2
118.2,127.6,104.3,169.5
116.2,127.2,105.0,169.1
115.7,126.5,104.3,168.7
116.0,125.2,104.2,167.0
114.9,126.9,103.1,166.6
115.4,123.0,103.8,166.0
115.2,123.2,103.5,165.8
115.1,123.6,103.1,166.2
115.6,126.4,104.2,167.0
115.6,125.5,105.5,167.6
117.0,125.0,106.0,168.2
115.6,127.0,105.6,167.8
114.9,128.1,105.2,168.1
115.4,128.3,105.3,168.3
114.9,128.0,105.5,168.8
115.3,128.3,106.1,168.2
115.7,127.5,105.8,168.6
116.3,127.3,106.7,168.0
118.5,128.3,106.3,169.5
116.0,128.5,106.0,169.1
118.0,128.1,106.7,169.9
117.3,125.1,108.5,169.8
117.9,125.8,106.6,168.8
118.6,128.3,106.4,169.2
115.9,128.1,106.1,169.3
116.6,127.9,106.1,169.0
116.6,129.6,106.3,169.6
115.4,130.0,105.2,169.4
118.7,129.2,106.0,169.1
117.8,128.4,105.7,169.9
117.6,124.3,108.0,169.6
118.8,124.2,107.2,168.4
116.6,123.4,108.8,169.0
114.6,122.8,108.5,168.8
113.4,122.7,107.1,167.7
111.8,121.8,108.2,166.5
113.8,122.9,107.2,167.3
114.5,124.4,107.3,168.5
115.1,124.1,107.4,168.9
115.1,124.5,107.5,168.2
113.3,124.4,107.2,168.9
112.2,124.8,106.0,167.9
112.5,126.2,105.0,168.0
113.0,125.7,105.5,168.3
112.0,125.1,104.1,167.0
110.1,125.2,102.8,166.5
111.4,123.3,104.6,168.3
108.6,120.1,106.8,170.7
108.2,124.3,102.6,169.6
111.8,124.7,99.4,169.3
116.1,125.3,99.4,171.3
117.4,128.9,97.9,171.3
116.0,129.1,98.1,171.5
116.8,129.3,97.4,172.2
115.1,132.2,96.5,170.4
114.7,125.0,103.4,170.6
118.5,127.3,102.2,170.5
121.0,118.2,108.6,166.8
122.5,121.3,108.9,169.8
119.4,123.9,109.4,170.0
116.6,122.7,108.6,168.0
114.8,123.0,108.3,168.0
118.3,120.4,107.1,166.0
114.9,127.0,104.8,170.8
116.8,127.1,104.8,169.9
115.8,129.7,104.2,172.2
115.9,124.0,106.1,171.4
114.0,123.1,106.7,170.5
114.1,123.4,106.3,170.6
116.7,121.5,108.3,170.9
116.4,121.6,106.4,170.9
116.1,119.6,106.9,171.3
117.5,120.3,106.9,170.4
116.5,125.7,103.8,171.4
116.6,125.3,104.1,172.4
116.2,117.6,107.0,166.0
114.8,130.1,99.3,171.0
113.7,116.5,106.8,166.0
114.7,115.8,106.8,165.7
116.5,125.1,100.8,168.9
116.9,126.8,99.2,169.0
117.2,125.5,100.2,169.4
116.6,124.6,101.0,170.1
117.4,127.0,99.8,169.5
117.3,126.8,99.6,170.3
117.9,127.0,99.8,170.1
116.9,124.7,101.0,169.3
117.5,125.9,100.4,170.2
117.4,126.9,100.4,170.3
119.0,126.3,100.7,170.3
120.5,129.6,98.9,169.4
120.8,128.9,99.2,170.1
118.9,127.9,100.6,170.5
120.3,130.2,99.4,171.2
121.2,130.3,99.7,171.1
121.7,122.7,105.1,167.5
122.0,130.2,100.3,170.7
122.4,132.6,99.6,170.3
122.4,120.1,108.1,167.0
122.6,132.1,99.6,169.6
122.0,122.7,105.6,167.2
121.1,124.0,105.4,165.8
119.7,123.2,106.3,165.3
120.2,115.5,112.1,164.8
119.5,117.7,112.5,166.1
123.3,119.2,109.8,164.5
120.9,115.9,110.8,162.3
121.8,116.9,108.8,161.9
121.1,117.7,107.7,161.3
122.2,119.1,108.1,161.4
121.5,129.4,101.0,164.9
122.7,123.7,105.2,162.4
121.5,128.7,100.6,164.5
121.1,128.6,100.6,163.4
121.8,128.4,99.5,162.3
114.8,126.2,100.5,162.7
115.9,128.1,100.2,162.8
115.5,128.6,99.2,163.1
118.6,127.6,97.9,162.2
118.8,126.8,98.1,161.9
112.1,125.8,99.1,161.9
111.4,129.2,96.5,166.0
116.5,127.5,98.3,166.7
115.3,126.1,100.2,167.4
116.6,131.0,97.0,168.3
117.2,130.9,96.7,167.9
116.5,126.7,100.3,167.3
115.0,130.1,98.5,167.0
115.5,129.0,99.3,167.5
115.2,130.5,98.4,166.1
116.2,131.5,97.2,167.2
116.4,129.6,98.6,167.1
116.0,128.5,99.2,165.1
116.4,129.5,97.7,165.5
115.9,129.9,98.8,167.3
117.0,130.6,96.9,164.1
116.5,128.6,99.4,164.9
115.7,128.9,99.1,165.4
116.5,128.5,99.7,165.2
116.8,128.7,99.0,162.9
116.2,131.5,98.4,163.7
116.3,131.7,96.8,163.3
115.5,131.3,97.8,164.3
114.3,131.4,97.6,163.4
114.7,130.4,98.1,164.3
115.9,132.0,96.9,163.8
116.1,130.2,98.4,164.0
115.8,129.1,98.3,164.0
115.2,129.4,97.6,162.6
115.5,129.9,98.7,163.8
115.4,130.4,97.3,162.8
115.0,130.7,97.9,164.3
115.0,131.3,96.8,162.3
114.1,129.6,97.9,162.3
116.1,131.4,96.0,161.7
114.8,130.8,96.4,162.7
115.1,129.9,97.1,163.1
115.7,131.1,96.4,162.6
115.5,131.5,96.2,161.8
116.4,130.5,97.0,161.4
116.5,131.1,96.7,162.4
116.1,129.7,98.5,162.3
116.5,131.1,98.1,163.3
115.3,131.4,97.1,162.9
114.9,131.6,97.4,162.4
115.1,131.5,97.0,162.0
113.3,132.1,96.8,162.2
113.0,132.2,97.5,162.8
115.1,131.0,98.2,163.1
112.4,130.9,97.8,162.6
112.8,131.7,97.3,162.0
112.9,131.4,96.8,161.1
112.5,132.1,96.1,162.0
112.6,129.9,97.6,161.5
110.8,129.1,98.3,162.4
112.7,130.8,97.0,162.4
112.0,129.7,98.1,162.1
112.5,130.7,97.5,161.9
112.2,129.4,98.2,161.5
111.8,128.9,98.7,161.6
111.8,128.9,98.9,161.4
112.4,129.3,98.1,161.6
112.6,128.8,98.0,160.6
113.9,128.8,98.8,161.0
113.4,129.4,97.4,161.1
114.1,130.4,98.2,161.3
114.0,128.9,98.6,161.3
116.4,130.6,97.4,161.6
114.5,129.4,97.0,160.7
106.2,129.9,96.4,161.6
105.8,131.5,96.2,161.4
115.1,132.4,96.4,162.8
118.9,130.2,97.8,164.0
118.8,132.2,96.8,165.5
119.7,131.8,96.2,162.1
120.3,132.4,97.0,163.1
120.9,130.0,97.6,161.9
120.7,133.1,95.8,162.9
120.5,130.5,97.2,162.1
118.4,129.6,97.8,162.3
120.8,131.6,97.1,162.6
119.6,130.0,97.3,161.8
121.1,130.2,97.3,162.2
122.2,129.7,98.1,161.6
120.9,130.2,97.9,162.2
121.2,130.5,97.8,160.8
120.3,130.3,96.9,160.6
119.2,130.3,97.1,161.1
118.4,128.9,98.8,162.3
118.8,127.8,99.3,161.9
118.5,129.5,98.2,161.2
118.3,129.2,98.2,161.2
118.9,129.7,97.5,161.7
118.9,128.2,99.1,160.9
119.4,128.6,99.5,161.4
121.3,128.8,99.2,161.3
119.9,129.1,99.0,162.4
120.3,129.3,99.6,162.8
120.1,128.3,99.5,161.8
120.0,129.0,99.4,162.2
120.0,129.5,99.4,162.4
119.4,128.0,100.6,162.6
119.8,129.4,99.9,161.7
117.3,129.6,99.3,162.6
117.7,130.1,99.4,162.1
117.1,129.4,100.2,162.9
116.0,131.0,99.7,162.1
116.4,131.2,99.4,162.5
117.5,130.8,99.2,162.7
117.3,132.3,97.2,162.2
120.0,130.2,97.9,162.1
119.4,128.5,97.8,161.9
121.0,130.7,97.7,162.3
122.4,129.4,98.7,163.0
121.9,129.6,99.1,162.7
123.1,130.3,98.5,163.1
124.3,131.6,97.1,163.6
121.8,130.9,98.9,163.2
119.5,133.4,98.2,162.7
118.9,135.2,97.6,162.9
116.5,133.4,99.6,163.3
116.5,134.5,98.7,163.3
117.3,132.8,99.6,162.7
116.3,133.7,98.6,162.4
116.6,133.8,98.8,163.5
117.0,132.4,98.4,163.5
116.7,132.0,99.2,163.1
116.1,134.6,97.8,163.7
118.0,131.2,99.8,163.6
119.1,132.0,99.1,163.8
119.1,133.8,98.3,164.3
114.9,132.8,99.4,164.9
116.0,132.2,98.1,164.6
118.8,132.6,99.1,164.3
122.9,133.5,96.9,162.2
125.4,138.0,96.1,163.5
127.1,131.7,98.2,163.6
131.9,130.8,98.3,163.3
137.6,131.0,98.2,164.0
137.5,135.7,96.4,164.2
141.1,130.9,99.1,165.7
139.6,131.7,97.1,166.0
99.0,139.8,95.0,168.7
110.2,132.4,97.2,166.7
108.9,129.5,97.6,167.5
112.0,132.0,95.5,167.9
111.7,136.3,94.3,167.1
115.1,134.4,96.3,166.0
112.8,131.7,99.2,165.7
114.1,135.2,97.7,167.3
113.3,134.0,98.9,167.8
115.9,133.7,98.5,166.7
112.3,132.1,100.8,165.7
107.4,134.2,97.4,163.7
110.5,133.5,97.7,164.8
108.4,133.2,97.1,164.7
108.4,134.3,97.1,164.7
106.0,134.3,97.4,164.3
104.5,134.0,97.7,163.1
106.4,136.4,96.0,162.7
106.6,135.1,96.5,162.1
111.0,135.3,97.0,163.0
114.0,131.3,98.6,163.0
118.1,135.4,97.2,164.2
121.1,133.5,98.2,164.4
149.5,133.2,99.2,165.3
148.7,134.8,97.2,165.6
113.9,131.8,97.4,165.5
115.0,132.3,98.1,168.9
114.3,132.5,97.6,170.5
112.0,134.0,96.1,169.8
109.7,129.1,99.9,168.5
108.3,131.1,98.4,168.4
108.3,131.4,98.3,168.7
107.3,132.0,97.7,168.2
107.0,129.6,98.6,169.3
107.3,126.9,101.8,169.4
107.9,128.6,100.2,169.8
107.7,131.4,99.7,169.8
110.1,132.6,99.3,170.9
110.4,130.7,100.4,171.0
111.2,131.3,100.3,170.1
112.4,130.8,101.6,169.8
113.5,130.4,101.6,169.1
111.8,129.2,103.0,169.9
109.9,128.2,103.6,169.4
108.1,129.7,101.9,167.4
108.5,132.3,100.0,166.3
105.5,134.4,98.9,165.7
104.9,132.4,99.3,166.2
104.2,133.0,98.9,165.6
104.1,133.8,99.1,166.1
105.5,132.2,98.7,165.5
104.3,134.4,99.0,165.4
104.3,130.4,100.4,165.7
105.0,131.2,99.7,165.7
104.1,130.0,101.5,164.9
103.5,130.7,100.1,164.6
102.8,131.4,98.9,164.8
103.9,132.5,98.2,165.0
103.5,129.3,99.4,164.6
108.2,129.2,100.6,167.9
101.6,127.4,103.9,170.9
104.8,129.3,101.5,169.0
114.6,130.8,99.7,168.0
114.7,132.1,98.1,168.2
114.1,132.2,98.7,167.5
114.1,133.0,98.8,168.4
113.6,131.7,99.5,169.7
113.7,132.4,100.7,169.2
114.5,136.4,99.1,169.3
112.4,133.4,100.8,169.5
113.3,131.2,100.3,168.7
113.4,133.3,99.8,169.4
113.5,132.1,101.9,170.1
113.1,132.9,100.7,168.6
113.1,132.4,100.5,168.9
114.4,131.6,99.7,167.3
113.6,131.6,99.4,167.3
116.3,130.0,99.9,167.3
114.3,131.8,100.1,167.4
114.0,130.5,100.0,168.5
114.7,130.8,99.8,166.7
114.7,128.4,101.8,168.3
115.2,127.9,101.1,167.2
114.3,128.6,100.5,167.3
113.6,130.1,100.3,167.1
112.8,127.5,101.9,167.5
112.1,128.2,100.9,167.1
111.1,127.6,101.7,167.5
110.6,127.6,101.5,167.1
112.4,126.1,101.8,166.8
111.8,126.9,101.2,166.9
112.8,127.7,101.3,166.5
113.7,127.2,101.4,166.2
113.0,127.1,101.0,166.1
112.3,125.9,102.0,166.2
113.8,126.7,101.3,166.2
112.6,127.7,101.6,165.6
113.4,126.9,102.0,165.8
113.7,127.6,101.8,166.1
115.4,128.4,101.9,166.1
113.3,128.6,101.5,166.3
112.6,130.1,100.9,166.5
112.4,129.8,101.5,166.8
113.2,129.8,101.2,166.8
113.0,129.1,101.9,166.9
113.4,130.9,100.5,166.6
112.7,129.1,101.2,166.3
112.7,128.4,101.3,166.8
112.6,130.3,100.7,166.5
114.2,130.0,100.9,166.8
113.5,128.6,101.2,165.8
113.2,129.4,101.1,166.3
114.3,129.0,102.1,166.6
114.5,131.5,100.3,166.3
113.3,129.9,101.4,166.7
114.1,130.0,101.2,167.1
112.7,131.0,100.5,166.9
113.3,130.1,101.2,167.3
114.6,129.4,100.7,166.4
113.7,130.5,100.4,166.2
112.7,129.9,100.8,167.2
113.6,129.3,101.7,167.0
112.8,129.6,101.7,167.3
113.6,130.8,100.5,167.6
113.7,132.9,99.6,166.3
113.8,132.7,100.3,167.3
112.7,132.1,100.5,167.4
113.3,133.1,100.1,166.8
112.9,133.4,99.3,166.8
112.4,133.1,100.3,167.3
113.3,132.5,100.2,167.5
113.1,132.6,100.7,167.9
111.7,134.2,100.0,167.8
112.3,133.9,100.0,167.7
112.3,135.4,98.9,167.5
114.8,133.8,100.0,168.3
111.3,135.2,98.6,167.4
112.6,133.9,99.5,168.1
113.8,134.8,99.2,167.8
112.8,135.4,98.2,167.0
113.3,133.2,100.1,166.8
113.7,132.8,100.3,166.5
114.1,133.1,99.8,166.9
114.1,133.3,100.3,166.4
116.2,133.3,99.9,166.4
115.3,133.2,101.0,167.2
114.4,135.0,99.0,166.3
110.5,131.5,101.0,166.5
109.4,133.8,99.7,166.1
107.5,132.3,101.1,166.1
107.8,134.5,99.5,164.9
108.1,135.7,98.5,165.7
106.7,134.1,99.9,165.8
107.9,134.6,98.8,164.4
110.9,136.0,99.2,165.6
111.9,137.1,99.3,165.5
111.9,135.5,99.4,166.0
113.8,135.6,98.9,165.3
112.5,135.7,98.8,165.2
114.4,134.4,99.9,166.3
107.7,134.7,99.4,165.4
110.0,133.6,99.2,165.5
115.1,132.4,98.5,164.7
114.9,134.6,98.8,165.7
114.0,133.9,99.3,165.5
114.6,133.7,99.3,165.9
115.1,135.8,99.6,164.3
114.3,138.0,98.1,164.1
114.0,139.0,97.5,163.8
112.7,138.0,98.0,164.4
113.2,137.5,98.3,164.4
111.3,135.8,99.0,164.5
111.4,136.7,98.4,164.3
111.9,134.4,99.2,164.3
111.0,138.5,96.5,164.0
111.5,136.4,97.7,163.5
111.0,135.4,98.4,164.4
111.8,135.7,98.6,164.8
111.2,136.2,98.2,163.5
111.2,135.8,99.1,163.5
110.6,136.5,98.7,163.8
108.9,136.7,96.9,163.3
109.2,135.7,97.8,163.8
110.4,136.3,96.8,163.6
109.7,136.0,97.7,164.2
111.1,134.6,98.4,164.1
115.5,132.2,99.0,164.4
113.6,134.1,96.9,165.0
116.6,133.1,99.0,164.4
118.0,133.6,98.4,163.7
119.2,135.4,97.8,163.6
118.1,135.3,98.4,164.7
119.0,136.6,97.2,164.0
119.1,136.7,98.3,163.8
118.5,136.9,98.2,163.8
118.7,135.4,98.9,164.8
117.1,137.6,97.7,163.7
118.6,136.1,98.4,164.2
118.4,134.8,98.9,164.0
119.1,137.8,97.6,163.8
118.3,138.2,96.8,163.6
119.3,136.3,97.3,163.5
118.9,137.4,97.1,163.9
119.0,136.0,98.2,164.1
119.3,135.8,98.4,163.9
118.6,135.5,98.8,164.1
117.8,136.1,97.7,163.9
119.1,134.9,99.1,164.1
118.2,133.7,99.6,163.6
118.7,134.0,99.4,164.1
118.9,134.5,98.3,163.3
120.6,134.2,98.2,163.4
119.2,133.6,97.2,163.6
120.6,134.1,98.7,165.1
120.7,135.8,98.4,164.1
121.8,133.3,99.0,164.2
119.8,134.6,97.9,164.9
121.1,134.4,97.5,163.3
119.4,135.3,97.5,163.3
119.0,134.4,98.7,162.9
119.7,134.4,99.2,163.3
117.2,134.9,99.1,164.1
115.0,136.1,98.0,163.4
115.5,135.2,98.4,163.7
116.7,135.7,98.3,164.3
116.2,136.5,98.1,163.6
116.0,135.5,99.0,164.2
120.3,134.6,98.9,163.0
118.8,135.6,98.6,164.1
113.4,135.2,98.7,163.7
112.7,137.4,97.8,163.7
110.0,139.2,96.6,162.8
111.4,138.1,98.2,163.4
110.4,138.1,97.9,162.7
111.2,137.4,98.6,163.2
113.5,138.5,98.7,163.1
112.6,137.2,99.1,163.4
111.7,137.2,99.4,164.7
109.8,136.7,99.6,165.0
111.4,136.2,99.2,165.4
110.2,136.2,98.8,165.1
110.3,135.0,99.7,165.1
111.0,135.9,99.0,163.8
112.3,136.7,98.0,164.4
107.5,135.6,97.3,163.9
101.2,134.6,98.2,163.1
109.9,134.6,98.0,162.8
114.8,132.9,98.8,162.4
114.1,134.7,98.2,162.7
115.3,136.7,97.6,163.1
114.7,136.0,99.0,163.5
116.4,136.0,99.1,163.6
115.9,137.1,98.5,162.9
117.7,136.6,97.9,163.4
118.9,135.1,99.3,164.1
117.8,136.1,98.8,163.8
117.5,135.8,98.8,163.9
118.0,135.0,99.3,164.2
118.4,135.9,98.5,163.1
120.1,134.8,99.4,164.3
119.6,133.5,100.6,165.5
119.7,133.1,99.8,164.9
118.0,134.5,99.2,165.4
117.7,134.8,98.5,165.3
117.2,134.1,99.1,164.4
115.2,134.2,98.3,165.1
113.0,134.6,98.6,165.4
113.2,136.3,98.7,164.8
112.8,136.0,97.9,166.0
113.0,135.2,98.1,164.9
115.3,134.9,98.8,165.0
115.6,135.8,97.8,163.0
113.3,135.8,97.5,164.0
109.8,135.1,98.2,163.7
107.9,135.4,97.1,162.6
107.4,135.7,98.6,163.7
107.9,136.2,97.9,162.4
112.1,138.0,98.4,163.4
107.4,137.3,98.8,164.5
108.1,138.0,98.5,164.3
111.5,137.2,98.1,164.4
111.3,137.2,98.1,164.8
114.7,136.9,97.6,165.1
116.0,137.6,97.5,165.1
106.8,135.0,98.7,164.5
104.0,133.4,98.2,164.1
114.0,134.5,97.8,163.8
116.3,134.7,97.8,163.4
117.6,134.7,98.3,164.1
118.1,135.4,98.8,164.8
119.9,137.6,98.1,166.0
120.9,139.9,96.9,166.1
120.7,138.3,96.8,164.7
119.1,140.5,96.2,165.3
117.3,139.6,96.1,164.4
116.0,138.1,96.5,163.8
112.9,138.5,97.6,168.1
111.9,135.7,99.0,167.4
113.6,134.2,99.5,167.9
113.2,136.2,98.6,167.7
112.7,135.1,99.1,167.7
114.4,134.4,98.7,166.8
110.9,132.7,98.5,165.9
106.9,132.2,99.2,165.9
109.0,132.9,98.4,166.6
107.2,134.2,98.9,166.1
112.7,136.1,98.1,165.6
106.4,134.3,98.5,165.6
110.5,134.8,98.2,165.9
114.6,135.3,99.2,166.2
118.8,138.4,96.9,166.0
112.5,139.2,95.1,162.9
119.7,139.3,96.0,163.5
123.5,138.3,96.2,162.6
106.5,137.3,95.7,162.9
115.5,135.6,97.6,165.8
115.5,137.7,96.8,167.1
116.4,138.1,97.2,167.2
119.8,137.6,97.0,166.4
118.6,140.0,96.1,165.7
115.4,137.8,97.7,165.4
114.6,136.6,97.5,164.9
111.2,137.4,96.9,164.8
109.1,137.1,96.3,164.8
110.0,138.0,95.5,164.3
110.4,137.3,95.9,164.0
105.7,136.5,96.7,164.3
106.3,136.3,97.9,165.2
106.1,135.9,97.1,164.8
109.6,134.8,98.5,165.3
106.9,131.9,101.3,166.6
106.3,129.8,102.4,167.7
106.2,130.6,101.8,167.5
103.3,134.1,100.7,165.8
103.5,137.1,98.5,165.2
101.1,137.0,97.2,163.2
103.0,139.6,97.2,165.0
102.3,139.7,96.6,164.4
102.2,138.3,98.1,164.8
100.9,137.5,98.2,164.8
101.6,136.1,98.1,165.8
103.4,134.9,99.2,165.6
104.2,134.0,98.4,166.3
109.6,133.6,97.7,165.6
107.2,132.9,97.5,164.9
101.5,130.0,98.9,168.2
114.6,134.1,99.5,168.5
116.0,132.1,99.1,167.1
114.9,133.8,99.4,166.0
115.3,133.4,99.9,166.3
113.7,134.8,100.7,167.9
115.1,138.6,98.7,169.2
115.8,136.4,96.3,165.7
115.1,136.3,97.4,165.3
115.5,134.4,97.2,164.1
117.1,135.6,97.6,164.7
117.4,134.3,97.7,165.4
116.2,137.0,98.8,169.5
117.1,137.0,99.3,169.9
115.3,136.7,100.0,170.0
115.1,135.3,100.7,171.2
112.6,134.6,101.1,170.6
112.1,135.6,101.7,170.5
112.0,133.4,103.6,170.3
108.5,132.5,103.1,169.9
107.6,132.8,102.5,169.6
107.4,133.5,101.1,168.2
105.7,133.8,101.2,167.6
104.2,135.5,99.1,167.6
105.7,135.3,99.3,167.4
108.0,135.5,99.4,168.8
109.1,134.5,99.4,168.3
108.1,135.0,98.9,168.2
109.9,134.2,99.4,168.8
112.5,133.9,99.9,169.4
116.1,132.4,100.8,168.7
105.8,132.4,99.9,167.1
108.0,128.8,101.0,165.7
112.0,131.6,99.6,165.9
112.3,131.4,98.7,165.3
112.3,135.2,98.2,166.4
112.0,135.7,99.8,166.7
113.2,133.7,101.3,167.8
113.1,134.7,101.5,167.6
112.4,133.5,102.3,168.3
113.0,135.5,100.2,167.4
112.2,136.1,98.5,163.9
110.3,134.5,99.8,162.7
109.7,134.8,99.9,163.0
110.0,134.7,99.4,162.2
109.8,134.0,99.4,161.8
112.1,133.5,100.0,161.5
113.6,133.4,99.5,160.9
113.1,134.8,99.5,160.9
113.6,134.1,99.7,161.1
113.5,134.1,98.8,160.5
115.8,134.8,98.5,160.0
114.3,134.7,98.1,160.9
115.5,135.0,98.1,161.4
115.6,135.0,97.5,160.5
116.3,135.2,98.7,160.9
116.1,134.7,98.9,160.6
115.0,135.6,97.1,159.8
114.4,134.5,99.4,159.5
113.9,133.9,100.4,161.0
114.0,134.5,99.5,158.6
113.5,135.3,99.0,159.4
114.5,135.9,99.4,160.2
111.8,134.9,100.3,160.3
116.2,133.9,100.5,159.8
116.9,134.7,100.2,159.9
118.1,135.4,99.9,160.3
119.1,136.4,99.3,159.8
119.4,135.0,99.5,160.0
117.2,136.4,99.0,159.4
117.8,136.2,99.0,159.9
115.4,136.5,99.5,160.0
115.4,135.1,99.2,158.4
116.6,135.2,99.5,159.1
115.8,136.3,99.0,158.1
114.4,137.0,97.3,158.2
113.4,135.1,99.8,158.5
113.8,134.6,99.7,158.1
112.4,135.3,100.1,157.7
112.2,135.7,99.6,158.4
113.6,136.4,99.4,159.1
111.8,133.7,101.4,159.8
108.3,134.3,102.2,159.8
105.9,133.2,102.2,160.4
106.9,133.0,102.2,159.8
107.7,133.2,101.8,158.5
107.7,133.4,102.9,159.3
107.8,133.4,103.2,159.3
109.2,133.5,103.1,159.9
111.6,133.1,102.6,159.5
112.9,132.3,102.5,159.8
112.9,131.9,102.5,159.6
110.7,132.7,101.8,158.6
115.4,131.8,102.2,159.5
113.4,132.5,101.7,158.8
114.0,132.9,103.1,158.9
114.9,135.2,103.2,159.5
115.6,135.7,103.9,158.2
114.1,137.3,103.5,157.4
114.2,136.1,105.2,157.1
113.9,135.5,106.9,157.4
113.5,136.8,106.3,157.5
112.4,136.1,107.1,157.5
112.4,138.3,106.1,157.3
111.8,136.1,107.1,157.2
112.4,136.0,106.4,156.8
112.6,134.7,107.3,157.0
112.4,136.2,106.7,157.2
112.8,135.8,108.1,159.4
111.9,136.1,107.7,158.8
113.3,137.7,106.2,154.7
112.3,136.9,107.7,154.0
112.0,138.3,108.5,156.2
112.7,137.1,109.5,156.5
111.9,138.0,110.0,157.9
111.6,138.2,110.0,157.4
111.2,139.0,110.9,159.0
111.6,139.8,111.2,159.5
112.6,138.5,112.7,159.1
112.3,137.5,112.6,158.8
111.9,139.1,111.8,158.9
113.0,137.8,112.6,158.9
112.6,137.4,113.1,158.8
111.3,139.5,113.0,158.3
111.3,140.5,112.8,158.5
111.7,139.4,114.6,160.3
111.9,139.6,114.1,159.5
111.1,138.9,115.2,160.3
112.9,139.5,115.2,160.5
112.4,140.4,114.3,159.7
113.1,140.5,114.5,160.0
112.5,140.1,114.3,159.9
113.4,139.6,114.3,159.9
112.7,140.9,114.8,161.0
111.7,140.1,115.0,160.3
112.1,140.3,114.7,160.0
113.0,139.9,115.3,160.0
112.7,138.9,115.4,160.2
111.6,139.5,115.1,159.8
113.0,138.7,115.3,159.5
112.3,137.0,116.5,160.8
113.4,139.2,115.5,160.2
112.5,137.1,116.4,161.5
111.7,139.4,115.3,160.1
112.3,139.8,115.4,159.6
113.4,138.7,115.7,160.4
115.2,136.6,116.4,162.0
115.0,138.1,115.8,159.1
116.8,139.1,115.6,159.8
117.7,138.6,116.2,160.5
119.3,137.5,116.5,159.6
118.8,137.6,117.4,160.6
118.7,139.1,116.7,160.2
119.4,139.6,116.5,160.0
120.3,139.7,117.1,160.1
119.5,142.4,117.2,161.0
120.1,141.4,117.6,160.4
120.0,142.5,117.7,161.2
121.4,140.9,117.5,160.3
119.8,142.1,116.7,159.5
119.9,140.7,116.6,158.9
119.5,141.4,116.6,159.8
120.9,141.4,116.9,160.8
120.9,141.0,117.0,160.8
121.1,141.8,116.8,160.1
121.6,141.4,117.4,161.5
121.4,141.1,117.3,162.6
121.6,141.4,117.7,162.8
121.6,141.2,117.6,162.4
122.8,140.9,116.8,161.8
121.2,139.3,117.4,162.1
121.0,140.8,117.5,163.2
120.8,139.9,118.1,163.4
119.0,140.4,117.9,163.0
117.9,140.2,117.6,163.1
115.5,141.1,117.8,164.0
116.0,141.9,117.6,163.9
118.5,142.3,117.8,165.8
121.4,143.0,117.8,165.9
117.6,142.7,117.6,164.7
112.2,144.0,117.5,164.6
115.2,141.5,118.3,164.2
113.9,145.3,117.4,164.1
113.8,145.4,117.8,164.5
114.3,145.3,117.4,163.5
113.7,146.7,118.7,165.5
114.2,147.6,117.5,163.2
114.1,148.6,117.4,161.8
119.4,148.5,117.3,161.4
117.6,147.1,117.6,161.6
117.4,147.5,117.8,161.4
115.3,146.9,117.1,161.6
118.5,146.9,117.3,161.0
111.6,146.3,117.1,160.8
114.9,144.6,118.4,161.1
114.8,142.2,118.5,162.3
117.4,142.3,118.5,162.3
118.6,142.8,119.0,163.2
118.7,144.8,118.6,161.0
119.1,147.1,117.4,161.0
118.5,146.6,118.3,161.2
118.5,146.4,118.1,161.3
119.3,146.9,118.9,162.0
119.6,145.6,118.8,163.8
121.6,144.6,119.4,164.1
120.1,145.6,118.5,162.7
121.0,144.7,118.8,162.8
119.9,145.1,118.8,163.9
118.9,144.4,119.0,164.6
119.8,144.4,119.0,164.7
119.4,144.6,117.9,163.1
118.6,142.6,119.3,164.7
120.7,141.9,119.1,164.2
120.4,140.2,120.3,165.6
121.6,144.1,119.0,165.2
122.1,144.4,118.1,164.8
121.9,142.8,119.4,165.2
121.8,142.8,119.1,164.5
120.8,143.0,119.4,165.2
120.3,139.6,120.4,165.1
120.4,141.9,119.6,165.3
118.3,138.3,120.7,164.4
118.6,141.6,119.7,164.8
116.4,138.4,121.1,165.3
116.5,140.9,119.9,165.2
114.9,141.9,119.6,166.0
115.5,142.2,119.4,167.3
114.6,143.5,118.9,166.0
116.2,142.4,119.9,166.7
118.3,143.2,119.5,167.0
118.2,144.3,118.8,165.9
120.9,143.9,119.8,166.9
119.9,144.7,120.0,166.8
116.5,144.6,119.7,166.0
115.9,145.2,119.2,165.3
111.3,147.9,117.2,165.0
114.4,145.9,119.3,165.3
110.6,148.3,117.8,164.4
113.9,148.5,117.2,164.1
114.5,149.2,118.5,167.1
118.8,150.6,117.2,166.5
124.9,148.3,118.3,165.3
129.7,145.5,119.9,163.8
134.2,147.9,119.2,164.7
136.3,148.0,119.0,164.1
151.2,148.4,118.2,164.9
171.4,151.0,116.4,163.8
158.3,150.1,116.9,163.9
106.9,147.0,116.0,162.3
117.9,148.3,114.3,163.5
113.2,146.4,113.7,163.3
114.7,145.9,113.7,164.3
114.2,147.0,112.3,164.3
112.3,147.7,113.4,165.5
111.1,148.9,112.5,165.3
112.2,150.6,111.7,164.1
113.3,149.4,113.5,166.7
115.1,148.8,114.5,167.3
116.6,148.0,115.4,167.1
119.1,146.6,116.0,167.2
111.8,146.6,116.4,166.4
111.4,142.2,117.7,165.4
111.7,142.2,117.2,164.7
110.6,142.1,117.7,164.8
115.6,145.8,116.6,165.3
119.2,144.7,117.9,165.1
118.9,146.6,117.4,164.7
116.9,147.4,116.7,164.2
119.1,149.2,115.8,163.3
111.9,149.8,115.6,162.8
113.9,149.2,115.1,163.9
115.4,150.3,114.0,164.3
118.6,149.9,114.4,164.4
118.5,151.6,114.1,165.9
120.3,151.4,115.4,166.6
120.1,149.1,116.7,167.2
119.0,149.3,115.4,166.4
120.9,148.6,115.8,168.5
119.2,150.3,114.8,166.9
118.8,149.3,114.9,167.0
119.0,149.8,114.8,167.1
114.4,149.1,114.2,165.9
111.7,148.8,114.4,167.0
108.3,148.7,114.0,167.7
107.1,147.7,113.3,167.4
113.4,146.4,114.0,166.5
113.3,146.9,113.6,166.9
113.1,143.6,115.0,165.9
112.0,141.7,116.1,166.3
108.3,142.6,115.3,164.8
106.6,142.8,115.0,164.1
110.4,146.8,115.2,165.1
106.6,145.1,117.0,164.1
111.4,148.7,116.9,165.8
110.8,147.4,118.1,166.0
110.1,147.1,117.6,163.3
110.1,146.6,117.9,163.9
110.5,146.9,116.7,162.8
110.0,145.5,117.2,161.8
105.6,148.8,114.3,161.3
109.5,147.0,115.4,160.6
113.0,146.4,114.0,158.1
113.0,146.0,114.6,160.6
111.9,147.4,115.7,162.2
112.9,148.9,116.4,162.8
115.2,151.4,115.1,162.2
114.8,149.7,116.7,163.2
113.1,149.3,117.3,163.8
114.1,151.2,116.9,165.5
115.3,148.9,117.6,164.3
116.0,150.5,116.2,162.7
116.5,150.0,116.9,165.2
116.0,147.5,118.0,164.7
115.9,147.5,116.8,163.6
117.0,146.1,118.1,163.8
116.3,149.2,117.1,163.9
116.5,149.2,117.2,164.0
116.6,150.0,117.3,164.4
116.6,149.9,116.7,163.7
114.8,149.4,116.4,163.2
115.1,149.5,116.4,163.1
116.8,149.6,116.7,164.8
115.8,149.3,116.4,163.0
115.5,149.4,116.7,163.2
114.6,149.2,117.8,165.3
115.6,148.3,119.0,165.2
114.8,148.5,118.4,165.1
116.2,148.6,118.9,164.7
117.2,150.0,117.6,165.3
116.7,149.9,118.8,166.5
118.9,149.4,117.5,165.4
117.7,146.7,118.4,164.2
117.9,145.8,118.6,164.1
116.8,145.5,119.1,164.8
115.1,147.1,119.5,165.5
115.1,148.6,119.4,165.2
116.5,150.4,117.9,164.2
125.2,150.8,117.5,163.5
121.5,151.1,117.7,164.0
119.6,150.6,118.2,164.1
117.0,150.2,117.6,162.6
119.8,148.6,117.2,162.3
115.6,149.5,116.2,160.5
118.8,146.9,116.9,160.5
119.7,145.6,117.6,162.1
119.2,146.4,118.1,162.2
119.5,148.3,118.4,163.1
118.8,146.8,119.8,164.2
118.8,147.1,119.5,163.8
118.7,148.6,118.7,164.7
119.6,148.7,118.0,164.7
117.7,148.5,117.1,164.3
118.2,149.5,117.2,164.9
117.2,148.6,117.7,164.3
115.7,149.3,117.7,163.3
116.4,149.2,118.7,164.0
117.5,149.5,118.0,163.5
117.0,150.3,118.2,164.0
116.2,150.9,118.3,164.7
115.2,149.6,119.0,164.9
115.5,150.3,118.5,165.5
115.2,149.5,119.0,162.9
116.1,148.3,118.9,161.8
114.2,148.3,119.3,163.3
115.1,149.5,118.5,161.6
113.7,149.6,119.0,162.8
114.9,148.9,119.0,162.6
114.3,149.1,119.1,162.9
114.1,148.0,119.3,162.3
114.1,148.2,119.0,162.4
114.4,148.2,120.0,162.5
115.1,148.1,119.5,162.5
114.5,148.2,119.8,162.6
114.4,148.8,119.8,163.2
114.7,148.7,119.6,163.5
115.7,148.5,119.2,162.1
114.6,149.4,118.8,161.8
113.2,147.5,119.7,161.9
112.7,147.7,119.4,161.9
113.7,147.7,119.9,162.2
112.6,148.2,118.1,161.7
113.8,148.7,117.4,161.9
114.6,147.5,118.7,161.8
114.6,147.9,119.1,162.4
116.5,148.2,119.1,162.9
115.4,149.5,118.9,163.3
117.2,149.0,119.5,163.5
115.7,148.8,118.4,161.7
116.4,148.4,118.8,162.2
116.1,149.2,118.5,161.4
116.4,148.2,119.0,162.5
116.6,149.7,118.3,161.0
117.3,148.4,119.3,162.6
115.1,149.4,118.3,161.3
116.9,150.1,118.4,161.9
118.3,149.0,119.5,161.8
121.9,148.3,118.8,160.3
110.5,148.5,118.3,160.1
107.4,148.2,118.2,160.4
114.1,148.1,118.3,159.5
117.7,147.9,118.0,160.0
116.8,147.4,118.0,160.1
118.5,147.0,119.2,160.7
118.7,147.5,119.4,160.3
117.4,147.8,120.2,160.2
116.1,148.5,120.4,161.3
116.7,148.9,119.9,161.0
116.5,148.3,119.7,160.3
116.9,148.9,119.2,160.4
116.5,148.3,119.5,160.3
116.4,148.1,120.1,161.4
116.1,148.0,119.8,160.1
116.4,147.5,120.1,160.0
116.2,147.7,120.1,160.6
116.1,147.7,120.2,160.7
115.2,147.3,120.0,160.5
115.4,147.6,120.1,160.6
118.1,148.2,119.5,160.0
116.5,147.1,120.2,160.1
116.7,148.7,119.5,160.6
115.6,148.0,119.6,160.7
115.8,148.0,119.8,159.8
114.6,149.7,119.1,160.2
116.5,148.2,120.1,160.6
115.3,148.8,119.8,160.5
114.9,148.0,120.5,161.5
115.5,147.9,120.1,160.4
115.0,147.7,120.6,161.1
115.2,148.8,119.4,160.6
114.3,149.7,118.8,160.6
113.8,149.9,118.2,160.4
114.9,148.9,118.9,160.3
115.5,149.1,118.6,160.7
115.2,148.3,118.3,159.5
115.3,148.3,119.2,160.1
116.7,148.8,118.8,159.8
116.5,149.3,119.0,160.6
117.6,149.7,119.1,160.8
117.3,148.2,118.8,159.3
117.0,148.6,119.2,160.0
115.6,148.9,118.6,159.7
115.9,148.6,118.5,159.4
113.5,148.3,119.1,159.2
112.3,148.3,117.5,158.6
118.1,146.7,118.1,157.6
118.6,145.2,118.7,158.8
119.4,146.2,117.6,157.6
118.8,146.5,118.4,158.3
120.4,147.5,118.3,158.2
119.4,147.1,119.3,159.2
119.8,149.1,117.9,157.7
118.9,149.1,117.7,158.4
120.0,148.0,120.0,159.2
119.3,147.7,120.1,160.2
120.7,148.5,119.3,159.0
120.3,148.8,118.9,159.5
120.6,151.1,118.7,159.9
120.7,149.4,118.3,159.2
120.8,149.4,118.3,158.5
121.3,149.2,119.2,160.1
121.7,149.7,118.5,159.5
122.1,149.5,119.0,160.3
120.6,148.0,120.2,160.0
119.7,150.0,118.8,160.5
120.5,148.5,118.5,159.3
121.1,148.0,119.6,160.9
121.4,149.0,119.2,159.9
120.4,149.1,117.5,159.9
120.3,148.3,119.6,160.6
119.7,150.3,118.6,160.3
121.0,149.6,118.2,159.8
121.7,149.4,118.6,159.9
123.3,148.4,118.5,159.0
121.2,148.8,118.5,159.0
121.4,148.8,118.3,159.3
120.5,148.9,118.6,160.8
122.0,149.2,117.9,160.2
123.3,149.3,117.8,159.5
123.9,148.6,118.7,160.4
123.5,148.5,117.7,160.2
121.2,148.3,119.1,161.1
121.6,148.5,117.7,160.5
119.8,148.8,118.2,161.0
119.0,148.1,119.5,161.2
119.9,147.7,120.7,162.2
123.4,148.6,119.2,162.1
123.0,149.9,118.0,161.3
117.5,148.6,118.9,162.1
123.4,147.9,119.5,162.4
126.7,145.9,120.0,162.0
122.3,146.4,119.8,161.5
135.2,146.6,120.2,161.3
136.4,148.2,121.1,162.4
143.3,147.7,122.0,162.1
141.1,150.3,121.1,162.2
136.8,149.9,121.2,162.3
117.0,149.3,120.1,160.5
115.9,148.3,120.2,160.7
116.3,148.8,118.4,159.1
116.7,147.9,118.3,159.1
117.0,146.3,119.2,161.1
117.4,146.3,119.9,162.0
117.4,146.8,119.4,160.7
115.3,147.8,119.3,161.4
116.5,146.5,120.8,160.0
116.4,149.6,121.1,161.9
116.4,149.9,120.6,161.6
115.5,149.7,120.4,160.2
114.9,148.9,120.5,160.7
113.9,149.1,120.5,160.3
115.4,149.5,120.4,160.1
115.0,149.7,120.1,160.7
114.5,148.3,121.0,160.8
113.7,148.3,119.8,160.6
114.8,148.9,119.4,160.6
115.3,148.4,119.9,160.3
114.0,146.6,121.2,161.7
114.7,147.9,120.1,161.4
114.2,149.4,119.7,161.4
116.0,149.0,119.0,160.3
116.2,148.7,118.8,160.9
116.6,148.7,118.4,161.4
118.4,149.7,117.8,160.7
119.8,148.7,118.3,160.5
119.1,149.2,118.6,159.2
119.8,148.0,118.5,159.7
120.3,146.5,119.2,158.8
120.7,147.5,118.9,159.0
120.2,149.4,116.9,159.0
120.2,149.1,117.2,160.0
121.5,149.1,116.4,158.6
120.0,149.7,116.1,159.1
119.8,149.4,116.5,158.5
119.4,148.9,116.3,159.4
120.1,149.6,116.2,160.2
120.7,149.9,115.9,159.1
122.8,149.6,116.5,159.7
120.0,150.1,115.9,159.6
124.5,150.1,116.5,161.2
127.0,147.5,117.7,160.9
127.8,148.1,116.8,160.9
127.4,147.7,117.4,160.7
141.5,148.6,117.3,160.1
150.1,148.7,117.2,160.7
152.8,150.8,116.3,159.8
167.4,150.4,117.3,159.8
176.1,151.9,116.7,160.3
119.2,152.5,116.8,159.6
121.7,150.2,118.9,160.4
111.8,151.9,117.3,160.0
115.4,150.2,119.2,162.5
118.1,149.2,119.4,163.1
117.2,152.8,116.2,162.6
119.6,147.5,119.2,162.3
120.6,153.1,117.0,164.8
120.5,153.4,117.8,164.2
118.4,155.4,116.8,162.5
119.4,153.0,116.6,163.0
117.9,154.7,116.6,162.0
116.5,152.5,117.2,162.7
114.2,152.4,116.5,163.0
111.2,151.8,116.1,161.9
113.1,151.0,116.9,163.5
112.3,151.3,116.8,163.6
114.1,150.0,116.9,164.3
113.1,149.2,117.0,164.1
112.2,148.4,117.3,163.5
111.7,151.9,114.6,162.2
110.2,150.7,115.1,160.7
115.4,145.8,117.5,161.4
116.5,147.2,118.1,162.4
117.7,150.9,117.4,162.0
117.8,152.1,117.2,162.9
110.9,150.1,118.5,163.6
112.9,149.8,118.4,161.7
119.6,152.4,117.1,161.3
111.7,152.6,115.7,159.6
113.9,153.3,115.6,160.3
115.2,154.0,114.2,160.0
114.1,155.2,114.8,162.2
115.8,155.4,115.3,162.3
118.1,154.4,116.0,161.9
118.4,156.4,117.3,163.4
120.1,155.4,116.8,163.6
118.3,154.7,114.4,162.0
117.0,153.0,114.8,161.6
114.7,154.6,113.3,160.2
114.3,154.4,113.2,160.3
114.3,154.0,114.6,162.1
111.9,154.7,113.5,162.8
112.4,153.0,114.3,162.6
112.8,152.4,114.2,161.7
113.2,151.5,114.7,161.4
112.6,152.2,114.4,161.7
112.1,150.3,115.0,161.7
113.3,151.5,114.2,161.3
113.6,148.4,116.0,161.9
113.4,147.8,116.7,162.4
115.0,146.4,117.6,162.0
113.2,147.4,117.4,161.5
112.1,149.2,116.4,160.8
111.9,148.8,116.5,160.4
120.9,149.4,117.0,161.1
118.2,149.7,117.3,162.2
115.3,151.2,116.4,160.7
112.9,150.1,117.1,161.4
113.6,150.9,116.8,161.9
111.9,150.3,116.2,160.5
110.0,152.8,114.9,158.9
110.9,153.5,114.2,159.2
115.9,149.7,115.9,158.6
106.7,150.1,114.3,157.2
112.0,147.5,115.5,157.2
112.5,151.2,114.7,157.1
115.4,151.4,114.4,157.7
118.0,152.1,114.7,159.0
118.5,152.1,115.9,159.5
118.7,153.2,115.0,158.9
118.5,152.4,115.2,159.4
116.6,153.4,113.9,158.9
117.0,155.2,112.8,159.4
118.1,153.7,113.3,159.4
117.7,151.6,115.8,159.6
118.6,151.5,115.4,160.4
119.4,150.5,115.6,161.4
119.4,150.4,115.6,160.8
118.5,149.8,117.5,162.1
119.7,149.9,117.3,162.0
119.5,149.5,116.9,160.5
118.9,150.9,116.3,160.5
118.3,151.0,115.6,159.5
117.3,151.9,115.0,160.1
118.2,152.6,114.9,160.3
117.3,149.6,117.3,160.8
118.2,149.7,117.4,160.5
117.6,149.3,117.1,160.1
115.7,150.9,115.4,159.7
115.5,148.9,117.0,160.4
117.3,148.7,117.2,160.1
117.0,149.8,116.2,159.6
116.7,150.4,115.7,160.3
116.7,149.5,116.8,159.6
117.9,148.9,117.0,159.6
116.8,149.5,118.0,160.5
116.8,149.2,117.5,159.6
118.2,149.3,117.9,160.7
116.8,149.2,117.9,161.8
117.0,149.6,117.7,161.3
118.0,151.2,115.6,161.7
117.8,150.1,116.7,161.6
119.9,150.8,115.5,159.8
119.3,150.2,117.0,161.5
119.9,150.2,118.4,161.7
122.1,151.0,116.8,159.9
117.0,150.3,117.4,160.7
118.7,150.4,117.0,159.7
114.3,150.1,116.7,159.1
116.1,149.1,115.8,160.5
116.9,149.2,116.4,161.6
115.3,149.8,116.3,162.1
115.9,147.9,116.1,160.1
117.6,148.2,117.9,162.2
117.8,150.8,117.9,162.4
114.5,151.6,117.4,161.6
111.6,150.6,118.9,160.6
112.8,149.6,118.6,159.9
113.3,150.3,117.9,159.1
112.7,150.5,117.8,158.4
112.6,150.1,118.5,158.9
112.7,150.2,118.1,159.8
112.5,148.7,118.2,158.5
112.3,150.3,118.3,159.5
113.2,148.8,117.7,159.0
112.2,150.2,116.0,158.8
113.0,148.8,117.6,160.0
112.9,148.2,118.2,159.7
112.3,148.7,117.6,159.1
112.4,147.3,118.1,158.6
114.2,150.3,115.5,158.3
115.2,148.2,117.7,158.4
117.2,147.1,118.8,159.7
108.3,147.8,118.0,160.1
113.4,149.5,115.1,158.8
113.6,148.4,115.7,158.1
113.5,148.6,116.8,160.6
116.1,147.5,116.4,160.3
117.0,147.2,117.4,160.5
115.3,150.5,116.4,159.7
115.1,149.8,117.3,160.9
111.7,149.6,116.6,159.3
114.9,150.6,116.4,161.0
113.1,150.1,116.3,160.3
114.1,148.7,117.8,159.8
113.0,150.2,116.5,161.2
115.1,149.3,116.4,159.5
114.6,148.8,116.9,159.2
114.0,148.1,116.8,159.8
116.4,146.4,119.2,159.7
118.2,146.2,119.3,159.2
117.4,148.8,116.6,159.9
119.9,147.6,118.4,160.1
117.7,148.3,117.7,159.7
114.8,148.0,118.1,159.8
110.9,148.5,116.3,160.3
111.6,149.0,117.4,161.3
112.8,150.1,116.5,161.1
113.4,148.7,117.6,161.5
113.2,148.3,118.0,162.0
112.4,148.6,117.8,161.2
113.5,149.8,116.9,159.6
113.3,150.0,117.1,159.9
116.5,150.5,117.5,160.6
115.5,150.7,116.5,158.5
115.4,150.4,117.4,160.0
114.3,149.0,119.7,160.6
115.0,148.2,119.1,159.9
116.0,149.1,119.0,160.1
114.7,149.5,118.8,160.9
116.7,149.4,119.0,160.2
116.8,151.5,116.5,160.5
115.6,149.0,119.1,159.6
116.9,148.8,118.8,160.2
117.6,147.9,119.4,160.1
118.5,146.9,119.4,159.1
112.9,147.5,119.8,159.3
108.0,149.7,116.9,158.3
115.2,150.5,116.0,158.1
116.6,150.9,116.0,158.5
118.2,150.8,116.2,159.5
117.3,149.1,116.4,158.7
117.5,148.9,117.2,158.4
116.6,149.2,117.5,158.9
116.4,149.0,117.0,158.5
115.9,149.6,116.2,157.5
116.2,147.6,119.6,158.7
116.1,148.0,118.6,157.9
116.2,147.2,119.3,157.6
116.4,147.8,119.4,157.7
117.0,148.8,117.3,158.2
117.0,149.0,118.8,158.4
116.1,149.3,116.3,157.7
116.2,150.6,116.4,158.4
116.5,150.7,116.2,157.4
116.2,151.1,116.1,157.8
116.2,151.2,115.6,157.5
115.5,149.5,118.7,158.5
114.9,149.6,119.1,159.6
114.9,149.8,119.1,159.4
114.4,149.6,119.3,158.9
115.4,149.7,118.8,158.8
114.3,148.8,119.3,159.7
114.5,148.9,119.7,158.9
114.2,148.5,119.6,159.5
113.7,149.0,119.4,159.1
114.9,149.9,119.1,160.1
114.9,149.1,118.7,158.1
115.8,149.8,118.9,159.3
114.8,149.5,118.8,158.5
115.8,150.1,118.3,158.6
115.8,149.7,119.2,159.6
116.3,149.2,120.2,160.6
116.0,148.9,119.6,159.9
116.3,149.5,118.9,159.9
116.4,149.2,119.1,159.3
115.8,150.9,116.0,158.1
115.7,148.7,118.9,158.6
115.1,149.6,118.6,158.2
116.5,149.5,118.6,157.7
115.4,149.5,118.2,158.3
115.3,149.0,118.7,159.0
116.1,149.9,118.2,158.5
115.8,149.4,118.5,158.7
115.7,149.1,119.4,158.3
112.1,149.3,118.9,158.0
114.2,148.3,119.3,159.0
117.0,148.4,119.1,158.7
118.4,148.7,119.1,159.0
119.2,148.6,118.0,158.6
120.0,147.1,118.2,158.5
119.8,148.0,117.2,158.3
120.0,149.8,117.8,158.1
121.2,149.2,119.5,159.0
120.2,149.3,119.8,158.9
120.3,150.1,117.3,158.7
119.8,147.9,120.3,160.0
120.0,148.5,119.9,159.8
118.9,149.6,117.1,158.5
119.9,148.7,119.6,158.4
119.5,148.6,119.4,159.3
120.9,147.1,120.4,158.6
120.9,148.5,119.2,157.5
121.5,148.8,119.1,158.4
121.2,147.6,120.0,158.8
122.0,148.1,119.5,158.7
121.3,147.8,120.1,159.7
122.1,149.8,118.9,158.9
121.4,148.5,119.7,159.7
121.3,149.5,118.6,159.5
121.4,149.5,118.5,158.7
121.4,148.1,119.0,158.6
121.6,150.1,118.8,159.0
121.2,149.6,118.8,158.4
121.9,150.0,118.7,159.0
121.7,149.3,119.1,159.1
121.8,150.1,118.8,159.8
121.0,148.5,118.9,158.9
123.2,147.7,118.8,159.0
123.7,147.4,118.7,157.8
124.3,148.1,118.4,158.2
124.5,147.2,118.5,158.1
124.5,147.8,118.4,159.1
123.2,146.4,119.7,159.0
123.4,149.4,117.2,158.3
118.2,149.3,116.4,158.9
116.9,148.7,118.2,160.7
117.5,148.9,117.8,160.9
120.8,148.5,117.0,161.4
119.0,148.2,118.5,160.4
114.0,147.6,117.9,158.7
116.2,147.4,117.9,159.0
118.0,148.1,118.3,158.6
115.2,147.4,117.0,158.1
119.5,148.6,116.5,157.6
134.4,150.9,116.4,158.0
131.1,150.9,118.0,157.4
138.8,151.8,117.7,157.3
130.5,150.6,118.4,157.6
127.7,150.8,118.6,158.4
126.5,151.5,117.4,158.8
128.4,149.7,118.2,158.2
116.4,149.7,118.4,158.8
115.8,149.8,118.0,158.7
109.0,149.7,118.0,158.0
116.7,148.6,118.1,159.2
117.1,151.4,116.3,159.0
117.3,151.3,116.5,159.8
116.5,150.1,118.2,159.6
118.1,150.2,117.9,159.9
119.8,151.0,117.4,159.2
121.9,152.7,116.8,160.0
117.6,148.1,118.8,160.5
118.7,148.6,118.1,160.2
122.4,148.7,118.2,160.4
124.1,148.8,117.8,160.9
122.9,149.5,117.4,160.5
121.7,150.3,114.6,160.0
117.3,152.1,114.0,159.5
116.6,151.1,113.8,159.4
114.5,148.9,114.7,160.1
118.3,148.4,115.5,159.6
117.7,147.3,115.5,158.3
111.5,148.5,115.1,160.1
116.8,147.3,115.8,158.4
121.2,146.4,116.5,157.2
123.8,148.0,115.7,158.1
125.5,149.3,115.1,158.8
134.0,150.9,115.6,160.3
142.0,150.1,116.8,159.8
140.1,150.0,117.3,160.0
119.2,152.2,114.9,159.5
114.4,151.8,114.1,159.0
114.3,153.2,114.1,159.7
117.6,149.5,115.5,159.5
117.9,152.2,113.9,159.7
117.6,151.7,114.5,160.7
118.1,149.3,116.8,163.2
118.5,150.9,116.2,163.1
118.2,151.8,115.7,163.2
119.2,152.6,115.8,164.7
119.8,152.1,115.5,164.3
119.5,150.5,115.9,163.0
118.4,150.0,116.1,163.1
116.9,150.3,115.7,163.1
117.3,150.1,115.1,162.8
114.5,148.8,114.9,161.7
114.3,150.3,114.8,162.6
113.6,150.5,114.6,161.7
112.2,149.5,114.2,160.8
113.1,150.2,114.4,161.0
111.5,150.8,113.9,160.6
111.6,149.9,114.9,160.2
104.9,149.6,115.7,160.3
105.7,149.3,115.4,159.6
102.8,149.8,115.5,159.2
108.7,151.9,113.8,159.6
107.1,151.2,114.7,159.6
105.8,153.4,114.5,159.6
105.0,150.1,116.0,159.7
104.1,152.3,114.6,160.0
103.8,151.3,115.1,159.7
103.3,150.1,114.8,159.0
103.7,151.4,113.9,159.4
102.3,150.7,113.9,158.3
102.7,150.1,114.3,158.3
105.8,150.5,113.9,158.2
108.2,149.9,114.1,158.4
103.0,149.4,113.4,156.5
109.1,152.5,111.7,156.4
114.0,150.7,111.6,156.0
116.2,151.4,111.3,156.8
115.7,151.9,111.8,156.3
117.1,153.5,111.2,156.8
114.1,153.0,111.3,158.7
115.6,151.6,112.6,158.9
115.6,152.1,111.8,158.8
115.4,151.7,112.1,158.9
114.4,151.6,111.7,158.4
113.0,151.6,112.2,157.7
114.3,149.8,112.7,157.6
115.2,149.6,113.1,158.8
114.7,148.3,113.3,158.6
116.5,148.9,112.5,158.1
116.4,150.0,112.6,157.7
116.2,150.0,112.5,158.7
116.0,150.8,112.1,159.1
113.9,150.7,112.5,159.2
114.6,150.0,113.0,160.6
116.5,149.7,112.9,159.7
115.7,150.1,112.4,158.5
117.3,149.5,113.2,158.8
116.3,149.1,113.9,159.8
117.0,150.2,113.7,160.0
116.3,149.6,113.5,159.9
113.3,147.3,115.1,160.3
113.9,147.0,113.6,158.5
111.2,149.0,113.4,158.9
108.8,148.2,113.5,158.7
111.0,148.0,113.9,158.9
108.3,149.2,112.9,158.9
108.4,150.4,112.4,158.2
109.0,149.6,113.3,158.2
107.1,149.2,113.4,157.6
106.9,150.9,111.9,157.5
107.4,153.0,111.1,158.7
107.0,150.6,113.0,159.7
106.2,151.2,112.5,160.2
105.7,150.6,111.7,158.4
105.9,149.0,111.9,158.0
105.5,147.4,113.3,158.2
111.4,149.0,110.9,157.4
104.3,147.6,111.6,158.1
110.4,146.9,111.7,157.4
111.7,144.7,112.8,156.2
113.3,146.0,112.3,156.8
111.7,146.9,111.8,157.2
112.2,149.5,112.0,158.4
111.6,149.3,111.7,157.1
109.4,149.5,111.9,157.1
109.5,149.3,111.2,157.2
108.9,148.5,111.8,157.3
110.4,149.0,111.8,158.5
108.1,149.4,110.6,157.3
108.0,148.8,111.9,157.6
108.7,150.0,110.8,156.7
108.0,149.0,111.3,156.8
108.9,150.2,110.9,157.3
109.1,149.4,111.1,156.8
108.9,149.9,110.9,157.0
108.0,150.0,111.2,157.1
108.3,148.7,111.7,157.4
108.6,150.0,110.9,156.8
108.1,149.0,111.8,157.1
108.8,149.8,111.7,157.6
109.6,148.3,112.4,157.4
110.2,149.2,111.4,156.6
111.6,148.7,111.8,156.9
113.8,150.8,110.9,157.4
114.8,149.7,111.3,156.7
116.0,148.0,112.2,157.3
117.7,148.4,111.5,156.4
115.9,147.9,111.4,156.8
117.0,148.0,111.4,156.5
116.3,147.3,112.0,157.1
115.3,148.8,110.8,156.6
116.2,148.6,111.1,157.6
115.1,148.2,111.7,157.2
115.3,148.6,110.4,156.1
114.8,150.0,110.3,156.9
116.6,148.7,110.7,156.5
116.0,149.3,111.0,157.4
115.7,148.5,111.4,157.7
117.3,148.9,111.1,157.1
117.2,148.5,111.1,157.0
116.7,148.4,110.8,156.8
116.6,148.7,111.4,157.8
115.2,147.8,111.5,156.6
116.0,148.4,111.5,157.2
115.1,147.4,111.8,157.2
116.3,147.0,112.3,156.8
112.8,147.0,111.7,155.9
116.9,147.2,111.8,156.7
114.6,148.6,111.5,157.0
112.5,149.4,111.4,156.7
111.6,148.5,111.7,156.8
108.9,149.6,111.4,157.3
103.8,150.2,111.8,157.7
109.0,148.5,112.6,157.7
105.7,150.5,112.7,157.7
106.3,149.6,113.6,157.2
106.6,150.4,113.1,156.0
108.2,149.0,113.5,157.0
110.8,150.7,113.1,159.2
112.4,150.6,112.6,157.3
117.0,149.6,112.1,158.3
109.7,149.0,111.7,157.4
107.7,147.0,112.0,157.6
112.2,146.3,111.3,155.2
113.7,144.5,111.5,156.0
115.1,143.0,112.2,156.4
112.5,146.2,111.3,157.6
112.0,145.7,111.7,157.1
113.2,147.2,112.7,157.6
112.3,150.1,111.4,156.3
109.6,150.2,112.5,158.5
109.9,149.3,112.8,158.9
109.7,149.5,112.1,157.7
110.0,149.2,111.6,157.1
110.5,149.0,113.0,157.3
111.1,148.6,113.5,157.7
111.0,150.3,110.8,155.9
110.1,150.8,111.2,157.7
110.0,147.5,113.1,158.1
110.2,149.4,112.3,158.6
109.6,149.1,112.0,157.8
108.2,148.8,112.2,157.7
109.4,148.5,113.7,158.6
109.1,149.1,112.9,158.7
110.2,148.5,113.6,158.6
110.1,148.9,112.6,159.3
109.4,148.3,113.0,158.4
108.9,146.5,114.8,158.4
109.4,147.3,114.3,158.1
109.9,147.6,113.9,157.7
110.4,149.3,112.4,157.6
110.3,148.9,112.7,157.8
109.5,149.1,113.2,157.7
110.0,149.7,112.9,158.2
108.4,149.6,112.6,158.1
108.2,151.5,112.4,159.3
109.5,149.8,111.8,158.2
110.0,151.0,111.9,158.5
109.9,149.9,112.6,157.8
108.2,149.2,112.6,158.0
110.6,149.7,112.2,157.9
110.9,150.0,112.1,157.9
111.0,149.0,112.0,157.7
108.8,148.8,112.7,158.6
109.7,149.7,112.3,158.3
112.0,148.8,113.0,158.9
111.8,149.8,111.9,158.2
104.5,149.2,111.7,158.3
111.2,147.8,113.7,159.1
117.3,148.5,111.8,158.5
118.5,145.4,114.5,158.4
118.3,145.3,114.8,158.6
117.2,149.1,112.4,157.7
116.2,149.7,112.0,157.9
117.6,149.6,111.6,158.0
117.0,151.1,111.8,158.4
115.8,150.0,111.8,156.6
115.2,151.2,110.9,156.6
115.9,150.0,112.0,156.4
116.2,150.0,111.5,156.4
115.3,149.1,111.9,156.7
117.0,149.7,112.1,156.8
118.0,149.2,112.1,156.5
120.1,150.0,111.9,156.7
118.5,150.3,111.4,156.9
120.8,150.0,111.8,156.8
121.3,149.3,111.9,157.0
120.8,149.7,111.9,157.4
121.0,148.9,112.6,156.7
119.2,149.8,112.4,157.2
118.4,150.4,112.2,156.8
116.7,150.8,112.0,156.5
115.4,150.0,112.0,157.1
114.9,149.5,112.2,157.5
118.5,148.9,113.1,157.9
118.1,148.5,113.4,158.2
112.3,149.2,112.6,157.0
115.1,150.6,112.7,158.1
115.2,148.8,113.2,156.5
111.9,150.2,112.8,157.7
123.3,149.0,113.3,157.2
101.7,150.7,113.6,157.2
131.5,150.7,114.4,158.5
106.7,150.7,113.6,158.2
121.2,150.1,114.1,159.0
113.5,149.8,114.5,158.5
113.8,151.5,112.1,158.2
108.4,150.4,113.1,157.0
114.4,149.4,113.8,157.0
114.2,149.7,113.5,156.9
114.6,147.8,113.9,156.1
114.7,149.7,112.6,155.7
115.3,151.9,112.3,157.4
113.2,150.6,113.1,155.8
111.9,150.2,113.8,156.7
112.4,151.6,113.3,156.7
111.6,151.1,113.3,157.1
111.3,151.7,112.7,156.5
109.5,150.1,113.8,156.7
109.9,149.0,115.6,157.1
110.6,151.1,113.0,156.9
110.9,151.9,113.2,157.8
111.3,150.4,114.2,158.1
114.0,150.1,113.6,158.0
115.2,149.7,115.5,158.2
115.6,150.2,113.3,157.0
119.1,150.6,113.4,157.7
118.7,150.0,114.9,156.8
120.2,148.9,115.7,157.6
123.3,148.7,115.3,157.2
122.1,148.8,113.3,156.7
117.7,150.2,112.5,157.1
114.7,149.1,112.9,157.0
112.2,149.3,112.2,157.7
107.5,148.5,112.1,156.3
109.6,142.4,115.5,156.8
112.7,149.5,111.1,157.2
113.9,148.0,111.3,157.6
116.3,149.2,112.0,157.5
119.7,149.1,113.0,158.8
122.6,148.7,115.1,159.7
125.6,147.5,115.3,160.7
117.8,147.8,113.9,159.1
110.4,147.7,114.9,160.7
119.9,148.5,114.4,159.1
92.3,148.8,113.7,158.2
95.2,149.2,113.1,158.7
132.7,149.5,113.6,157.8
102.0,147.7,114.4,157.7
110.4,148.9,114.0,157.0
108.1,150.2,113.5,157.6
109.7,151.1,113.0,157.3
111.0,149.9,112.9,158.3
114.3,150.0,112.2,158.5
113.8,151.5,112.0,159.7
116.1,150.2,112.7,161.6
117.1,151.4,112.1,161.6
115.4,153.3,111.5,162.0
117.1,150.4,112.4,160.4
117.6,151.4,112.5,160.8
118.9,151.1,112.4,160.5
119.8,151.1,112.9,160.3
118.7,150.4,112.5,161.8
117.3,149.8,112.8,162.1
117.1,147.7,113.6,162.3
116.2,146.7,113.9,161.7
116.8,146.5,113.2,161.9
115.2,146.9,112.9,161.6
117.3,145.1,112.8,160.6
117.4,147.6,111.0,159.4
121.2,148.2,110.9,159.6
138.8,147.6,110.8,158.8
141.3,148.3,112.3,158.6
142.0,149.0,112.3,159.5
108.5,149.8,112.1,159.5
110.0,148.5,112.7,160.3
108.7,148.2,112.1,159.7
110.0,148.0,112.4,159.8
112.0,146.3,112.1,159.3
114.0,146.6,112.4,160.2
114.6,149.3,112.4,162.1
116.6,149.7,112.7,162.5
116.4,151.6,112.4,161.7
115.3,151.0,112.4,162.6
113.7,150.1,111.7,162.4
117.0,150.5,112.0,163.4
117.5,149.9,112.4,163.9
118.2,150.6,111.5,163.9
117.9,151.4,111.2,163.3
115.6,150.1,111.3,162.8
115.6,150.1,110.7,162.6
114.2,150.3,110.3,161.6
115.7,150.7,111.3,163.0
114.7,151.6,111.3,163.2
114.2,150.3,112.7,164.0
111.1,147.9,112.7,162.2
109.4,146.4,112.7,161.1
108.6,146.8,112.2,161.6
107.3,146.5,111.4,160.1
105.8,147.7,111.5,159.9
106.0,148.4,110.6,159.0
115.8,145.5,111.8,159.0
112.9,145.8,111.8,159.6
111.8,147.5,111.4,159.7
104.7,146.9,110.9,158.9
105.6,148.0,110.6,158.5
106.3,144.7,110.4,156.8
105.8,149.1,107.1,156.9
110.1,145.6,107.5,155.1
111.6,138.8,110.2,157.0
110.3,139.5,108.9,158.3
110.4,143.5,106.0,157.2
111.1,145.8,104.4,157.2
111.1,149.1,102.8,157.3
109.4,149.8,104.2,158.2
111.1,148.5,104.1,158.1
112.3,149.8,104.3,158.5
110.7,147.6,104.6,157.8
112.4,146.3,105.4,157.7
113.7,145.9,105.4,159.3
112.8,144.1,106.6,160.2
113.7,145.3,105.2,159.0
113.7,146.7,105.0,159.3
113.6,146.2,105.0,159.1
113.7,147.1,104.4,159.3
114.3,146.0,104.5,158.2
114.5,146.0,104.9,158.2
113.8,145.8,104.8,158.2
112.3,145.1,104.9,157.9
114.0,145.7,104.3,158.6
115.5,144.8,104.5,159.2
115.6,142.9,104.3,158.5
115.3,144.2,106.0,162.0
112.9,143.8,104.9,161.0
109.1,142.6,105.5,159.8
106.9,144.2,104.8,158.6
115.2,141.1,105.6,158.4
116.3,144.6,104.0,159.8
119.7,143.1,106.0,159.7
127.3,143.4,105.2,158.8
123.8,143.6,105.4,159.0
103.7,144.5,104.1,158.9
107.7,141.8,104.7,158.4
110.5,141.2,102.9,156.0
105.7,141.1,101.5,157.3
111.2,143.3,99.6,157.4
110.8,142.3,99.6,157.4
110.3,140.8,100.6,157.6
111.0,144.1,100.8,158.6
110.6,146.7,101.4,158.4
108.5,147.2,102.3,159.5
108.8,146.9,102.9,159.1
108.9,145.0,103.2,158.2
109.0,144.6,103.0,158.8
109.2,144.8,103.0,158.3
108.8,143.4,103.5,159.2
108.8,142.9,103.0,159.6
108.2,142.1,103.6,159.4
107.0,145.8,101.9,159.7
106.7,145.2,102.5,159.3
107.0,144.9,101.9,159.2
106.2,145.0,102.2,159.8
108.0,145.2,101.6,159.1
108.5,143.8,103.2,159.0
107.0,145.5,101.9,159.5
107.7,143.1,103.2,159.3
107.5,145.1,103.0,159.2
107.0,145.4,103.4,159.1
105.6,145.6,103.5,159.2
106.2,146.0,102.8,159.0
106.2,145.3,102.9,159.1
107.7,145.8,103.2,159.6
107.8,145.1,103.2,158.7
106.3,144.1,103.7,158.8
108.8,145.1,102.7,159.0
110.4,144.2,101.5,157.5
108.3,144.1,100.2,156.7
115.1,139.5,101.1,156.3
115.1,142.2,99.6,156.6
115.9,143.2,99.3,157.1
116.3,142.4,101.3,159.3
116.4,144.2,99.9,156.5
116.6,146.8,102.2,158.5
115.6,146.7,102.6,159.3
114.8,147.6,102.2,158.9
115.5,146.6,102.0,158.1
115.8,146.4,101.5,158.6
114.1,146.5,101.2,158.7
113.0,146.4,100.7,159.0
114.2,146.0,100.0,159.1
115.1,145.2,100.4,159.4
113.9,145.8,100.4,159.2
114.8,146.4,99.8,158.8
115.6,146.3,100.4,158.6
116.5,145.2,100.9,158.5
117.5,145.2,101.6,158.4
116.6,147.0,100.7,159.1
117.3,147.8,100.4,159.1
118.1,149.2,100.8,159.2
117.5,146.9,102.1,159.1
116.9,147.9,101.8,159.1
118.0,147.4,101.5,158.7
116.5,147.1,102.2,159.3
116.5,145.3,102.4,159.4
116.2,145.4,102.4,159.3
114.7,145.6,103.4,160.0
114.0,147.2,102.8,159.8
111.4,146.1,103.7,159.4
106.5,143.6,105.1,159.2
107.1,140.8,106.3,159.2
106.7,141.8,106.2,158.6
108.9,143.9,105.5,159.4
103.3,143.6,105.6,158.3
117.9,143.4,106.0,158.4
121.7,145.3,105.4,157.3
120.4,145.6,104.1,157.1
107.0,143.8,105.1,156.9
108.9,142.9,105.6,157.3
110.1,144.4,103.5,156.7
105.9,143.3,103.0,157.5
109.0,142.6,103.0,157.8
109.4,142.7,103.8,158.9
110.7,143.0,104.0,160.0
110.9,143.4,104.3,159.7
111.2,143.1,105.4,159.6
110.5,143.2,105.9,158.9
110.5,146.1,104.2,158.1
111.7,145.1,104.1,157.9
110.7,145.4,104.6,159.0
109.6,144.7,105.8,158.4
108.0,144.1,105.9,158.9
108.4,144.0,105.9,159.0
107.9,143.8,105.6,158.8
107.8,144.6,104.9,158.0
109.5,142.5,106.3,158.5
109.0,142.7,105.0,158.4
109.3,143.0,105.1,158.2
109.8,143.0,105.1,158.9
109.1,143.6,104.1,158.6
108.5,143.1,104.5,158.7
109.5,144.0,104.8,158.6
109.7,143.9,104.6,159.3
110.2,143.9,105.2,157.6
109.5,144.7,104.6,158.5
110.0,143.6,105.1,157.9
110.0,145.1,104.7,158.1
110.1,143.8,104.9,157.7
108.5,144.8,104.3,157.3
109.0,144.3,105.1,157.8
110.0,145.5,104.3,157.9
110.8,144.6,104.8,158.3
110.2,145.7,104.9,158.0
109.1,146.4,104.9,158.4
108.1,144.6,105.6,158.5
109.7,144.8,105.5,158.6
110.4,144.8,104.8,158.8
109.9,142.6,105.6,157.8
109.2,145.0,104.4,157.9
109.5,143.8,105.3,158.1
110.7,144.4,105.3,158.2
111.1,141.8,108.0,158.2
110.6,144.6,104.1,157.7
110.2,144.2,105.5,158.4
109.3,144.3,105.0,158.1
110.3,144.0,105.1,157.8
109.8,143.9,105.2,157.9
109.5,143.0,105.2,158.1
109.4,142.9,104.6,158.5
109.6,142.7,104.3,158.5
111.7,140.4,106.4,158.5
112.8,143.8,103.6,158.2
114.8,142.4,103.6,157.0
114.5,141.4,104.4,157.7
115.3,144.1,103.8,158.2
114.0,144.1,103.8,158.8
114.3,144.3,104.2,158.4
113.8,145.3,103.9,157.7
114.0,143.8,104.8,158.1
112.7,145.5,104.0,157.6
113.2,144.1,105.8,157.8
113.7,145.5,104.8,158.2
114.1,146.8,104.7,158.8
114.1,146.5,104.5,158.1
113.6,146.0,104.5,157.9
115.3,144.3,105.6,158.6
115.6,144.6,104.9,157.7
115.4,143.6,104.5,157.9
114.3,144.1,104.4,158.1
115.6,144.2,104.3,158.9
115.9,143.8,104.4,159.4
114.4,144.2,104.2,159.3
116.9,141.7,106.1,158.8
116.5,145.0,103.2,158.7
116.8,144.0,103.6,158.6
118.1,144.2,104.2,158.6
120.4,144.9,104.1,158.2
121.5,145.6,104.2,158.9
122.6,146.3,103.7,158.5
122.8,144.9,104.3,159.0
123.4,145.3,103.7,158.1
124.2,145.0,104.2,158.4
123.2,145.3,104.4,159.0
121.3,143.9,105.1,158.6
117.5,144.1,105.6,158.8
116.8,143.4,105.5,158.3
114.5,142.9,105.3,158.2
116.4,140.5,106.8,158.2
115.3,139.6,106.5,157.5
116.5,140.2,106.7,157.6
102.1,142.8,105.8,157.2
117.6,141.6,106.2,156.6
134.1,142.1,106.5,156.8
113.0,145.9,106.0,157.3
114.3,146.5,105.7,156.8
116.9,146.7,105.5,156.8
108.3,145.3,105.7,157.1
112.1,144.0,106.1,157.5
115.8,140.5,108.7,158.1
115.2,142.1,106.6,157.7
113.8,143.4,106.0,157.7
114.6,141.5,109.0,158.4
116.5,144.1,107.5,159.8
115.2,145.3,107.2,159.3
114.7,146.6,107.3,159.3
113.7,146.5,106.7,157.4
112.5,146.2,106.8,157.2
113.5,147.2,105.9,157.2
113.3,146.0,105.7,156.8
114.3,147.3,105.3,157.1
114.5,147.0,105.7,158.0
114.9,146.5,105.7,157.5
113.9,147.0,105.4,157.8
114.5,146.8,104.5,158.2
113.6,145.0,106.1,158.3
115.0,145.9,105.5,158.1
114.7,146.3,105.3,158.2
114.6,146.2,105.9,158.8
113.2,146.8,105.0,159.2
113.3,147.2,104.8,158.8
114.6,145.6,105.2,157.9
115.5,145.9,105.7,158.8
115.8,145.3,105.8,159.4
119.4,144.9,106.1,159.9
119.9,145.7,105.2,159.8
120.8,145.5,105.6,159.8
121.1,145.9,104.6,159.3
122.0,145.4,105.0,159.4
122.1,146.5,104.8,159.0
121.1,146.3,104.6,158.9
122.0,147.2,104.9,159.2
123.5,145.5,105.6,159.3
124.5,143.1,106.8,160.1
124.8,144.8,105.6,159.9
126.4,144.5,106.4,159.7
130.5,144.1,106.3,159.2
139.3,141.9,106.1,158.2
145.3,145.7,104.9,157.9
98.8,145.5,106.0,158.8
105.4,147.0,106.0,158.9
114.9,148.3,105.2,157.7
116.0,148.8,105.4,158.0
113.0,148.5,105.7,157.6
110.7,149.5,105.5,157.9
115.2,149.6,104.5,159.8
115.1,148.5,105.3,160.5
116.6,148.9,106.1,160.7
118.3,149.4,105.7,160.6
117.8,152.0,104.8,160.6
119.1,151.8,105.4,160.4
118.1,151.8,105.8,162.7
117.2,152.1,105.2,162.1
115.7,153.1,105.4,162.7
113.2,151.6,106.3,162.9
115.4,151.8,106.1,163.2
115.6,151.2,106.5,163.7
116.8,151.6,106.5,163.9
116.7,150.4,107.2,163.4
114.5,149.9,107.6,163.6
112.4,147.9,107.1,161.3
113.5,147.7,106.7,159.9
118.4,147.0,106.6,160.2
115.9,147.3,107.0,160.5
118.3,148.2,106.4,160.0
120.5,148.2,107.8,161.1
120.0,150.4,106.6,161.5
124.6,149.1,107.8,162.1
112.3,150.1,106.7,162.0
116.1,150.7,106.7,162.8
115.8,149.5,106.2,161.9
121.3,148.5,105.8,161.1
108.0,146.7,105.4,160.6
112.0,149.2,104.4,159.5
114.1,148.1,104.5,160.9
114.5,149.0,104.2,162.1
115.0,148.4,105.0,162.0
118.0,149.6,105.4,163.1
116.2,149.5,105.2,163.5
115.0,150.1,104.3,164.3
116.5,149.7,105.0,164.3
114.4,148.1,104.9,164.4
112.5,147.4,104.5,162.9
112.3,147.9,104.4,163.1
111.3,145.8,104.7,163.1
110.2,143.8,105.0,162.9
108.5,144.1,105.1,162.5
111.5,145.5,105.2,163.0
105.7,144.5,105.6,162.8
103.0,144.3,106.0,162.9
102.7,144.2,105.8,162.7
103.5,145.0,105.0,162.3
105.0,145.2,105.6,161.9
104.1,145.7,106.5,161.7
102.2,146.0,105.5,161.1
102.1,145.3,106.1,161.7
104.7,144.9,106.1,162.0
105.7,145.2,105.3,161.2
112.4,145.4,102.7,160.4
107.2,144.9,101.6,159.3
106.1,144.5,100.8,159.6
111.1,145.9,97.6,158.6
112.7,148.0,96.6,158.6
113.1,147.6,97.7,160.1
112.3,152.2,97.1,159.9
111.9,147.1,99.5,159.1
112.5,147.9,100.1,161.1
113.7,147.5,101.5,160.1
109.5,149.0,102.6,160.9
110.4,147.8,103.7,161.5
111.9,147.1,104.1,161.7
113.2,147.1,103.3,161.5
114.5,145.8,103.7,162.0
114.8,146.5,102.9,162.8
114.9,148.0,102.1,163.2
113.0,145.2,103.8,163.6
112.3,144.6,104.0,163.3
111.8,145.8,103.4,163.4
113.0,145.3,103.6,164.0
113.7,145.2,104.4,163.8
114.4,145.9,103.9,164.5
111.8,145.4,103.8,163.5
109.4,145.4,104.3,164.9
110.6,144.5,105.2,164.7
108.4,145.6,104.8,164.3
106.9,144.6,103.9,162.3
107.6,144.8,104.0,162.6
105.6,143.7,104.3,161.2
112.1,144.4,105.2,162.8
111.6,145.8,106.0,163.7
112.8,147.7,103.7,162.1
111.0,147.9,103.2,162.7
110.8,146.4,104.2,163.1
112.7,143.4,105.1,163.5
114.5,142.7,103.8,162.2
105.9,144.0,100.0,158.8
111.2,147.6,97.1,159.3
113.5,143.7,98.5,159.4
113.3,144.1,99.6,161.0
111.8,144.4,100.1,161.1
112.7,149.0,99.2,159.6
110.0,150.3,99.7,160.9
110.2,147.5,101.7,161.1
110.6,146.7,101.6,160.3
110.3,147.0,102.6,161.0
109.8,146.3,102.5,160.5
108.9,145.9,103.4,162.0
108.3,145.0,102.5,160.0
109.4,145.2,102.4,160.9
108.2,145.4,101.9,160.3
108.9,145.4,101.6,159.1
108.3,145.5,102.5,160.0
108.4,144.7,101.8,160.1
111.8,146.3,102.0,160.1
110.7,144.8,101.5,160.0
111.8,144.1,102.5,159.8
112.0,143.9,102.1,160.5
113.5,145.2,101.7,160.2
113.2,144.1,102.5,160.5
114.1,145.7,101.1,159.7
112.6,144.2,102.5,160.3
112.1,144.7,102.4,160.1
113.9,148.6,100.9,160.4
111.9,146.4,102.2,160.5
111.3,148.9,101.8,160.1
110.3,143.0,104.4,159.7
107.2,147.0,103.3,160.4
104.5,145.9,103.5,159.9
107.0,149.3,102.7,159.8
106.6,148.8,103.7,161.4
107.0,147.8,103.6,160.6
107.2,147.3,104.5,160.4
106.7,147.5,103.8,161.2
107.5,147.0,103.3,161.3
111.3,147.7,101.8,160.8
108.1,148.5,99.2,159.1
110.9,144.8,99.4,159.8
111.4,143.8,97.2,157.5
112.4,144.0,96.9,159.5
112.1,144.4,97.7,160.1
111.9,142.8,100.4,159.9
109.4,148.9,98.0,158.9
109.6,150.1,99.8,160.1
107.9,152.6,100.1,159.1
108.4,150.8,102.1,160.3
107.0,149.2,102.5,160.2
107.1,150.3,102.4,160.5
107.1,148.7,102.4,160.3
106.5,143.4,104.3,160.1
107.1,145.3,104.0,160.0
107.6,146.5,101.9,159.1
108.5,149.4,101.8,159.1
106.4,149.5,101.3,159.0
108.0,150.1,100.6,158.9
107.4,150.4,101.1,159.5
108.3,149.6,100.5,159.4
108.1,149.1,101.5,160.3
107.7,150.4,99.9,159.8
106.6,149.7,101.4,159.9
106.7,149.2,101.2,159.2
107.7,147.6,100.8,158.9
107.6,149.6,101.0,159.9
106.5,150.1,100.7,159.4
107.5,146.6,101.8,160.0
108.1,150.1,100.8,159.3
108.8,148.7,101.0,159.4
109.7,148.0,100.6,159.0
110.1,147.5,100.9,159.0
110.0,146.7,101.1,159.2
108.9,147.4,101.2,159.1
111.3,149.8,100.7,159.4
96.7,151.0,100.4,159.4
106.0,149.5,101.2,159.1
115.3,147.7,102.3,158.9
116.8,147.0,103.1,159.1
115.2,147.4,103.4,158.6
116.0,146.6,105.1,159.8
108.5,147.3,105.3,159.5
109.1,147.8,104.1,160.0
108.8,147.4,103.3,159.7
107.2,147.8,101.8,159.0
112.2,144.9,102.2,159.5
112.8,144.0,101.5,159.4
113.0,143.2,101.7,159.5
112.4,144.2,102.0,159.8
110.4,147.1,101.0,159.9
108.6,148.9,101.2,158.5
107.8,149.2,101.9,158.3
106.8,150.1,102.9,158.6
106.9,149.4,102.5,158.7
106.4,149.4,102.6,159.4
104.7,149.5,102.0,158.8
106.6,148.3,102.4,159.1
106.9,149.2,102.0,159.5
105.8,148.3,102.4,158.9
107.2,146.4,102.7,159.0
105.7,147.3,102.1,158.2
106.0,146.9,101.6,157.7
106.8,145.6,101.5,158.0
107.6,146.5,101.9,158.2
107.5,147.6,103.0,159.7
107.7,145.5,104.6,159.1
107.7,146.7,103.9,158.6
108.5,147.4,104.5,159.5
107.5,148.7,103.6,159.1
107.8,146.2,103.8,159.4
108.9,147.9,102.9,159.1
107.9,145.9,104.1,158.6
107.8,145.4,104.0,159.3
106.6,147.3,103.6,158.5
109.6,146.8,103.8,159.8
108.5,148.6,103.2,159.8
107.4,146.1,105.0,160.8
107.1,146.8,104.0,160.2
108.5,146.0,103.9,159.6
107.5,144.7,104.9,159.6
108.0,145.6,103.6,159.1
108.9,145.9,103.1,159.0
107.2,144.3,104.3,160.2
106.8,146.0,103.5,158.9
107.4,145.3,103.7,159.0
107.8,146.0,103.6,158.8
108.8,147.0,102.9,159.1
108.2,146.0,103.3,159.9
108.4,146.0,104.1,159.8
107.6,145.3,104.1,158.8
107.3,147.1,103.0,159.0
106.9,145.1,104.2,159.5
106.3,147.7,102.8,159.2
106.5,146.9,103.3,159.1
107.2,147.4,103.6,159.5
105.6,147.8,103.2,159.8
106.5,145.8,104.4,159.4
107.3,146.9,104.6,158.9
106.5,146.2,104.3,159.2
107.1,146.7,104.3,159.2
106.1,146.1,105.1,159.0
107.9,146.4,104.5,159.5
108.0,146.9,103.4,159.4
106.8,147.1,103.3,159.5
107.4,145.4,104.2,159.3
108.5,148.5,102.9,159.6
108.9,144.7,105.6,159.8
109.1,147.0,104.5,160.1
111.2,147.0,104.1,159.0
110.5,148.0,103.3,160.0
113.6,145.7,104.1,158.8
114.0,144.7,104.6,159.5
112.6,144.0,104.3,159.2
112.1,144.7,103.4,159.0
114.0,145.8,103.4,160.1
111.4,145.6,103.4,160.1
112.1,145.8,103.4,159.4
113.0,147.7,102.4,158.7
116.6,146.7,103.0,158.9
115.8,148.0,102.4,158.3
117.2,147.2,102.7,158.7
120.0,148.3,101.8,158.3
121.4,147.2,103.3,159.2
118.2,147.0,103.5,159.4
117.6,145.6,104.7,159.5
114.3,146.1,105.1,159.7
114.1,145.2,104.7,158.9
114.4,144.2,105.8,159.7
113.9,143.7,105.1,159.9
112.4,142.8,105.8,159.5
111.6,142.2,104.7,158.5
119.0,138.7,105.0,158.7
122.9,140.0,104.7,159.3
125.2,140.1,106.5,158.4
98.2,142.9,104.9,158.2
103.5,142.7,104.9,157.5
107.9,143.5,105.6,158.2
109.4,143.6,105.2,157.9
112.3,146.2,104.0,158.1
106.1,145.7,103.3,158.5
111.2,146.0,102.4,159.1
113.2,144.5,102.5,159.5
112.2,143.6,103.3,159.2
113.7,146.2,102.3,159.1
113.9,145.4,103.8,158.9
111.3,145.2,104.9,158.7
110.9,144.9,105.6,159.0
111.5,145.0,104.7,159.3
111.8,146.2,104.3,158.4
112.2,144.8,104.4,159.4
112.3,144.8,103.6,158.8
111.4,144.7,104.3,160.0
111.7,145.8,103.2,159.3
113.2,145.3,104.3,159.2
113.9,146.8,103.9,160.4
117.5,146.5,104.4,160.2
121.6,145.6,104.4,160.1
122.2,145.2,104.8,160.5
122.0,145.1,104.8,159.2
129.2,144.7,105.4,159.7
134.0,144.2,105.0,159.1
143.4,144.5,105.3,160.0
162.2,145.7,105.5,160.5
100.5,144.2,107.3,160.0
109.4,147.2,106.4,159.8
111.2,145.6,106.4,157.5
112.8,146.7,105.5,158.0
112.9,145.1,106.6,158.9
112.2,146.9,105.5,159.3
114.9,146.6,104.3,158.9
115.6,146.4,104.9,161.2
118.1,146.1,105.6,161.1
116.8,147.2,105.6,162.2
118.4,148.5,106.5,162.9
117.4,148.7,106.4,163.7
115.3,148.0,106.6,164.1
112.2,150.1,105.9,163.7
111.6,147.9,106.6,164.2
110.4,147.5,105.6,161.5
111.1,146.2,105.9,161.9
112.2,145.0,107.0,162.2
115.5,145.1,106.6,162.5
108.7,144.9,107.2,163.2
108.5,143.3,107.6,163.1
109.3,141.7,108.1,161.7
106.4,142.3,107.1,160.7
109.0,142.6,107.1,160.5
102.1,142.9,107.7,159.6
101.3,143.6,107.6,158.8
107.0,145.8,108.5,161.4
110.4,148.0,108.0,162.5
112.1,146.6,108.3,163.2
118.9,149.0,107.5,163.4
113.3,148.6,105.8,161.6
112.5,145.2,106.0,161.4
113.0,145.3,105.5,162.3
117.6,146.3,106.3,163.5
117.4,149.2,106.1,164.8
114.0,149.0,106.0,164.7
111.2,148.7,105.6,164.1
110.2,147.4,106.4,164.6
109.1,141.4,107.1,163.8
108.5,141.5,106.1,163.6
107.1,143.8,105.3,164.1
106.9,141.5,105.6,164.2
107.1,141.2,105.7,163.7
106.9,141.6,106.2,163.9
105.9,141.2,107.2,164.7
107.7,140.3,107.1,165.0
106.9,140.3,108.0,165.2
105.9,140.6,108.1,164.9
106.3,139.2,108.9,165.2
101.6,139.2,108.2,164.1
99.9,139.7,108.5,163.8
99.9,141.7,107.8,163.1
101.1,142.6,108.7,162.2
101.3,142.3,108.4,161.1
101.7,142.7,107.8,160.4
101.0,143.2,107.1,160.7
99.3,145.3,105.1,160.4
103.0,143.8,105.6,159.9
114.8,143.5,103.2,159.2
104.6,141.3,102.1,157.3
111.3,141.4,99.7,158.6
114.4,145.4,98.4,157.7
112.4,143.5,97.8,159.5
112.8,146.0,99.2,160.2
114.8,147.0,100.9,159.7
115.0,144.9,103.3,160.8
114.3,146.5,102.0,161.0
111.9,147.8,100.8,159.3
111.5,147.9,100.9,160.2
110.1,147.2,100.2,158.9
108.2,144.5,102.3,160.2
108.2,142.1,104.0,160.2
108.6,140.3,105.2,162.2
112.8,140.0,105.4,161.6
112.9,140.9,105.9,163.1
109.0,140.5,106.3,163.5
104.3,140.7,105.3,163.4
103.4,143.7,103.4,161.1
102.9,143.1,104.0,161.7
104.6,141.5,105.1,160.5
104.4,141.5,106.0,161.5
103.4,140.5,107.5,163.4
105.3,141.2,105.7,162.7
110.7,141.1,102.7,160.0
110.1,141.2,101.2,159.1
112.5,142.3,98.8,159.3
111.9,141.8,98.2,161.3
112.3,140.2,99.8,162.5
110.7,143.0,98.8,160.7
110.4,143.2,100.6,161.8
113.7,141.4,100.5,159.7
109.8,144.2,102.3,160.0
112.4,145.0,102.2,161.6
110.7,146.9,102.5,163.0
109.1,147.2,103.8,162.9
111.5,149.8,104.7,164.6
110.7,150.3,104.0,163.0
110.2,148.6,105.0,165.3
112.6,144.8,105.4,165.4
113.4,142.8,105.9,166.9
112.6,141.8,103.3,165.7
110.8,141.0,102.9,164.2
111.4,140.1,102.9,164.6
112.8,140.4,103.3,164.6
113.8,139.7,103.8,164.5
114.4,139.4,104.2,164.5
114.4,140.3,104.2,164.1
112.7,139.5,104.9,164.6
113.7,140.2,104.6,165.2
113.6,138.8,104.6,165.0
114.1,139.7,104.3,165.7
112.7,141.1,105.3,166.6
113.2,140.1,106.1,166.7
112.3,139.7,104.5,164.6
115.2,137.5,104.7,161.7
114.7,140.0,104.8,162.7
114.5,138.6,106.0,163.0
116.2,140.5,105.4,163.3
115.7,138.5,107.0,162.9
118.0,138.1,107.8,165.2
118.7,139.2,106.4,165.5
119.5,137.4,104.2,163.7
110.5,140.2,102.8,162.0
114.7,137.7,102.3,162.9
115.4,135.8,101.8,163.8
116.1,137.2,100.5,163.6
115.5,138.6,101.0,163.7
115.1,140.1,101.0,162.8
114.7,139.9,103.1,161.7
115.2,140.3,104.6,163.2
114.9,137.9,106.9,163.1
114.1,138.5,107.0,162.5
114.3,138.6,107.7,164.4
114.8,139.8,105.2,162.8
114.0,139.7,105.2,163.9
112.6,137.8,106.1,163.4
113.7,139.5,104.5,163.4
113.7,139.3,104.4,163.8
114.6,139.0,104.7,162.9
114.3,138.7,105.1,162.7
113.4,139.2,105.5,162.5
112.2,138.4,105.3,161.8
110.3,138.6,104.3,160.6
109.0,138.6,104.7,162.7
110.6,137.9,104.6,161.2
108.4,137.6,103.6,161.0
110.8,138.1,103.2,161.1
104.9,137.3,102.8,160.3
111.0,136.3,99.9,160.4
113.9,137.0,99.3,161.1
114.3,136.5,99.0,162.6
115.0,139.5,98.7,162.4
116.7,140.3,97.5,162.0
116.5,139.7,99.7,161.7
112.0,139.0,101.9,160.5
114.9,140.0,103.0,161.8
113.4,140.6,104.3,161.8
114.2,140.5,106.2,163.7
117.1,139.4,106.7,164.3
117.5,138.5,106.6,164.2
115.2,140.0,105.4,163.1
114.4,138.7,107.4,164.2
116.7,138.7,106.0,163.9
117.3,138.2,106.5,164.1
118.0,136.3,107.0,163.5
116.8,137.4,106.6,163.2
116.1,137.4,108.5,165.5
116.6,136.9,109.6,165.8
116.6,138.5,109.4,164.9
116.5,138.6,109.8,163.7
117.8,139.6,110.3,164.1
115.9,139.0,110.5,163.8
117.0,139.4,110.7,163.9
116.1,138.4,111.6,164.2
113.0,138.6,111.0,163.0
107.9,139.2,111.9,164.1
109.0,138.2,111.5,163.3
111.6,139.1,110.8,161.7
111.2,140.2,110.9,161.2
109.4,140.8,111.7,161.2
110.6,140.7,111.6,160.8
113.7,140.7,111.1,160.4
113.0,140.9,110.9,159.7
120.9,139.2,111.6,160.8
111.9,138.1,110.5,159.3
115.1,138.8,109.7,159.6
116.0,136.8,110.1,159.1
115.2,139.2,110.9,160.8
116.5,139.9,111.3,161.6
116.6,141.1,110.6,160.5
117.6,139.7,112.7,162.8
118.0,141.1,110.6,160.5
118.5,141.2,110.0,160.2
117.9,141.5,110.5,159.2
118.5,141.7,110.5,158.3
118.0,141.2,111.0,158.9
119.3,141.3,111.1,160.0
118.6,140.3,111.2,159.2
118.1,141.4,110.5,159.2
119.5,141.2,110.2,158.0
118.6,141.2,110.7,158.4
118.7,140.1,110.6,160.0
119.1,139.4,110.9,158.7
117.4,139.8,111.1,158.4
114.8,140.9,111.0,158.4
114.6,140.9,110.8,158.3
110.6,140.5,109.7,157.0
115.3,139.9,109.1,156.8
119.0,140.0,110.5,158.4
122.1,143.1,109.5,159.0
120.6,144.0,111.2,161.0
118.5,143.2,111.1,158.3
115.8,143.1,112.5,162.4
115.5,140.5,113.7,162.2
111.8,144.3,114.1,162.7
106.0,140.1,115.5,162.2
104.8,140.7,114.4,162.1
106.5,142.3,114.7,163.1
106.0,144.6,114.6,163.1
105.3,144.9,114.4,162.6
105.2,142.0,114.8,161.9
103.9,139.8,114.3,162.4
106.0,136.8,114.8,160.5
109.1,138.8,111.3,158.7
109.7,138.3,110.7,158.1
110.7,140.1,108.6,156.8
109.0,139.7,110.4,158.3
107.5,142.3,110.9,161.0
103.7,140.5,111.6,159.2
105.1,137.5,115.2,161.1
105.7,141.4,114.9,160.7
104.3,143.5,115.4,162.1
103.9,143.0,116.2,161.7
103.2,140.5,116.5,161.6
104.3,139.0,115.8,160.7
106.0,137.2,117.6,161.6
108.9,137.2,117.5,161.2
110.1,136.4,116.9,160.5
111.4,136.1,116.9,160.1
113.6,136.6,116.4,160.2
112.2,137.2,116.0,160.6
114.7,136.6,116.0,161.0
115.3,137.7,115.7,160.8
92.4,137.3,115.3,159.3
118.8,137.3,115.4,159.2
121.8,138.3,115.5,159.7
125.8,139.8,115.4,159.0
124.6,141.6,117.0,162.2
115.9,138.8,116.2,161.4
111.5,137.4,116.5,159.9
113.3,135.4,116.1,159.0
113.7,133.6,115.5,157.9
113.3,135.0,114.9,158.5
112.0,135.9,115.6,160.3
113.3,137.7,115.8,159.3
111.6,140.6,117.3,161.1
113.1,142.8,115.5,161.3
111.7,144.7,114.7,162.5
111.5,145.1,115.1,164.3
110.8,144.9,115.3,164.1
110.3,143.6,115.9,163.5
111.4,141.1,116.4,163.5
110.5,141.8,115.6,163.2
111.0,141.4,116.2,163.2
110.1,141.4,115.4,163.2
109.4,140.4,116.8,163.9
110.3,139.8,116.2,162.3
109.3,140.4,115.6,162.6
106.3,141.2,115.3,162.8
106.7,140.9,115.2,162.0
106.4,140.1,115.4,162.4
105.9,138.7,116.4,162.9
106.7,138.1,116.7,163.2
108.5,137.2,116.6,162.1
108.8,136.4,117.0,162.7
109.0,137.2,115.9,161.7
109.1,136.0,118.0,163.3
114.0,137.0,116.7,163.1
120.4,137.4,116.7,163.1
118.9,137.9,117.8,163.5
97.9,138.1,117.2,163.3
96.8,140.5,116.1,162.6
143.5,143.4,116.7,162.2
124.7,142.4,117.5,162.8
111.4,143.1,115.4,162.1
109.9,144.1,115.4,162.4
111.2,142.8,115.5,161.1
115.6,142.7,115.6,162.3
115.2,143.0,116.0,162.4
117.7,144.6,115.0,162.7
116.0,146.8,114.5,163.5
115.3,147.7,114.7,164.7
115.8,146.8,116.4,165.4
115.7,149.5,115.3,165.8
116.3,151.7,114.5,166.1
116.7,152.3,117.2,167.2
117.7,151.5,117.5,167.8
115.6,150.7,119.0,170.1
116.5,149.6,119.9,170.5
116.3,149.7,120.2,170.6
115.8,149.4,119.0,168.5
114.2,148.7,119.2,168.6
113.4,147.4,118.7,168.5
112.5,146.9,118.8,168.6
113.8,147.3,118.9,167.8
112.8,146.8,120.1,169.1
115.9,146.4,120.4,168.8
115.3,146.9,120.3,169.2
116.5,147.3,120.4,170.1
118.9,146.9,120.7,169.7
117.7,148.3,120.4,170.2
115.1,149.6,120.2,170.4
113.9,149.8,119.6,169.6
111.7,150.9,121.2,172.5
114.5,150.3,120.7,171.2
116.6,150.7,121.4,170.9
118.8,149.7,121.8,171.2
122.3,148.6,122.6,171.3
125.0,150.1,121.0,172.4
126.7,149.4,121.3,172.4
130.1,149.4,120.2,169.9
94.1,148.8,119.5,169.9
100.8,148.9,118.6,169.5
105.0,148.2,117.2,167.3
106.4,145.0,117.4,165.4
112.1,145.4,116.5,165.7
112.9,145.4,116.1,164.5
116.5,145.0,116.4,166.9
118.6,149.3,115.6,168.6
118.8,151.5,117.2,169.5
116.6,151.4,119.0,171.6
116.4,150.6,120.0,172.0
114.3,151.5,119.1,172.8
113.5,152.2,118.3,170.6
112.0,150.8,119.9,171.3
113.7,148.9,119.5,170.9
114.4,148.8,117.9,169.9
115.3,147.2,118.1,169.8
117.7,148.1,116.8,168.9
117.8,147.1,116.7,167.8
118.3,147.4,116.7,169.2
119.1,148.0,117.1,170.0
118.4,145.5,118.1,169.6
119.0,145.9,118.0,169.6
119.1,145.3,119.4,170.7
118.9,145.3,119.7,170.4
115.2,144.9,120.2,169.5
114.3,145.3,119.9,171.4
112.8,145.5,119.6,169.8
113.8,146.2,119.5,170.1
115.5,146.6,119.7,170.7
115.4,147.2,119.6,168.8
116.1,146.5,119.2,168.0
115.6,146.4,119.6,168.5
117.1,148.2,118.2,167.9
111.3,147.0,118.0,167.5
112.1,145.6,118.2,168.7
102.2,146.3,118.4,168.5
101.5,145.6,118.5,168.3
109.9,145.6,116.9,166.6
104.1,146.7,115.9,164.8
107.6,145.9,115.3,164.3
113.9,146.2,115.2,163.5
114.4,148.2,114.2,163.1
114.8,148.6,115.3,164.5
113.6,151.6,114.4,166.3
113.8,151.6,115.7,167.1
111.3,152.1,114.9,167.6
111.0,155.4,114.4,167.9
113.0,156.4,113.9,167.0
113.0,153.9,114.4,167.3
113.8,155.9,114.7,168.1
114.1,152.1,115.5,168.9
113.6,150.7,115.2,167.4
114.4,151.0,114.8,167.7
113.6,150.8,114.3,167.5
113.6,151.7,113.9,167.0
112.6,150.5,114.9,167.3
112.5,150.6,114.7,167.1
112.9,149.0,115.0,166.2
112.8,150.2,114.6,167.1
113.0,149.1,115.4,166.9
112.5,150.6,113.8,166.8
112.7,151.0,113.6,166.5
112.3,151.2,113.2,166.8
112.9,149.8,114.0,166.6
112.8,150.2,113.8,166.4
114.0,149.5,114.3,167.3
112.6,149.9,113.7,167.0
113.1,149.1,113.6,167.3
113.2,149.5,114.0,167.7
113.0,149.9,112.7,166.7
112.6,150.5,112.8,166.4
112.5,151.5,110.9,164.8
112.6,149.9,113.0,165.3
112.0,151.0,112.9,165.4
111.6,151.0,112.9,165.4
111.2,150.0,112.4,164.6
111.9,150.8,112.1,164.3
112.9,149.9,113.2,166.0
112.0,150.5,112.0,163.9
112.1,150.4,112.0,164.5
112.2,150.5,111.5,163.0
113.1,149.5,112.1,163.7
112.6,150.0,112.1,163.6
111.9,149.6,111.9,163.8
112.5,149.4,112.4,163.5
112.0,149.1,112.3,163.3
111.8,148.8,112.0,163.5
111.5,147.4,112.3,163.2
112.4,148.4,111.8,162.9
113.3,146.1,112.6,163.3
113.7,146.9,111.9,162.7
114.5,147.2,111.0,162.2
116.6,144.9,110.9,161.2
119.1,143.9,111.4,161.2
121.1,140.8,113.3,160.8
120.5,140.0,112.8,159.8
114.9,139.9,111.4,157.5
104.5,138.7,111.5,158.7
115.0,139.2,109.5,159.6
118.2,138.1,108.6,157.6
118.3,140.7,107.4,156.2
119.1,143.4,107.3,156.4
118.6,145.5,108.0,157.4
121.1,147.1,108.7,157.6
119.5,148.3,108.8,159.2
119.3,148.1,109.6,161.0
119.6,152.4,108.3,161.8
119.0,151.4,108.7,160.8
117.6,150.4,108.5,160.5
116.0,150.8,108.8,161.2
114.9,150.5,109.5,162.0
115.0,147.3,110.5,161.8
114.6,151.2,109.3,161.7
114.7,147.1,111.2,161.8
113.5,147.5,110.4,161.0
112.2,147.1,111.0,161.6
112.6,146.0,111.4,161.1
113.5,146.0,111.2,160.7
114.3,146.0,111.4,160.1
114.1,148.5,110.4,160.4
114.4,146.3,111.3,160.5
113.5,145.9,111.4,160.4
114.8,145.6,111.9,160.9
114.0,145.1,112.3,160.4
113.5,144.5,112.2,160.3
114.4,145.3,111.8,159.8
113.9,144.2,111.6,159.6
112.9,145.4,111.6,159.7
111.8,143.8,111.8,159.2
112.9,143.3,112.5,159.9
112.5,143.8,112.4,159.1
111.9,144.4,112.1,159.5
108.8,144.2,113.0,160.0
109.8,144.9,112.3,160.0
110.0,145.1,111.8,159.4
112.1,145.2,112.2,159.2
113.6,149.8,110.2,160.1
116.6,145.9,112.4,160.6
111.9,145.2,113.1,161.0
111.9,144.1,113.0,160.4
113.5,144.8,112.7,160.4
113.3,144.5,112.9,160.0
115.0,144.6,113.0,160.5
115.3,143.1,113.3,159.7
117.9,147.8,111.8,161.2
117.7,142.2,113.8,160.8
115.1,141.7,113.7,160.3
110.8,139.6,114.2,160.2
103.0,139.1,113.6,158.2
107.8,139.4,113.1,158.3
116.3,144.4,110.5,158.7
116.6,144.2,109.9,158.5
115.2,145.6,110.4,158.1
114.8,147.0,110.0,158.5
113.0,148.1,110.3,159.1
112.9,147.4,110.6,158.8
111.8,149.4,109.9,158.8
113.0,142.7,112.7,157.8
113.0,148.3,110.4,157.0
112.0,148.4,110.2,157.1
112.5,148.5,110.6,157.3
111.8,144.5,112.3,157.4
110.7,145.3,112.0,157.7
111.2,145.1,112.7,157.4
110.4,143.6,113.1,157.8
110.5,149.0,110.8,156.8
110.7,149.1,111.4,157.8
110.4,148.2,111.5,157.3
110.2,144.2,113.3,157.7
109.8,149.2,110.1,156.3
110.7,141.1,114.7,156.7
110.4,144.4,112.2,157.2
109.8,142.4,113.8,157.5
109.7,148.8,111.0,158.6
110.5,144.4,113.3,158.5
110.0,143.9,113.4,158.4
110.9,150.4,110.9,159.9
110.6,144.1,113.8,159.4
110.0,144.0,113.2,159.2
110.6,143.7,113.3,158.7
111.3,142.6,115.1,158.2
109.7,143.5,113.5,158.8
110.0,142.3,115.1,158.8
110.4,141.8,114.5,157.6
109.9,143.3,114.4,158.3
109.4,143.0,113.6,158.1
109.8,148.6,110.9,157.6
109.5,148.6,110.7,156.7
110.3,149.3,110.8,158.0
110.9,147.4,111.7,158.2
109.6,147.3,111.8,158.4
110.3,149.5,111.0,157.6
111.1,149.6,110.8,157.3
110.9,142.7,114.6,157.0
110.9,142.9,114.5,157.3
110.9,142.7,114.6,157.3
110.7,146.6,113.3,156.7
111.1,148.3,111.7,157.6
112.1,150.1,111.5,158.2
110.8,149.4,111.3,157.0
110.6,147.1,113.1,157.0
110.2,149.6,111.5,157.6
111.0,142.9,115.0,158.0
111.5,149.3,111.0,157.1
110.9,142.3,115.0,158.0
110.9,145.0,112.2,155.7
109.9,144.1,112.5,157.1
109.1,145.1,112.5,156.9
110.9,144.3,112.8,157.6
111.2,142.8,114.4,156.6
111.1,149.1,110.2,156.9
111.2,146.5,113.1,157.5
110.7,147.2,112.3,156.9
111.1,147.9,112.0,157.0
111.2,147.2,112.4,157.0
111.2,146.8,112.5,157.1
110.7,146.4,112.1,156.6
112.6,146.6,112.4,157.0
113.9,147.5,111.1,157.1
114.5,146.8,110.7,156.8
114.1,146.6,110.9,156.9
116.2,147.9,110.5,157.3
115.8,146.0,110.9,156.8
116.6,146.1,111.0,156.8
118.4,149.2,111.5,157.2
117.3,149.5,110.7,157.1
116.6,150.4,110.5,157.6
116.9,148.7,111.5,156.7
118.1,148.4,111.1,156.8
118.8,148.1,111.4,157.1
119.2,148.3,111.3,157.3
118.8,148.9,111.1,156.7
119.1,148.4,111.0,157.0
119.1,146.8,112.5,157.8
118.0,148.1,111.2,157.9
118.3,148.2,111.4,158.5
119.4,149.3,110.4,157.4
120.6,142.5,115.2,157.3
120.7,142.8,113.6,156.8
121.7,142.6,114.4,156.6
121.6,143.1,113.1,156.9
118.5,143.6,113.8,157.8
120.0,142.2,113.8,157.7
120.1,143.7,113.7,157.6
117.9,141.7,114.1,157.2
116.1,146.0,113.7,159.8
112.0,147.1,112.3,159.9
112.2,146.9,112.2,158.9
115.2,145.2,112.6,158.2
100.1,147.5,112.5,157.8
122.6,147.6,112.3,158.4
102.8,149.0,112.2,158.5
106.8,152.5,110.8,156.8
135.5,151.5,110.6,155.4
103.9,151.2,112.6,158.0
133.4,150.9,111.4,157.3
107.5,149.8,112.3,158.0
114.6,148.3,111.6,158.5
103.4,147.4,111.4,157.8
109.8,148.5,110.1,156.3
111.8,148.4,110.2,157.7
112.4,149.2,109.7,157.5
112.5,150.7,109.7,158.1
112.1,151.2,110.6,158.1
112.4,149.6,111.5,158.3
113.5,152.3,108.9,156.1
113.9,152.7,109.2,157.9
116.5,151.5,109.5,157.5
117.7,152.2,109.8,157.4
118.4,152.0,110.1,158.0
117.7,153.0,109.2,157.8
117.6,152.8,109.9,159.2
119.4,153.2,108.9,157.8
121.2,152.1,109.5,158.2
123.6,151.4,109.1,158.7
122.5,152.9,109.3,158.4
116.3,150.8,109.0,158.2
118.1,150.1,109.5,158.5
120.9,148.1,110.8,159.0
126.8,145.7,111.1,158.8
135.6,145.9,110.9,158.3
147.0,148.2,111.0,158.8
151.6,150.3,110.5,159.2
160.7,150.0,111.1,157.9
112.5,151.6,109.9,157.9
104.8,152.5,109.3,158.6
105.4,152.4,111.0,161.2
109.1,152.1,111.1,161.1
111.7,153.8,110.2,161.7
114.8,152.6,111.2,162.8
116.5,152.8,110.3,163.1
116.5,152.9,111.6,163.0
116.1,152.2,112.1,163.3
117.4,153.4,110.6,164.0
116.1,153.3,111.0,163.5
115.2,151.8,111.7,163.5
112.6,155.4,110.6,163.6
112.2,151.8,112.0,163.4
112.9,154.4,112.2,164.0
112.3,153.8,112.0,165.1
114.4,151.2,113.9,165.2
116.6,149.4,114.7,166.0
110.1,149.3,114.4,165.6
109.2,149.0,114.5,165.5
111.1,149.9,113.6,163.8
112.9,152.2,113.0,163.6
113.6,152.6,113.1,163.9
121.3,156.1,111.6,163.7
129.9,155.9,111.6,163.2
133.2,155.8,111.1,162.0
130.6,154.8,110.6,162.0
131.4,155.2,111.6,164.0
133.2,152.0,112.0,163.8
134.3,150.6,111.4,162.7
100.5,149.5,111.1,161.0
104.3,149.6,110.3,160.0
103.6,147.2,110.1,157.4
105.2,149.4,107.0,156.1
110.3,151.9,105.8,156.3
110.1,150.9,106.1,156.5
110.4,154.6,106.4,158.1
110.8,156.6,106.4,159.1
111.5,157.1,105.9,157.3
111.4,155.2,106.7,157.6
111.7,154.6,106.0,156.1
110.8,154.1,106.3,156.2
113.3,154.6,105.8,156.2
111.4,153.9,106.7,156.9
111.3,154.1,106.4,157.5
112.0,153.7,107.1,157.2
111.8,154.2,107.1,157.4
111.5,156.0,106.2,157.3
112.0,154.9,105.9,156.6
112.1,154.4,106.5,157.1
112.1,154.1,107.2,157.7
110.6,154.7,106.5,158.1
111.9,153.2,107.5,157.9
111.1,154.6,106.6,156.8
110.0,155.3,106.2,156.4
109.6,156.3,105.7,156.1
109.9,156.4,105.5,156.1
111.4,157.3,105.5,155.5
112.3,157.4,105.1,155.7
112.2,156.6,107.4,158.7
113.7,155.5,108.2,158.4
113.6,157.2,107.4,158.6
112.3,156.1,108.0,158.7
113.6,154.2,108.0,158.2
113.1,154.2,108.6,157.9
113.2,153.4,109.1,158.7
114.1,153.6,109.4,159.1
112.6,153.5,108.6,158.6
112.6,153.7,108.7,158.1
111.5,151.5,110.1,157.9
107.7,151.4,109.8,157.9
102.7,153.6,108.5,159.2
102.7,153.2,108.2,158.6
104.7,153.6,108.6,158.1
104.9,154.8,108.0,158.6
103.5,154.7,107.7,158.9
107.1,154.9,107.4,157.9
109.6,153.9,107.9,158.2
113.0,154.4,108.4,159.2
118.1,154.5,107.2,158.1
111.1,154.7,105.8,156.7
100.7,153.2,106.1,156.3
108.4,153.4,104.7,156.5
111.3,150.6,104.3,155.9
113.0,149.7,104.0,157.1
111.5,150.2,104.0,157.1
113.6,152.6,104.0,157.0
114.7,153.2,104.4,157.5
115.1,153.7,106.0,158.2
114.2,154.3,106.1,157.9
113.6,153.3,107.4,157.7
113.7,153.5,106.9,157.8
113.5,152.6,106.9,157.4
115.4,152.6,106.6,157.7
114.2,153.1,106.5,158.2
114.7,153.6,106.8,158.3
115.3,154.7,105.4,158.1
115.7,154.0,106.0,157.7
116.1,154.4,105.9,157.7
117.3,156.0,105.4,158.1
115.4,154.1,105.7,156.9
114.6,154.4,105.7,157.4
115.4,153.2,106.4,158.0
112.9,153.8,105.8,157.0
113.0,154.3,105.5,157.5
114.3,153.9,105.4,157.1
114.8,156.3,104.0,157.5
114.8,154.2,105.7,156.6
117.0,154.5,105.5,157.3
116.9,154.3,105.7,156.5
117.4,153.7,106.3,157.1
116.3,152.9,106.1,156.5
115.7,152.6,106.4,157.2
115.9,153.1,106.0,156.6
117.7,153.9,105.4,156.7
116.2,152.8,105.9,156.7
116.9,153.2,105.8,156.7
116.2,151.9,106.1,157.6
118.3,153.7,105.7,157.7
117.5,152.7,105.6,157.7
116.8,153.8,105.7,157.7
116.5,154.5,105.5,158.0
116.1,153.5,105.3,158.2
116.1,152.9,105.5,158.5
116.2,151.9,106.1,158.8
116.3,152.3,106.0,158.1
116.4,151.7,106.4,158.3
115.4,152.8,106.1,158.0
115.1,152.3,106.1,158.2
114.6,153.3,106.5,157.8
113.2,153.1,106.6,158.2
113.3,152.8,106.7,157.8
113.2,153.5,106.5,157.5
113.7,151.9,106.9,157.9
113.8,151.7,106.8,157.6
114.7,153.4,106.6,158.1
114.3,152.5,106.7,157.6
115.1,152.2,106.9,157.8
113.0,152.9,106.8,157.2
115.3,152.5,107.4,157.6
115.4,152.3,107.1,156.5
113.7,152.2,107.0,157.1
113.8,152.4,107.9,158.1
113.3,153.8,107.5,157.9
115.2,153.1,107.5,157.8
117.1,153.0,107.5,157.4
116.1,152.0,108.0,157.4
114.9,152.9,107.9,157.6
114.5,152.1,108.5,158.5
112.0,150.4,109.1,158.8
105.9,148.1,109.8,158.0
110.4,148.0,109.4,158.3
108.5,149.9,108.3,158.1
109.2,148.8,108.2,157.4
109.2,150.0,107.5,156.3
109.3,149.8,107.1,156.5
113.3,148.1,107.8,156.1
114.3,147.6,107.6,157.3
123.9,146.4,107.6,156.4
111.9,145.9,106.8,155.8
108.7,145.1,106.4,155.9
114.9,144.1,106.7,157.5
116.7,143.6,105.1,156.8
114.6,144.8,105.4,156.3
115.9,146.9,105.9,156.6
113.8,148.5,106.1,156.8
117.4,150.2,106.0,156.1
117.6,151.3,106.0,154.9
118.0,153.2,107.0,156.7
116.2,151.7,107.9,156.9
116.5,151.6,108.0,157.3
117.1,152.3,107.8,157.2
117.4,151.5,108.5,157.7
117.2,152.3,107.2,157.1
117.7,148.5,108.4,157.8
117.3,149.8,107.8,157.4
117.4,151.5,106.8,157.3
115.6,150.7,107.0,157.9
115.8,148.6,107.4,158.1
112.7,150.4,106.6,157.1
114.2,150.2,106.9,157.3
113.6,151.3,106.2,157.4
115.2,150.8,106.9,157.5
113.8,151.1,107.6,157.5
116.7,150.3,107.8,158.2
116.7,149.2,108.3,157.3
117.4,148.4,107.4,157.4
116.1,149.1,107.1,157.3
116.8,149.3,106.9,157.5
117.8,149.2,106.7,156.3
118.5,149.3,106.4,156.8
118.0,148.9,107.1,157.1
117.0,148.7,106.7,156.3
119.8,147.9,107.6,157.2
118.2,148.8,107.3,157.2
119.6,149.1,107.9,157.4
119.4,148.9,107.5,157.2
117.8,148.3,108.6,158.2
115.6,150.0,107.3,156.8
117.4,150.3,107.0,157.5
118.1,150.3,107.0,156.8
115.7,151.6,107.8,157.7
118.6,151.7,108.1,158.0
114.4,149.5,109.3,158.2
109.9,151.0,108.4,157.8
111.1,148.9,108.6,157.9
110.8,148.1,108.6,157.7
111.4,148.8,109.3,158.7
112.4,148.7,109.2,157.4
112.5,149.3,108.8,157.0
110.9,148.4,107.2,156.3
104.1,147.5,106.3,155.4
111.3,143.6,107.2,156.4
112.9,145.9,105.5,156.2
108.6,146.9,105.9,156.1
107.1,149.5,106.5,157.4
106.3,152.2,106.1,157.9
105.7,154.1,106.6,158.3
106.8,155.3,107.7,158.4
112.6,155.4,108.3,160.3
119.4,156.9,109.4,162.2
114.7,157.7,109.6,164.5
113.0,156.7,110.0,163.8
114.5,158.1,108.3,163.0
115.6,155.1,111.0,162.8
112.5,154.7,111.0,162.0
114.3,153.4,110.6,160.0
112.3,152.0,111.6,160.6
113.8,153.5,109.6,158.1
112.8,153.4,108.5,157.9
112.3,151.5,108.3,158.9
117.4,151.9,107.9,158.9
129.3,151.7,106.5,158.4
130.0,151.3,107.4,158.3
111.0,151.2,106.2,158.4
117.8,151.2,105.1,157.1
108.9,148.1,104.8,156.7
116.4,146.7,104.8,157.1
115.8,143.4,105.9,158.2
116.6,146.1,104.4,156.5
115.3,146.9,105.0,156.8
114.4,147.6,104.6,156.3
112.4,152.3,103.9,156.9
112.7,152.1,104.0,158.4
110.7,153.2,104.2,158.3
110.8,152.9,104.6,158.4
112.8,153.6,103.6,158.5
112.3,152.1,104.7,158.7
113.3,151.5,105.1,159.2
111.1,153.0,105.1,159.3
110.1,152.2,105.6,159.6
112.3,152.1,106.1,159.3
110.1,151.4,105.6,158.1
110.4,149.7,106.4,158.0
111.5,149.4,106.1,158.1
113.2,149.3,105.4,158.0
114.6,149.1,106.1,157.6
114.8,149.3,105.5,157.6
115.9,150.8,104.9,157.6
115.8,149.8,105.1,157.6
116.1,149.2,105.4,158.2
115.1,148.3,105.6,157.2
116.1,148.6,105.7,157.4
117.6,148.3,105.5,157.3
118.8,148.3,106.0,157.2
122.5,148.4,106.0,157.3
119.6,148.6,106.0,157.9
119.0,147.8,105.9,158.1
121.8,148.4,106.6,157.9
119.4,148.2,105.6,155.2
118.7,147.5,107.8,158.6
110.8,145.0,106.7,155.2
108.7,145.2,106.5,155.6
121.4,144.2,108.0,158.4
124.7,147.8,107.3,158.2
104.4,148.9,107.8,158.5
102.0,150.9,106.7,157.8
104.6,151.3,106.4,157.9
135.3,154.8,105.8,158.0
115.1,150.9,107.5,157.7
116.1,150.3,107.2,158.2
121.9,151.6,105.7,157.6
105.3,149.5,105.9,158.6
112.5,147.3,105.5,157.7
116.0,149.3,104.7,157.6
116.8,150.7,104.3,158.3
114.3,150.6,104.1,154.8
119.2,155.2,103.1,157.7
121.7,157.9,103.7,158.2
121.5,155.5,104.4,158.0
115.9,157.5,104.2,159.3
116.3,157.7,103.3,158.5
115.2,157.8,103.6,158.9
113.3,156.1,103.8,159.0
115.1,156.8,104.5,159.7
115.3,155.0,105.6,160.0
116.6,153.0,106.3,160.0
119.3,151.6,108.2,161.9
117.6,151.1,107.5,160.9
124.0,151.7,107.0,159.1
123.9,152.4,106.1,158.6
126.9,153.4,106.3,158.6
131.4,153.3,105.8,159.8
130.3,154.4,106.7,159.6
139.0,157.4,104.8,159.1
107.8,159.1,103.0,158.7
109.4,158.2,103.5,157.4
112.4,155.7,103.7,158.1
113.3,154.8,105.2,159.8
112.7,156.5,105.3,161.1
115.7,155.3,104.9,160.8
117.6,155.8,105.4,160.5
116.1,155.4,106.5,162.8
116.0,156.4,106.3,162.6
115.2,155.5,107.4,164.0
117.2,156.2,107.1,163.4
118.6,156.0,107.0,163.7
119.1,156.4,105.4,162.5
119.2,155.7,106.7,163.9
116.3,155.8,106.1,163.0
115.9,155.7,105.6,162.8
113.9,156.1,106.1,163.2
114.0,155.5,106.7,163.8
113.5,155.1,107.7,164.0
113.9,152.7,108.9,164.6
110.7,151.0,108.9,163.9
111.5,151.4,108.3,162.5
111.5,148.3,109.0,161.5
91.1,148.5,107.8,159.6
111.5,150.8,108.7,162.5
120.7,150.2,109.0,162.9
132.9,153.0,107.9,161.8
125.9,153.1,107.4,160.3
114.3,152.4,106.6,158.9
110.6,152.1,105.6,157.6
107.2,152.4,104.4,156.5
106.3,152.5,103.5,155.2
109.1,151.7,102.1,154.2
111.3,151.8,100.4,153.4
110.8,153.1,100.2,153.9
110.8,154.4,101.2,155.2
110.8,157.3,101.1,154.4
110.0,159.0,101.7,157.6
110.8,157.3,102.2,157.1
111.5,155.2,102.7,156.7
113.0,153.9,103.9,157.9
111.3,155.3,103.0,157.0
109.8,154.8,103.3,157.2
108.9,153.8,103.1,157.5
109.7,154.1,103.6,158.5
109.5,153.9,103.0,158.1
109.9,153.7,103.0,157.8
110.1,155.2,102.9,157.7
110.1,154.4,102.6,156.3
110.8,155.1,103.4,157.4
111.5,155.9,103.0,157.7
112.2,155.5,102.9,157.2
114.4,155.1,103.4,157.4
115.2,154.0,103.2,157.0
115.2,155.6,103.3,158.3
115.2,154.5,103.5,157.9
115.6,155.1,103.9,158.9
116.1,155.9,103.2,158.3
115.8,155.9,102.8,158.3
116.8,157.9,102.9,158.5
116.6,157.7,102.9,158.2
116.6,158.0,102.1,156.3
117.6,158.5,102.7,157.5
118.3,156.9,103.0,157.4
115.6,155.6,104.2,158.3
117.2,154.3,104.5,159.2
116.8,153.9,104.5,158.4
116.1,152.4,103.9,157.1
120.0,155.2,103.3,157.8
113.4,155.0,103.1,157.5
122.1,156.9,102.8,156.9
126.4,159.4,102.0,158.9
127.8,159.6,101.4,156.2
129.0,156.8,102.6,157.3
125.1,154.1,103.4,156.8
126.6,153.2,102.7,156.3
108.0,152.6,103.1,155.9
109.7,151.3,103.3,159.0
112.5,149.5,103.3,158.7
110.9,154.0,100.4,157.9
110.2,150.9,100.4,156.1
112.4,149.5,100.8,158.3
112.7,149.1,99.5,154.9
112.7,147.4,101.6,156.4
115.5,150.3,100.5,154.0
116.0,154.5,100.4,156.0
115.9,154.7,100.4,155.2
114.1,155.1,100.9,155.8
114.4,155.8,100.4,154.8
113.3,155.8,100.9,155.4
115.1,155.2,101.4,155.8
114.3,153.7,101.9,156.0
114.1,152.4,102.7,156.5
113.9,152.4,101.9,156.2
114.3,152.5,102.0,156.6
115.1,154.5,100.9,156.4
114.8,153.8,101.7,156.5
114.9,152.8,102.6,156.2
115.4,152.3,102.1,155.7
115.2,153.0,101.6,156.4
115.0,154.7,101.1,156.0
116.3,152.9,102.1,156.3
116.0,153.7,101.9,155.4
114.8,151.9,102.0,155.9
115.6,150.8,102.3,155.9
115.8,153.0,100.8,155.9
117.9,152.1,100.7,155.1
119.2,153.8,100.4,154.7
117.5,152.1,101.2,155.0
119.7,152.8,101.3,155.3
118.3,152.5,102.0,155.9
120.1,152.5,101.9,156.0
119.7,153.6,101.5,155.9
118.7,152.3,101.9,155.5
119.4,150.9,101.7,154.9
119.4,154.7,99.9,155.5
120.1,151.8,101.2,155.1
119.0,153.4,100.4,155.0
119.3,152.1,101.6,155.3
119.8,153.7,100.4,155.6
117.1,152.0,101.6,155.3
117.3,154.0,100.4,155.9
117.5,152.8,100.7,156.1
116.4,154.3,100.1,156.1
115.1,153.4,101.0,156.0
117.8,155.0,99.9,156.2
117.4,154.2,100.3,156.0
114.8,151.6,101.8,156.7
116.2,148.8,103.3,157.2
117.8,151.8,101.9,156.2
118.9,152.3,101.0,156.2
119.3,152.2,101.5,156.4
117.6,152.8,101.4,156.4
120.2,152.3,101.6,156.3
118.6,152.0,102.0,156.7
114.8,150.0,103.2,156.7
114.7,150.1,103.4,156.9
111.5,150.7,102.9,155.2
113.8,151.0,103.1,154.9
118.8,152.2,104.5,158.1
118.5,153.2,104.0,158.5
121.8,153.2,104.3,157.8
122.0,152.4,103.6,158.0
121.3,153.7,102.7,158.4
119.9,154.4,102.1,158.3
117.9,151.7,102.1,156.8
112.9,148.0,102.6,157.8
115.3,146.8,101.3,157.9
116.8,141.3,103.0,157.8
118.2,141.6,102.0,154.7
117.2,144.8,101.2,155.2
117.1,146.8,100.9,154.9
118.3,150.6,100.1,154.1
117.8,152.4,102.0,157.8
117.5,152.7,102.1,156.4
116.8,155.0,101.4,156.3
117.5,155.2,102.1,157.6
116.1,155.2,101.5,156.6
119.5,150.8,102.2,156.9
118.0,149.1,103.0,157.0
120.2,150.1,102.4,156.8
120.4,149.2,103.0,156.7
119.8,149.0,103.6,156.8
119.2,152.9,103.5,157.3
118.8,152.7,103.4,156.6
117.8,153.2,103.0,156.0
116.1,153.2,102.3,156.1
117.3,152.7,103.3,155.8
118.2,153.3,103.0,155.8
117.5,153.8,102.1,155.2
118.6,152.8,102.5,156.0
118.8,151.7,103.0,155.8
119.8,149.2,104.0,155.3
118.6,148.4,104.3,155.3
118.0,150.0,103.9,158.3
123.1,148.0,104.4,158.5
120.3,146.9,104.5,157.9
118.4,146.0,104.7,158.0
118.3,145.9,104.1,157.8
120.7,145.8,104.1,156.3
110.4,143.9,103.1,156.3
111.2,141.2,103.1,157.2
119.8,143.6,101.8,158.6
120.3,143.5,102.0,159.2
120.1,141.3,103.5,158.0
122.0,141.6,103.9,158.7
123.5,142.8,104.2,158.3
123.9,144.7,103.9,158.0
123.5,146.0,103.9,158.5
123.9,145.4,105.2,157.4
123.2,146.6,105.0,156.9
123.0,146.2,105.2,155.8
121.9,146.4,105.6,156.6
122.0,145.7,105.7,158.2
122.2,145.9,105.7,157.6
121.3,145.1,106.1,157.6
121.8,145.8,106.0,157.2
122.4,145.6,105.9,157.5
122.2,144.9,106.5,157.8
122.7,145.7,106.2,157.6
124.2,144.9,106.9,157.1
122.7,146.3,106.3,157.2
123.8,148.3,105.5,157.4
125.6,148.0,105.3,157.4
127.2,147.3,106.6,158.5
126.7,145.8,105.8,155.3
127.4,145.0,105.8,155.5
127.2,144.2,106.4,155.4
128.3,145.1,105.1,155.1
128.0,144.8,105.4,155.5
127.5,147.6,104.4,155.2
125.7,147.1,104.5,155.7
124.8,147.5,104.7,156.0
125.3,146.3,105.1,155.1
126.6,147.7,104.4,155.9
126.1,146.7,104.7,155.0
125.7,147.3,104.9,155.4
123.6,146.6,105.2,155.6
124.2,146.7,105.3,156.4
122.8,144.9,105.6,156.2
122.8,147.1,104.9,155.7
122.7,147.0,105.5,155.2
123.0,148.5,105.1,155.4
123.5,148.4,105.5,155.7
124.2,148.2,106.1,156.7
124.0,147.2,107.0,156.9
124.6,146.9,106.4,156.5
123.5,146.8,107.2,157.3
124.9,147.3,107.7,158.5
126.9,149.4,108.7,161.3
125.7,151.0,108.8,162.1
124.6,150.0,110.1,162.4
126.6,149.9,110.2,162.5
126.1,151.2,109.8,160.2
123.7,151.9,110.7,160.0
126.2,152.8,110.9,160.7
124.3,153.0,111.6,161.2
122.4,152.7,111.2,160.1
121.8,152.3,111.2,161.4
122.1,151.5,110.7,160.8
122.6,151.9,110.5,161.4
122.2,151.9,110.7,161.5
120.9,151.4,111.3,161.4
116.8,150.6,111.2,160.9
117.4,150.2,111.3,161.8
117.0,150.3,111.0,160.2
116.1,148.4,110.9,159.9
116.4,149.8,109.8,159.6
114.3,148.5,110.0,158.9
114.1,146.9,109.5,156.1
117.4,145.2,108.4,156.1
118.6,145.1,108.0,156.4
117.6,146.3,107.5,156.5
118.8,149.7,107.5,158.1
120.7,150.9,107.3,159.5
120.4,152.9,106.5,160.1
120.0,153.4,106.0,159.9
119.0,152.9,105.9,159.5
118.7,154.5,105.9,160.1
119.7,152.7,106.7,160.8
119.4,153.8,106.1,160.6
116.5,151.5,107.0,160.6
116.2,151.5,106.7,160.2
116.9,151.9,106.5,159.6
120.1,151.7,107.0,159.2
121.4,151.2,107.6,159.4
123.1,152.5,106.9,159.7
122.7,152.0,106.6,160.2
122.1,150.4,107.9,160.1
122.6,150.8,107.4,160.6
124.4,152.0,107.9,162.1
125.2,152.1,108.3,162.1
125.2,152.1,108.0,162.3
123.7,150.5,108.7,162.8
126.6,153.2,106.7,162.6
127.8,152.5,107.8,163.9
130.4,154.6,106.4,163.8
130.2,155.8,106.4,164.6
129.5,157.2,105.6,165.2
127.8,156.1,106.8,166.5
125.8,157.5,106.5,166.5
124.0,156.2,107.6,166.8
123.7,157.0,106.5,166.2
127.3,157.1,107.0,167.3
125.9,157.9,106.7,165.9
125.7,154.3,108.5,167.4
124.7,153.8,108.5,166.0
124.3,154.3,108.6,166.3
124.6,154.9,108.5,166.4
125.2,152.9,109.6,166.7
126.4,152.8,110.1,166.7
126.4,153.1,111.6,168.0
122.2,151.8,112.5,168.2
124.4,151.3,113.1,168.3
124.4,152.0,113.3,167.3
124.8,153.6,113.0,166.5
123.9,155.6,111.3,166.5
123.9,154.5,112.1,168.1
122.9,154.0,112.4,167.3
124.5,153.2,112.7,167.5
125.5,154.6,112.4,166.2
125.5,155.6,111.6,165.8
125.3,154.9,111.7,165.6
125.3,152.8,112.1,165.7
124.8,152.7,111.6,165.7
124.0,153.9,110.1,164.9
123.9,152.9,111.1,166.5
124.0,153.1,111.3,166.7
122.4,153.3,111.0,166.4
121.8,152.4,111.2,166.4
119.8,150.9,111.4,165.5
118.5,152.3,111.4,166.2
114.8,152.4,111.2,166.2
114.5,153.3,110.7,165.2
117.6,153.9,110.6,165.2
119.8,153.2,111.3,166.9
119.8,154.0,110.6,166.1
118.1,155.1,110.3,167.8
117.8,152.6,109.8,166.6
118.5,152.7,107.9,164.8
125.8,152.3,107.7,165.5
124.1,150.4,108.8,164.8
124.7,149.2,108.4,164.9
125.3,149.0,108.0,163.1
118.9,147.2,107.9,163.3
115.3,145.5,106.8,161.7
115.9,147.2,105.0,160.7
120.1,144.8,103.8,160.0
121.3,146.0,103.8,160.6
119.9,151.0,102.8,161.7
119.9,150.8,103.6,161.0
119.8,154.2,103.9,161.9
121.0,154.0,105.1,163.3
122.4,156.4,105.4,165.1
122.7,155.4,105.9,165.8
123.0,154.6,106.5,167.1
123.3,153.0,106.8,166.6
122.5,153.8,106.6,166.8
124.2,152.8,107.4,166.2
123.9,153.7,106.9,166.5
122.6,152.0,107.8,165.8
123.7,154.5,107.4,166.8
123.0,153.8,107.8,166.8
123.3,152.9,108.2,167.3
123.7,153.5,107.9,166.6
124.1,153.4,107.4,166.4
123.3,154.2,107.5,167.7
123.4,153.5,107.2,166.3
124.2,154.3,106.1,165.9
123.6,154.8,106.8,166.0
124.6,153.9,107.3,166.5
123.6,153.7,107.4,166.4
123.7,153.1,107.7,167.0
122.7,155.9,106.3,166.1
123.8,154.7,105.9,167.0
123.0,156.6,104.3,166.0
123.6,155.6,105.4,166.8
122.1,153.3,106.8,167.5
122.1,154.4,106.3,167.6
124.5,154.2,105.8,167.4
125.0,154.3,105.3,167.1
125.6,155.4,105.1,167.3
126.3,156.1,105.4,166.9
125.0,155.3,105.4,167.0
124.9,156.7,104.4,166.2
123.3,154.6,105.7,167.4
123.3,154.3,105.8,167.1
122.3,156.9,105.1,167.4
121.1,154.7,105.5,166.8
119.9,155.2,105.1,166.9
118.8,154.3,105.5,167.6
117.5,154.2,105.4,167.0
117.2,154.3,105.8,166.8
116.8,153.5,105.8,166.1
116.7,154.7,104.6,165.4
117.1,151.8,106.9,166.6
118.3,152.0,106.0,165.6
118.7,153.7,105.0,166.3
117.4,152.9,105.5,165.1
118.5,151.2,105.9,165.5
119.3,152.3,104.8,164.5
120.1,152.3,105.1,165.5
121.5,153.1,105.0,165.1
123.2,153.3,104.7,165.1
124.5,151.1,105.2,164.3
124.0,153.6,104.5,165.1
121.5,152.6,105.1,165.3
125.6,152.0,106.4,166.6
124.7,151.2,109.8,166.9
126.0,148.7,110.6,167.6
124.0,147.6,108.8,166.3
125.0,149.4,107.9,165.6
125.5,152.8,106.3,164.0
124.6,154.2,106.5,164.9
124.9,154.6,105.8,164.1
126.4,155.2,104.7,164.1
124.5,156.3,104.0,163.5
125.3,152.9,106.1,164.0
124.3,155.1,104.5,163.9
122.2,154.9,104.5,163.9
122.8,154.8,103.7,162.6
125.4,153.2,104.8,163.6
124.4,150.7,105.5,165.1
125.9,149.1,106.0,164.9
127.8,148.8,105.6,164.2
140.0,149.3,104.6,163.4
118.8,148.9,104.3,162.3
118.6,145.5,104.9,162.3
119.0,146.5,104.4,162.1
135.8,144.2,105.6,161.7
126.9,143.2,105.6,162.2
130.1,145.1,105.0,161.8
126.1,143.1,104.8,161.7
120.4,142.1,103.6,159.8
124.6,142.2,103.5,160.4
111.4,138.8,103.2,158.1
116.1,141.4,99.2,160.5
127.6,138.4,99.0,159.2
123.8,136.7,98.9,159.0
124.1,139.2,99.2,159.7
126.6,141.2,100.4,162.2
127.0,140.9,102.3,160.5
128.6,142.9,101.8,160.7
130.0,143.5,101.6,160.2
130.3,144.8,101.9,160.4
131.5,143.9,103.2,160.9
132.1,143.3,104.3,161.6
133.4,141.7,105.2,161.6
133.4,142.4,104.6,161.5
134.1,142.6,104.7,160.9
135.1,142.8,104.0,161.2
135.6,143.6,104.1,161.2
135.6,144.3,103.9,161.1
135.5,144.4,104.2,161.1
135.3,144.6,104.6,163.1
134.2,144.7,104.4,162.8
134.4,144.4,104.7,161.8
133.3,144.7,104.5,161.6
131.6,145.6,104.2,161.3
130.8,150.1,103.1,161.5
129.9,150.4,103.1,161.0
130.2,149.4,104.1,161.6
130.9,148.8,104.0,161.6
131.3,148.2,104.3,161.8
130.6,148.1,103.9,161.8
129.5,148.5,106.0,163.5
131.3,148.6,105.4,162.8
131.1,149.9,103.7,161.8
130.9,150.7,104.0,162.7
132.0,150.7,104.4,162.8
129.4,151.1,104.4,163.5
127.7,151.0,104.2,161.9
125.9,151.0,103.8,162.6
125.5,151.5,104.4,162.1
126.1,151.1,104.5,162.9
126.5,151.8,104.6,162.9
126.4,150.3,104.9,162.4
127.0,151.3,104.6,161.6
127.2,151.3,104.3,162.6
127.5,150.9,104.2,161.7
125.3,152.5,105.2,163.0
125.7,152.6,104.5,161.9
125.9,152.8,104.6,163.2
125.0,151.9,105.5,162.1
126.0,151.0,105.5,160.8
125.2,151.8,105.1,161.5
126.9,151.4,105.9,162.4
126.7,151.0,105.5,161.6
127.5,152.6,106.2,164.1
127.3,150.6,106.1,162.8
129.3,151.9,106.9,164.4
130.7,150.8,108.3,166.7
131.0,146.5,112.4,166.3
129.3,141.8,117.3,167.1
128.6,140.9,118.7,166.5
129.6,140.9,118.6,167.7
130.8,143.1,117.2,168.3
129.2,144.9,115.4,167.5
126.3,147.7,112.3,166.2
126.5,150.8,112.3,167.1
126.7,153.1,112.7,167.8
126.1,150.6,113.8,168.0
125.8,150.0,114.2,169.0
126.2,149.5,112.4,167.7
127.0,148.9,113.4,169.1
126.6,148.1,113.8,169.2
127.3,148.6,114.0,169.2
127.2,148.9,113.5,167.9
126.8,149.2,113.5,168.2
126.0,148.6,114.3,168.1
126.1,150.5,113.8,166.6
125.5,147.5,114.7,166.3
125.0,149.7,114.7,167.1
126.3,150.2,114.2,166.7
125.8,150.1,114.1,166.7
125.5,151.2,113.9,167.0
124.3,151.5,113.7,166.7
124.1,151.3,114.0,167.5
123.0,151.9,113.7,168.4
124.2,151.1,113.5,167.4
124.7,151.4,113.4,167.6
124.9,150.9,113.1,166.7
124.0,150.9,111.3,165.7
124.1,150.9,110.7,165.1
125.2,151.5,110.5,164.9
125.1,152.4,108.9,164.4
125.2,153.0,108.1,164.0
124.6,149.7,108.7,165.0
124.0,148.9,106.6,162.5
124.4,148.1,107.0,162.6
123.2,147.3,107.6,163.0
123.5,147.2,106.3,162.1
124.1,146.1,106.4,161.1
124.8,146.5,106.4,161.1
123.2,146.2,106.5,161.1
121.6,146.9,106.5,161.3
123.5,145.3,106.8,160.5
127.6,143.7,107.4,159.9
122.9,142.8,106.5,159.0
115.5,137.8,106.2,158.1
111.8,138.0,103.7,157.9
120.9,136.6,103.7,159.1
121.8,138.7,104.6,161.4
121.9,141.4,103.0,160.7
123.6,141.5,105.9,161.6
124.0,143.0,106.0,161.5
123.5,147.1,105.7,159.5
125.3,149.3,105.3,160.5
123.9,147.8,106.5,160.9
124.8,147.7,106.8,161.2
121.6,148.0,106.5,161.7
125.4,147.0,107.0,161.8
124.1,147.4,106.5,162.1
124.5,148.0,106.8,161.9
124.8,147.9,106.8,162.7
125.2,146.6,107.1,162.6
125.3,146.5,107.7,163.2
128.2,151.0,106.2,163.0
129.0,149.2,106.2,162.3
129.5,151.2,106.7,163.7
129.4,151.5,107.1,164.6
129.3,151.5,106.9,163.6
129.9,150.1,106.8,162.4
128.1,147.5,108.8,163.0
128.4,148.0,107.9,162.6
129.8,148.9,108.8,163.5
130.7,149.8,108.0,164.1
129.3,149.9,108.2,164.8
126.6,147.2,108.5,165.4
127.5,146.9,109.3,166.4
127.9,147.5,109.5,166.6
129.0,146.7,109.9,166.3
131.0,147.9,110.2,168.1
132.4,149.1,111.0,166.8
131.9,147.8,113.3,167.3
131.2,142.8,118.4,169.7
129.5,144.1,118.6,167.5
131.9,145.6,117.3,166.9
128.5,145.8,119.0,167.7
125.4,146.0,118.9,169.4
125.6,145.6,118.4,168.4
127.5,146.5,118.1,168.9
127.1,145.5,119.7,171.1
127.3,150.6,117.5,170.1
126.1,150.4,117.6,169.1
126.2,150.7,117.3,169.7
126.0,150.7,117.3,169.4
124.7,148.5,118.5,168.0
123.6,148.6,118.9,168.1
121.3,148.7,119.3,168.7
122.0,148.8,119.2,168.9
120.0,150.9,118.0,171.2
121.3,151.0,117.9,172.2
119.7,153.2,117.1,173.4
120.9,152.7,118.0,173.4
119.9,153.7,117.6,171.1
120.7,151.2,118.2,170.6
120.7,152.9,118.5,173.1
117.6,152.6,117.9,172.9
118.8,151.6,118.0,172.9
118.6,151.2,117.6,171.9
120.6,152.4,117.0,172.0
117.2,151.2,117.6,173.1
119.5,152.8,117.3,172.5
118.4,153.3,117.0,173.1
120.9,152.3,117.0,172.6
123.2,152.3,117.1,172.0
123.8,152.3,117.1,172.8
125.5,153.0,115.3,172.0
124.8,152.8,114.2,171.8
125.4,152.5,113.7,172.3
126.5,151.3,114.9,171.5
128.4,148.5,115.4,173.0
128.9,148.8,113.8,171.7
129.2,153.9,110.6,170.6
125.9,155.5,110.9,170.3
124.4,154.4,111.1,169.3
128.1,151.7,112.9,170.1
137.4,148.9,114.3,169.4
144.2,147.0,112.3,167.4
142.4,147.0,111.2,166.6
146.5,145.8,110.6,165.9
161.7,147.8,108.4,165.5
135.2,147.7,109.1,165.8
119.9,147.3,109.1,166.3
120.4,147.6,108.5,166.2
120.9,148.1,107.9,167.7
122.1,153.0,105.6,167.7
125.4,154.1,106.5,167.7
127.2,154.0,107.1,167.9
125.2,153.3,108.9,169.9
122.7,150.6,110.6,170.9
122.7,150.0,110.3,170.2
121.3,152.2,106.8,169.2
118.7,149.2,110.1,169.5
115.3,150.2,108.3,168.4
115.6,150.6,109.7,169.0
111.9,150.2,110.9,168.4
104.4,150.2,109.8,167.1
108.5,148.2,110.6,167.3
112.1,147.1,110.9,166.7
115.0,148.4,109.6,166.7
131.5,148.3,109.0,165.1
131.6,147.2,110.9,165.2
108.7,145.3,110.1,165.5
121.0,144.9,106.5,163.8
119.6,146.3,106.4,164.6
120.6,147.0,104.5,164.5
121.6,146.8,105.4,163.9
124.5,147.8,106.6,166.5
122.8,148.0,107.0,166.0
123.2,148.6,108.6,166.7
118.8,148.2,110.6,168.1
117.8,150.3,110.3,167.3
119.0,152.0,107.5,165.8
116.0,150.6,109.9,167.2
121.1,150.6,110.2,166.3
122.1,150.0,111.1,165.8
123.0,146.1,113.7,166.3
123.4,146.3,113.6,166.0
127.1,146.3,113.0,165.2
130.5,147.7,113.2,165.1
136.4,152.8,109.6,166.5
147.0,153.3,109.5,165.6
102.8,153.9,108.0,163.2
114.7,150.8,109.5,162.8
119.3,148.8,107.5,163.7
115.3,151.3,106.6,164.7
113.2,152.5,106.8,164.9
113.5,152.7,107.8,165.8
113.2,153.4,108.8,164.3
111.2,152.5,110.2,163.9
110.6,150.9,110.1,166.1
110.7,150.9,110.9,166.2
109.5,150.5,110.7,166.6
108.6,150.2,110.6,166.8
109.4,149.4,111.6,167.4
107.0,149.4,112.4,168.0
111.7,150.0,112.6,167.6
111.7,148.2,115.0,167.2
110.7,148.8,114.4,166.8
112.6,148.4,114.4,165.0
116.9,150.0,113.5,167.1
117.8,150.7,113.1,166.4
122.3,151.5,112.3,167.3
119.2,152.5,112.0,167.8
120.3,151.6,112.3,167.5
107.3,152.0,111.8,166.4
107.6,151.0,111.9,166.1
110.6,148.1,113.4,165.1
107.7,150.9,110.8,164.0
109.6,150.6,110.7,163.5
109.4,152.4,111.5,165.3
108.8,151.0,112.3,166.1
109.5,151.7,111.6,166.1
110.4,149.8,113.0,166.5
109.1,149.8,112.8,166.9
107.8,150.1,112.4,165.9
108.4,149.7,113.1,166.3
106.9,149.9,113.5,166.5
108.6,149.2,113.2,166.5
109.2,149.9,113.4,166.6
109.1,149.5,113.6,165.5
110.3,151.2,113.0,164.9
111.2,149.9,112.7,164.1
109.7,150.1,113.0,163.9
109.0,150.0,113.0,163.7
106.6,150.4,112.4,163.7
105.4,150.7,112.4,164.0
107.1,150.9,112.5,163.4
106.6,150.7,112.4,163.0
104.7,149.1,113.9,163.3
104.7,149.8,114.3,163.8
104.2,151.4,113.6,164.9
105.4,151.9,114.0,165.0
105.5,151.3,114.2,165.0
106.8,151.8,113.8,164.8
106.2,151.5,114.2,164.8
109.1,152.3,113.9,164.4
108.4,150.5,114.3,164.4
108.9,150.5,114.9,164.8
109.7,151.6,114.8,165.8
109.7,151.5,114.9,166.6
108.4,152.1,114.2,165.2
107.9,151.6,115.0,166.2
108.3,152.2,114.7,165.3
109.8,152.6,114.6,165.7
110.1,152.6,113.8,165.0
109.0,153.3,114.3,165.7
108.9,153.2,114.0,165.6
110.3,151.4,114.8,165.7
109.4,152.3,114.7,166.3
109.3,151.7,114.7,165.4
109.7,150.7,114.5,164.7
109.5,151.6,114.1,164.9
109.9,151.6,114.3,164.5
111.1,150.9,115.4,164.6
111.7,150.3,115.7,165.2
115.7,148.6,115.5,164.1
116.3,148.2,115.8,163.1
118.3,149.3,116.0,164.7
113.3,149.9,114.2,161.4
114.8,150.8,113.9,160.7
119.6,150.4,114.5,160.8
119.0,151.3,114.2,161.4
116.7,150.0,116.3,165.3
112.0,149.7,116.4,162.7
111.0,150.2,116.0,164.6
112.3,149.3,115.8,162.7
114.4,149.6,116.1,161.7
114.2,150.4,115.5,162.2
113.3,149.7,116.9,165.5
114.3,149.4,115.8,162.7
113.5,149.9,117.7,165.6
115.2,149.7,117.5,165.0
116.3,149.8,117.6,164.5
119.6,150.0,117.2,164.6
118.3,150.5,116.1,162.0
118.1,150.9,117.1,165.0
121.0,150.5,117.2,165.6
121.5,149.1,117.2,164.7
120.6,149.9,116.7,164.7
122.9,149.6,117.1,162.5
123.2,149.6,117.6,163.1
120.8,151.3,116.4,162.8
122.9,150.7,117.4,163.5
123.1,151.5,116.5,163.3
121.9,150.6,116.5,163.3
121.9,150.4,116.1,162.3
121.3,150.3,116.8,163.5
120.4,150.0,116.7,164.0
117.2,151.1,116.0,163.3
118.8,151.3,116.2,163.4
115.5,149.8,116.8,164.4
123.0,149.9,117.3,164.7
130.6,149.5,116.6,164.5
166.8,148.9,116.7,163.8
176.3,150.0,116.6,164.2
180.0,152.0,116.5,164.4
100.4,153.8,116.0,165.1
158.0,153.5,113.8,162.7
105.5,151.7,112.7,160.6
91.3,149.1,112.8,160.2
111.5,145.3,113.7,161.8
113.2,146.4,109.6,158.1
111.8,148.1,110.2,159.5
111.8,149.5,111.1,160.7
111.5,155.4,111.2,162.6
111.4,154.7,113.0,164.7
108.7,152.8,112.3,164.2
108.1,150.7,113.0,163.2
106.8,150.0,115.5,167.3
108.7,147.2,116.5,168.4
107.7,147.9,116.7,167.7
100.3,147.8,116.2,167.6
99.6,146.7,115.7,166.2
101.7,146.3,115.8,166.2
103.2,145.9,115.6,165.9
105.0,146.2,113.2,164.3
105.6,144.3,114.0,163.3
108.3,145.2,112.2,163.4
109.9,143.8,109.2,161.4
103.6,140.2,109.3,160.2
112.0,140.6,106.6,158.9
117.8,140.1,105.7,159.7
119.7,140.2,107.0,162.9
119.1,142.1,107.3,162.9
118.0,143.3,108.3,162.4
118.1,146.7,108.5,162.5
117.8,150.9,108.4,163.6
117.0,151.3,107.3,163.7
117.8,150.8,107.7,162.2
118.7,151.3,107.8,163.0
116.1,150.5,108.7,164.0
115.7,150.2,109.8,164.8
116.7,150.4,109.5,164.3
119.5,150.2,109.3,164.2
119.6,150.5,108.6,163.4
120.0,150.8,109.0,164.1
123.7,150.0,109.7,165.0
119.2,149.3,110.5,165.7
116.3,149.5,110.1,166.0
121.4,146.9,110.9,165.7
121.9,147.6,110.6,164.6
118.9,148.1,111.3,164.2
120.7,150.7,110.6,164.8
122.0,150.2,110.8,163.2
124.6,149.9,110.7,163.3
127.1,149.7,110.7,163.2
118.8,148.9,109.6,162.6
112.0,146.4,109.4,161.4
110.8,140.4,110.2,163.3
114.4,138.9,108.9,162.6
117.2,138.5,108.8,162.6
117.9,140.2,107.7,163.0
116.8,141.0,107.6,162.9
116.5,144.5,107.5,162.8
116.7,146.4,107.8,163.3
118.0,146.7,108.9,162.7
119.8,150.8,108.3,163.0
119.1,152.1,108.1,162.8
119.3,151.9,108.7,162.9
119.2,149.1,110.6,163.8
117.4,148.4,110.1,163.0
119.4,147.2,111.2,163.4
118.8,147.0,111.1,162.7
119.7,143.2,112.9,162.2
120.6,145.0,110.7,163.4
120.7,144.4,111.1,163.1
122.0,145.4,110.5,163.7
122.4,144.5,110.7,163.6
126.7,144.6,111.4,163.7
126.9,147.4,111.5,163.1
125.6,146.4,111.9,162.8
132.0,145.5,113.0,163.2
137.5,146.1,112.4,162.7
140.9,146.4,113.0,163.7
142.1,147.2,112.1,163.4
127.6,147.9,111.0,160.9
121.4,145.6,112.3,162.4
115.8,141.7,113.2,162.3
118.0,140.2,112.8,162.7
119.0,140.0,112.6,163.1
119.0,140.5,113.1,163.0
119.3,140.6,112.8,163.6
119.8,143.6,112.4,161.8
119.8,147.2,111.1,161.2
120.0,148.5,111.1,161.7
119.1,147.9,111.0,163.1
117.4,148.0,111.6,163.0
117.6,147.3,112.2,162.8
118.3,146.0,112.6,162.9
118.7,147.0,112.6,163.9
117.8,146.8,112.3,163.1
116.0,146.6,112.5,164.0
116.8,146.0,112.2,162.8
118.3,144.8,113.0,162.9
118.7,145.5,111.4,161.9
115.2,141.8,110.8,158.3
114.0,138.8,110.6,160.1
121.2,141.4,108.3,160.3
123.0,140.3,108.8,161.6
123.2,142.2,108.3,161.2
122.0,142.8,108.5,161.2
123.7,143.6,110.2,160.9
124.6,146.5,111.3,162.9
126.3,146.9,112.0,164.5
128.0,149.0,109.6,164.7
128.4,149.4,110.7,165.5
128.6,148.3,111.7,166.1
130.4,149.6,112.5,166.8
126.0,149.3,113.5,167.5
126.8,150.0,112.9,167.8
123.5,150.8,112.0,166.6
122.7,152.3,111.5,165.0
129.3,151.6,112.6,166.0
133.9,151.2,112.6,166.0
137.0,152.4,112.6,166.4
143.7,150.4,112.8,163.7
138.5,148.9,113.2,163.7
110.0,148.8,111.9,162.3
114.4,149.7,110.8,162.0
115.4,146.5,112.2,163.4
114.7,147.5,112.0,164.4
116.7,147.9,112.2,164.7
119.3,150.4,112.0,166.1
120.1,150.5,112.0,165.3
122.8,150.9,112.2,166.4
124.3,149.8,113.8,167.4
126.5,147.0,116.7,169.0
127.1,149.2,115.2,169.0
128.2,147.7,116.0,169.6
128.9,150.0,115.3,169.6
128.3,149.8,116.4,169.8
132.2,150.6,116.2,169.9
129.6,150.0,116.9,170.6
127.1,148.0,117.4,171.2
128.7,149.4,117.0,171.5
121.0,148.1,117.5,169.6
123.8,149.5,116.5,168.8
125.4,148.7,117.3,168.8
126.5,147.5,117.0,167.7
126.8,149.4,117.5,169.5
136.4,152.4,116.1,169.0
137.4,154.0,116.0,170.1
142.0,152.5,116.5,168.2
142.5,153.5,115.1,168.5
113.2,152.5,114.7,168.0
114.5,153.0,113.0,167.7
113.8,151.5,114.1,168.3
117.0,154.7,112.7,167.3
117.9,154.0,113.5,166.4
117.9,154.3,113.5,168.4
120.0,155.5,112.7,167.8
120.6,156.5,112.5,167.5
120.2,157.4,112.0,169.3
119.5,153.5,114.9,168.3
119.6,154.0,113.9,167.6
119.9,150.9,115.7,168.6
117.7,151.0,114.7,168.2
115.9,152.6,114.4,168.9
114.9,150.7,115.0,168.9
114.7,147.5,113.9,166.5
116.0,147.0,114.6,167.8
115.6,144.4,114.6,165.8
115.3,146.4,114.3,165.6
115.3,147.2,114.9,166.7
114.4,147.0,115.7,167.6
114.6,147.6,115.2,167.3
115.4,150.0,115.4,168.3
114.0,148.5,115.8,169.0
113.5,148.5,115.8,167.8
114.0,146.8,116.8,168.7
117.3,147.0,116.2,167.9
119.5,147.1,115.2,166.6
119.1,148.4,114.4,165.2
120.4,150.7,113.9,165.4
120.3,148.9,114.9,165.1
127.0,149.4,114.7,165.5
127.8,149.4,114.7,165.7
128.5,148.5,114.7,164.4
128.4,148.7,114.1,163.7
112.6,147.7,113.5,162.2
112.0,146.6,113.5,161.3
112.7,146.3,113.1,161.4
116.5,145.4,112.5,159.2
116.8,147.5,112.7,160.0
115.7,149.4,112.6,161.7
116.0,149.0,112.9,160.6
116.7,148.8,113.6,162.7
116.6,150.7,113.3,163.9
117.7,148.9,114.7,165.1
116.3,148.7,114.0,163.7
116.6,148.5,114.5,164.5
116.7,148.0,115.6,166.6
116.1,146.6,116.1,166.0
116.3,147.4,115.1,166.0
116.1,147.5,115.0,165.5
116.1,147.2,114.9,164.9
116.9,147.2,114.8,165.5
116.6,148.0,114.8,164.8
116.4,147.7,115.0,165.5
116.7,148.0,114.7,165.0
116.6,147.5,115.1,165.1
116.9,149.2,115.1,166.1
115.3,148.3,115.5,165.9
116.3,148.6,115.8,166.9
116.3,148.4,115.5,165.7
116.1,147.7,115.6,165.7
117.2,147.2,115.7,166.2
117.8,147.4,115.5,165.8
117.1,147.2,115.0,165.4
118.0,146.9,115.3,165.3
117.9,146.8,114.9,165.1
118.5,147.1,115.8,166.0
118.4,147.2,115.2,165.3
118.2,146.4,115.7,165.4
117.6,146.5,115.4,164.6
118.3,145.8,115.2,165.0
116.5,146.6,114.4,165.0
116.9,148.0,114.0,165.3
115.7,148.1,113.9,164.2
116.4,148.4,114.0,164.3
117.0,147.0,114.1,162.8
116.7,147.7,114.4,163.3
117.0,147.0,114.8,162.6
114.9,147.8,114.7,162.5
114.5,146.9,114.7,162.2
113.2,146.2,114.6,161.8
113.7,146.5,114.4,163.7
114.8,147.1,114.2,161.9
114.2,145.2,114.8,160.9
114.5,145.6,115.2,162.9
118.2,144.4,115.1,162.3
113.8,142.9,114.4,159.9
108.6,142.3,113.7,159.1
115.9,142.7,111.6,156.3
122.0,143.6,111.8,157.5
122.5,144.0,111.9,159.3
122.8,145.0,112.5,160.1
124.6,145.0,112.9,159.5
121.7,144.8,112.9,158.2
120.7,147.6,113.0,160.7
122.2,149.0,113.1,162.1
121.5,149.1,113.7,163.0
121.0,149.1,114.5,164.0
123.0,149.1,113.7,162.8
121.2,149.1,114.4,164.2
121.6,149.8,114.5,165.0
124.1,150.1,114.1,164.5
122.4,147.6,114.0,161.4
124.8,148.6,114.0,161.4
124.5,148.6,113.8,161.0
125.6,149.4,114.5,162.2
133.7,149.2,113.9,161.4
135.4,150.3,114.5,162.6
133.6,150.3,114.2,162.2
133.4,149.2,114.0,161.6
134.0,147.0,114.2,160.7
131.5,146.9,114.3,160.1
125.5,146.3,114.3,159.0
124.7,145.7,113.9,160.1
117.0,144.2,113.3,157.2
118.3,143.2,113.4,156.9
124.5,142.6,114.1,158.5
123.4,141.9,114.5,159.3
123.5,143.1,113.9,159.4
125.1,144.0,114.9,160.3
125.3,146.1,114.5,161.0
125.6,147.7,114.7,161.1
125.3,147.9,114.2,161.2
125.8,148.6,114.6,162.5
126.3,149.5,114.4,163.0
127.5,146.5,115.2,162.5
128.0,142.4,117.8,162.5
129.4,142.1,117.5,162.2
127.6,142.6,116.3,161.2
127.2,142.0,115.9,161.0
125.0,141.0,117.0,161.4
129.9,143.6,115.0,161.0
130.1,144.7,114.8,160.4
126.8,141.3,116.1,160.0
134.8,139.7,116.0,158.3
136.1,139.6,115.4,158.2
132.4,137.9,113.9,157.2
123.0,136.9,113.1,156.0
123.5,137.9,113.0,156.1
124.3,137.1,112.8,156.8
123.9,139.4,113.0,156.8
124.1,140.9,113.3,159.1
123.5,141.5,114.4,157.8
124.2,142.6,114.1,157.2
125.3,146.2,114.2,159.5
124.7,147.9,112.7,159.0
124.3,147.6,112.8,158.2
124.3,147.1,113.3,158.5
123.2,146.7,113.0,157.3
123.6,147.1,113.5,157.6
122.8,147.2,113.7,157.8
122.1,148.5,113.5,159.1
124.7,147.2,114.9,159.8
124.0,148.1,113.9,158.6
124.2,147.9,114.1,158.7
123.7,147.9,113.3,156.8
125.3,148.2,112.9,157.2
124.0,147.0,113.2,156.9
125.4,146.7,113.7,157.3
125.0,147.2,113.1,156.4
129.2,147.0,113.0,155.8
122.5,146.2,112.7,156.2
114.5,143.5,112.8,156.4
117.8,143.8,112.8,155.8
120.1,143.6,113.6,157.0
119.3,144.3,113.5,157.6
119.4,144.3,113.4,157.2
119.7,144.8,113.7,158.2
120.2,147.9,112.5,157.9
122.8,149.2,112.7,157.9
124.1,149.3,113.1,157.1
124.3,149.4,113.2,157.9
123.8,149.3,113.4,158.7
123.5,150.4,114.2,162.2
123.2,151.7,113.9,162.4
123.3,152.5,113.7,162.5
124.2,151.7,114.5,163.4
124.0,152.1,114.3,162.0
123.2,151.9,114.7,161.9
121.9,150.9,114.7,161.7
123.6,150.9,115.5,162.5
125.7,150.2,115.5,162.4
125.1,150.6,115.4,161.5
126.8,150.2,116.0,163.9
127.9,150.6,115.8,163.5
128.6,149.3,116.1,163.6
124.7,148.7,116.8,164.2
124.2,149.0,116.6,164.4
131.9,149.0,116.2,163.3
135.9,149.3,115.9,161.6
141.5,148.9,115.0,158.3
154.5,150.4,115.1,159.3
161.9,149.4,115.6,158.4
149.7,149.9,115.0,158.2
113.8,150.0,115.4,158.2
108.6,147.0,114.7,157.0
115.0,148.9,114.5,157.8
115.1,148.8,114.3,158.2
114.7,148.9,113.8,158.2
114.7,148.6,114.1,157.8
115.7,150.7,113.4,158.6
117.2,150.5,113.8,157.2
115.7,150.6,113.8,158.0
114.5,151.2,114.0,157.7
115.1,151.5,113.2,156.6
114.7,149.3,113.3,156.6
115.0,151.0,113.1,157.2
114.6,150.0,113.1,157.3
114.8,150.8,113.0,158.0
114.9,150.0,113.3,157.6
115.8,150.8,112.7,157.2
116.7,149.5,113.8,158.2
115.1,149.3,113.8,158.1
114.5,149.5,113.4,158.0
114.5,148.2,113.4,157.9
115.6,148.4,115.0,161.4
117.2,148.4,115.2,161.5
118.8,148.5,115.0,162.0
119.8,148.2,115.3,161.9
120.8,148.8,114.6,161.7
120.0,149.1,114.7,161.2
119.1,149.4,114.5,162.2
118.3,147.6,113.9,160.8
117.7,146.9,114.8,160.9
118.3,147.5,115.3,161.4
118.7,147.6,115.3,161.5
119.3,148.6,115.5,161.5
122.1,147.8,114.2,159.2
123.3,147.2,114.6,159.5
119.0,147.4,114.6,159.7
119.7,147.9,114.5,159.0
118.5,146.0,115.2,157.8
134.5,146.4,115.5,158.0
136.0,147.5,115.7,159.6
145.8,147.3,115.7,159.2
155.6,150.7,115.3,158.7
142.0,151.6,115.2,159.9
116.1,151.4,115.4,159.9
120.2,150.5,114.8,159.5
111.1,151.2,115.1,160.3
109.6,150.3,114.9,159.5
116.3,147.7,115.2,160.3
117.5,147.1,115.7,159.9
118.2,148.2,114.0,157.5
118.9,148.8,113.6,158.5
120.0,148.4,115.3,161.9
120.5,149.2,115.3,161.7
122.0,150.6,113.3,160.9
120.6,148.9,114.3,161.6
121.1,149.8,113.8,162.0
121.7,149.8,113.9,162.9
122.1,149.6,113.6,162.3
122.1,149.5,114.0,162.7
119.6,150.0,113.2,162.3
121.2,149.3,113.9,162.9
119.3,149.6,113.7,162.5
118.5,147.6,113.8,162.5
119.1,149.7,113.8,162.7
119.1,149.0,113.5,162.0
119.8,150.4,112.9,162.8
122.8,149.8,112.2,161.9
122.5,150.6,112.8,162.9
126.9,151.5,112.7,163.2
127.7,149.5,114.1,162.2
127.8,150.0,113.7,161.2
131.2,150.4,113.3,161.3
133.8,152.0,113.7,162.3
134.9,152.4,113.1,162.3
137.3,150.4,113.5,161.8
135.3,149.8,113.0,162.9
157.3,149.0,114.1,162.6
162.9,149.1,114.4,162.5
109.8,149.7,114.4,162.8
118.6,151.2,114.5,161.5
116.7,150.4,114.4,162.7
108.4,150.2,114.0,164.3
112.2,150.7,113.0,164.4
117.2,151.0,112.5,164.9
118.6,151.8,112.5,165.9
121.4,152.9,112.9,167.4
122.1,155.4,111.6,165.7
122.7,153.4,112.0,165.3
121.2,151.7,112.7,165.8
121.5,150.1,113.9,167.9
120.5,149.2,114.5,168.7
119.0,149.7,114.2,168.2
116.4,149.0,114.7,169.2
116.3,149.5,115.1,167.7
110.7,151.5,113.8,168.9
117.3,150.0,113.7,168.0
123.0,152.3,113.2,167.2
123.4,151.8,113.0,167.0
124.3,152.1,113.5,166.7
130.5,150.8,114.4,166.8
128.3,149.5,114.0,164.2
134.9,153.2,112.6,164.8
108.4,154.0,113.0,165.2
114.9,153.8,111.9,166.2
109.4,154.4,110.7,166.4
110.3,151.4,112.5,165.8
116.6,151.1,111.9,164.7
119.1,152.2,111.3,165.9
118.2,152.9,112.2,167.7
118.9,154.8,109.8,167.6
119.3,155.2,109.6,166.7
120.0,154.0,110.2,167.8
117.0,153.8,110.1,167.5
117.0,154.0,110.0,167.5
114.7,154.1,109.9,166.8
115.5,153.1,110.3,165.4
113.6,152.2,111.8,167.6
112.3,152.0,112.5,167.5
112.9,151.3,112.8,167.5
113.0,151.5,113.2,168.2
110.7,151.3,113.2,167.8
112.1,152.3,114.1,168.5
112.6,152.6,114.2,168.5
110.1,149.7,114.5,166.7
109.9,145.6,115.2,164.5
109.4,147.8,114.5,164.7
113.4,149.7,114.3,165.2
110.6,152.3,113.5,165.1
115.0,152.1,113.4,163.7
120.4,152.1,112.7,163.6
121.2,152.1,112.6,162.8
121.5,151.8,112.4,161.7
114.2,150.7,111.9,161.7
113.8,152.1,111.0,161.0
113.7,148.9,111.0,160.1
110.5,146.5,110.7,157.7
112.5,145.0,110.4,157.4
113.1,147.3,109.3,158.0
113.3,148.7,107.7,159.1
113.8,150.3,109.1,160.3
115.0,150.9,109.8,162.0
115.5,153.1,109.8,162.5
119.0,151.1,109.8,161.0
118.7,152.8,110.2,163.0
118.3,152.4,110.1,161.9
115.0,151.8,109.6,162.0
116.4,151.0,109.6,161.1
116.8,149.1,110.6,162.9
116.7,150.1,111.0,163.5
119.7,149.3,111.7,163.4
122.0,149.7,111.5,164.5
126.1,148.5,111.7,163.8
127.9,147.2,111.9,162.5
128.6,147.5,111.7,162.5
135.9,148.9,111.5,162.0
139.0,149.3,111.7,162.2
140.3,149.6,112.2,161.6
134.8,148.9,111.9,162.0
118.1,148.6,110.9,161.1
113.8,148.1,110.1,159.2
114.8,145.8,110.9,160.1
114.5,144.5,111.9,161.0
114.6,146.6,109.9,160.7
115.3,144.9,111.8,161.1
115.3,145.5,112.0,161.6
115.1,150.6,110.2,162.4
114.4,150.1,110.9,163.1
114.9,149.3,110.2,161.3
113.4,148.8,111.1,161.2
112.0,149.7,110.7,161.8
111.5,148.7,110.8,160.9
112.6,148.6,111.3,160.9
113.2,148.2,110.4,160.2
112.3,148.8,110.5,160.2
113.0,147.6,112.0,161.8
114.4,149.4,110.5,160.9
112.0,148.5,110.9,161.0
112.2,149.0,110.5,161.3
111.4,148.5,111.3,161.0
110.6,147.8,111.4,161.9
111.4,147.3,111.1,161.1
109.3,146.6,111.2,160.9
109.6,147.1,111.1,161.4
114.8,147.1,110.6,161.1
115.5,148.3,109.4,160.4
111.4,142.4,110.6,159.3
116.8,143.9,110.1,158.5
119.9,142.8,109.9,158.6
120.8,144.5,109.2,159.9
120.9,145.6,110.8,161.0
121.8,145.4,111.4,159.8
120.0,145.2,112.0,161.1
119.5,149.0,110.0,160.6
119.2,150.8,109.3,159.8
119.1,151.2,109.0,160.1
119.4,150.7,109.6,159.7
119.3,149.3,109.9,159.6
119.6,149.0,110.1,160.4
120.7,148.8,110.2,160.5
120.0,148.4,110.0,160.8
121.9,148.2,110.6,161.6
121.1,147.1,111.2,161.8
123.2,147.7,110.9,161.8
122.2,146.6,111.9,161.8
121.5,147.0,111.4,161.8
120.5,145.6,112.2,161.4
117.9,146.1,112.3,162.3
116.8,146.4,112.1,162.5
114.2,145.3,112.4,162.0
112.4,144.2,112.4,161.7
116.3,143.8,111.6,160.3
117.3,144.9,111.3,160.2
125.1,146.9,111.7,159.9
129.4,145.7,112.8,161.6
131.9,147.2,112.0,161.0
132.1,148.5,111.3,160.3
121.8,147.0,111.7,160.9
114.3,147.1,110.7,160.3
113.7,146.3,110.5,159.6
115.7,145.5,110.6,160.1
117.2,143.1,112.2,159.7
118.6,143.7,112.7,160.7
116.0,144.5,112.3,160.3
115.7,147.6,111.6,160.7
116.8,148.1,111.9,161.4
115.7,148.3,111.8,161.3
115.3,148.0,111.3,161.1
115.7,149.7,110.8,160.8
115.6,149.0,110.8,159.8
115.0,148.3,110.8,159.5
114.5,148.0,110.9,159.9
113.9,146.7,110.9,159.5
115.2,148.1,110.9,160.2
116.4,147.5,110.8,160.2
114.6,146.4,110.9,160.0
115.0,147.5,110.8,159.2
115.2,147.2,110.7,158.7
115.8,146.8,111.1,159.2
115.3,147.2,110.8,159.0
115.8,147.0,111.7,158.9
115.3,146.9,110.8,158.9
116.1,146.7,111.2,159.1
116.3,146.1,111.9,159.6
115.8,146.0,112.5,160.1
115.5,146.0,113.0,160.6
114.7,146.4,111.9,159.3
115.1,146.8,111.9,159.3
116.0,146.2,111.7,159.0
115.4,146.3,111.7,159.5
113.8,147.1,111.3,159.2
113.1,147.4,111.2,159.0
113.4,147.4,111.2,159.5
112.6,146.7,111.0,158.7
113.2,146.1,111.7,159.0
112.3,146.5,111.6,159.1
112.8,147.0,111.2,159.6
113.6,146.2,111.7,159.5
114.2,146.0,111.3,159.6
116.0,144.0,111.7,158.0
111.9,144.5,110.5,158.2
106.3,145.1,110.4,158.5
116.0,145.0,110.4,158.8
120.6,144.3,110.9,159.4
121.7,146.4,111.0,159.1
121.8,147.6,111.0,160.0
122.7,147.4,110.4,159.8
123.2,146.9,111.3,160.1
119.9,148.0,111.6,160.4
119.6,148.1,112.1,159.6
119.2,147.3,111.8,158.8
119.1,149.4,110.5,158.0
119.2,149.4,110.5,158.3
116.8,148.6,110.0,157.6
114.8,147.7,110.6,157.8
116.0,146.1,110.6,157.4
116.0,147.7,110.3,158.3
118.3,145.9,110.9,158.5
119.1,147.4,111.5,158.3
120.7,148.8,111.5,159.4
119.7,149.4,112.1,161.6
123.0,151.3,111.6,162.6
124.2,150.1,112.2,162.0
128.8,149.2,112.5,160.7
130.2,149.5,112.8,161.2
124.1,149.0,112.2,159.5
128.2,149.8,111.7,159.3
123.0,147.6,112.6,158.7
118.5,145.6,112.5,158.9
116.8,144.5,113.2,159.9
119.9,143.4,112.8,159.6
120.3,143.1,113.9,158.4
122.4,143.7,114.2,159.7
122.3,143.0,113.9,159.0
123.0,143.7,113.3,160.2
122.1,146.1,112.9,160.5
122.4,145.3,114.1,160.4
123.7,147.0,113.6,161.2
124.1,145.9,113.7,160.8
123.1,145.0,113.1,160.3
123.4,142.7,114.7,159.6
124.3,144.9,113.4,160.6
125.4,146.1,112.7,160.1
127.4,147.3,113.1,160.9
127.7,147.9,113.4,161.0
124.7,148.3,113.5,161.3
125.8,147.9,114.2,161.2
129.8,148.0,113.7,160.7
129.8,147.7,114.0,160.8
131.6,146.4,113.6,159.5
131.9,147.9,113.4,158.3
131.2,147.4,113.3,157.9
130.1,147.0,113.0,158.1
131.0,144.8,112.7,157.3
126.6,143.7,112.6,157.3
118.6,140.5,113.6,158.0
118.0,141.1,112.7,157.1
122.2,141.9,112.4,156.8
123.1,142.0,113.3,158.3
122.5,144.6,112.6,158.2
123.0,143.9,113.4,158.4
122.8,144.4,114.1,158.4
122.5,145.2,112.7,159.6
121.2,144.8,113.0,159.2
121.1,143.7,112.3,157.9
120.4,143.4,113.2,158.5
120.2,143.9,113.2,158.2
120.6,144.9,111.8,158.2
122.1,145.4,111.4,158.2
122.9,145.3,111.7,158.7
123.4,145.7,112.0,159.4
122.3,145.1,112.3,159.3
124.3,145.3,112.6,159.9
124.6,147.2,110.6,158.9
122.1,146.2,111.5,159.2
122.5,146.5,111.3,159.2
122.8,147.3,111.0,158.4
124.3,147.2,110.6,157.9
126.7,147.1,110.8,158.7
128.0,147.7,110.3,158.3
128.3,147.2,110.8,158.7
130.4,146.1,111.2,159.0
127.9,145.3,112.2,159.0
125.9,144.4,113.1,159.4
130.5,144.7,112.7,158.7
130.7,144.4,112.3,158.1
139.4,144.8,112.9,159.0
160.7,148.1,111.9,158.9
166.9,147.2,112.6,158.8
178.9,146.5,113.2,158.7
119.2,146.4,112.2,158.3
116.8,145.7,111.8,157.1
114.1,145.0,112.2,158.3
119.4,144.3,111.8,158.8
116.7,144.3,111.2,158.5
116.2,145.1,111.1,159.4
115.4,144.9,111.5,159.8
115.8,145.7,111.1,159.1
115.6,146.1,111.5,159.0
112.7,146.7,110.9,158.2
112.9,146.5,111.4,158.3
113.0,147.7,111.3,158.0
113.6,146.8,112.0,157.7
115.5,147.6,110.3,157.6
115.7,149.1,109.9,158.1
115.4,148.5,110.3,157.6
114.5,147.7,110.8,157.1
118.1,147.2,111.8,159.2
121.4,146.8,112.0,160.9
127.0,148.8,111.3,161.3
129.3,149.1,111.4,161.7
129.5,149.8,111.6,160.4
130.8,149.2,111.7,161.1
133.5,150.1,109.7,160.8
133.9,149.5,109.7,160.3
143.5,150.1,110.2,161.1
147.6,149.1,111.1,162.5
148.1,149.9,109.4,163.2
157.8,149.4,109.0,160.8
168.9,149.4,109.1,161.5
166.4,146.4,110.5,161.3
118.4,145.6,110.3,159.7
117.5,148.1,109.6,160.9
109.2,149.0,109.8,158.3
114.8,149.3,110.4,159.6
116.5,148.4,111.9,161.6
118.4,149.1,112.2,163.9
119.5,151.1,111.9,165.9
120.0,150.4,112.8,165.8
121.5,149.4,114.0,168.0
124.3,150.2,113.0,168.8
122.6,149.2,113.2,168.6
121.0,148.2,113.2,168.9
119.4,148.9,113.8,169.1
118.4,148.5,114.2,168.3
115.8,148.4,113.1,166.9
120.4,150.2,112.5,167.0
114.6,150.9,111.9,167.0
122.7,149.3,111.7,165.8
123.9,149.7,111.6,166.5
124.3,150.4,111.1,166.2
123.4,152.5,110.7,165.4
122.1,150.1,112.4,164.7
106.6,149.2,113.5,165.9
108.2,150.5,112.7,166.6
113.2,152.0,111.2,165.5
115.3,154.9,107.1,164.2
109.6,155.1,107.3,164.3
115.6,151.6,110.2,165.7
116.5,151.8,109.2,166.5
116.5,152.5,107.7,166.6
117.6,153.2,108.6,166.1
117.9,152.1,109.3,166.1
118.6,151.8,109.5,166.0
116.9,151.8,109.4,166.2
116.9,152.9,108.6,166.5
114.9,151.2,109.4,166.2
111.9,151.8,109.5,166.3
112.9,151.8,109.7,166.2
111.4,152.1,109.3,166.1
109.1,151.8,109.3,165.9
109.5,154.6,108.9,166.4
110.9,151.7,111.0,166.3
112.1,151.7,110.7,164.7
109.2,149.1,112.2,164.8
109.1,146.5,112.8,164.1
102.7,145.2,113.1,163.9
113.2,146.4,112.9,164.1
115.8,147.9,112.3,163.2
114.5,149.0,111.3,162.0
110.4,149.6,111.2,162.5
116.9,150.2,111.8,163.3
112.7,151.8,110.3,162.1
113.3,151.1,110.3,161.2
115.2,150.8,109.8,160.4
113.0,149.6,109.2,160.0
116.8,151.4,107.5,158.8
106.6,150.1,107.9,159.9
108.7,150.3,107.1,159.3
111.5,152.4,106.3,159.3
112.5,154.7,104.5,160.0
113.3,155.7,104.6,161.8
113.3,155.4,106.6,163.3
116.7,154.6,106.7,162.1
116.8,154.7,106.3,160.7
117.3,152.6,108.5,163.5
118.3,153.0,107.9,163.2
115.0,153.7,107.8,163.2
116.3,152.7,107.5,163.8
115.7,151.9,107.6,162.9
112.3,152.3,107.8,162.5
113.0,152.9,106.4,163.8
112.5,152.7,106.6,163.6
112.3,152.7,107.2,163.4
112.1,153.1,106.9,163.3
113.1,152.5,107.1,162.8
112.8,150.4,107.9,163.0
113.6,152.3,107.8,163.3
114.0,151.6,109.0,164.4
112.1,151.6,108.5,163.9
111.7,151.8,109.2,164.0
113.3,150.5,110.2,164.3
110.8,151.1,109.7,163.4
113.2,150.2,109.4,163.0
114.5,150.8,110.7,163.2
114.7,151.5,110.2,162.5
115.8,151.4,110.0,162.0
116.5,152.1,109.3,161.4
117.4,149.5,109.3,161.7
116.3,149.6,109.0,161.9
117.6,151.0,107.2,161.2
110.0,147.5,108.6,160.2
112.7,144.7,108.8,158.7
112.6,144.5,109.3,161.4
112.3,146.1,109.1,162.8
110.4,147.5,109.5,163.6
111.9,148.6,110.5,162.6
113.5,152.4,107.3,160.3
112.0,154.3,107.5,161.6
111.8,153.2,108.0,162.1
110.5,151.3,109.1,162.6
109.0,152.0,107.8,162.7
107.8,152.0,107.4,161.7
108.7,151.3,107.5,162.1
111.6,149.9,108.3,161.6
112.8,150.0,108.7,161.5
113.9,150.8,107.8,160.7
114.0,150.3,107.4,160.3
116.1,149.9,108.3,159.8
116.8,151.7,107.9,160.7
117.8,150.8,107.8,161.1
117.2,150.4,108.2,160.0
115.6,150.0,108.3,160.8
115.5,150.4,108.0,161.6
113.3,149.9,109.4,161.9
112.7,149.1,109.4,161.8
113.1,150.1,109.2,160.8
112.0,149.4,109.1,160.5
113.7,149.7,109.0,161.0
115.2,148.7,109.5,161.4
115.5,149.0,108.8,161.6
116.8,150.0,108.8,161.6
118.9,150.9,108.5,161.6
120.5,150.3,108.8,162.5
118.7,148.9,109.7,161.8
117.6,149.9,109.1,162.2
115.9,150.7,109.1,162.2
118.7,148.9,109.6,162.2
118.6,146.7,110.7,162.7
115.1,145.2,111.6,162.4
114.8,148.3,110.6,163.6
108.4,145.3,112.1,162.5
110.8,144.5,112.8,162.2
115.8,146.9,110.5,160.6
108.9,147.5,111.0,161.9
103.4,147.7,110.3,160.5
115.4,149.5,109.7,160.8
128.8,149.1,110.0,160.4
134.4,148.9,110.1,159.9
112.3,149.1,109.8,159.7
112.7,149.6,109.5,159.5
104.3,147.5,109.9,159.7
112.6,145.9,110.3,159.3
112.1,144.4,111.1,159.5
113.2,143.9,110.9,161.9
113.5,146.6,111.1,160.6
110.9,145.9,111.4,159.3
110.9,149.9,109.3,161.1
112.9,151.1,109.9,162.0
111.6,149.5,109.9,161.4
111.9,149.7,109.8,161.4
110.6,147.5,110.7,161.0
110.8,147.3,110.8,161.0
110.2,146.3,111.5,161.8
109.2,146.1,111.3,161.6
108.6,146.6,110.4,161.7
109.2,147.4,109.8,161.1
109.3,147.8,110.4,162.0
108.6,147.7,110.5,162.0
107.0,148.8,110.9,161.7
107.1,148.5,110.6,161.3
107.2,148.3,110.6,160.9
108.2,149.8,110.1,161.1
108.1,148.0,111.0,159.7
108.8,147.6,111.0,160.5
108.7,149.3,110.3,160.1
107.0,148.6,111.0,160.5
108.6,147.5,110.2,159.8
106.8,146.8,111.3,160.6
106.8,146.9,110.8,160.7
107.1,146.6,110.9,160.5
106.7,145.7,111.1,159.8
105.2,145.0,111.6,160.5
109.9,144.8,111.4,160.0
109.9,146.3,111.6,160.2
109.2,145.0,112.7,160.0
109.0,146.4,111.5,160.2
109.2,145.1,111.6,159.6
107.6,145.3,111.7,159.2
109.2,145.3,111.1,160.6
109.1,145.9,110.4,160.4
110.1,145.9,110.5,159.5
110.3,145.8,110.5,160.0
112.6,145.9,110.3,159.2
111.3,147.1,109.5,158.2
106.1,144.9,111.6,159.5
113.1,146.3,109.0,158.0
115.8,146.4,110.0,158.9
118.6,144.7,112.2,159.0
117.8,144.6,112.0,159.5
116.9,146.4,111.4,159.3
117.3,148.3,110.1,159.2
116.6,148.1,110.4,159.3
116.7,149.8,110.4,159.2
116.0,148.6,110.1,159.3
116.1,149.0,110.6,159.3
117.4,148.2,110.5,159.0
116.2,148.6,110.5,159.8
117.8,147.6,111.4,160.9
115.8,146.3,111.7,159.4
116.6,147.0,112.1,160.8
117.1,147.2,112.3,161.3
115.2,148.0,110.8,160.0
115.5,146.7,111.3,160.4
115.5,146.9,111.3,159.2
113.9,147.5,110.6,158.8
115.4,147.1,110.8,159.4
114.6,147.1,111.1,160.3
115.2,147.2,110.8,159.1
115.5,147.8,111.1,159.5
111.7,147.8,111.1,160.3
113.7,146.3,111.6,160.1
112.6,147.2,111.2,159.4
113.7,148.2,111.9,160.7
113.0,147.0,112.0,160.3
113.4,149.6,111.5,159.9
115.4,149.0,110.7,159.3
114.8,149.6,110.3,158.9
115.3,148.2,111.7,159.8
115.3,149.5,110.6,159.9
114.4,148.6,111.2,160.3
116.1,149.1,110.8,159.7
115.9,148.2,111.0,160.1
116.8,148.0,111.6,160.1
117.8,147.7,111.6,160.3
119.2,147.2,111.2,159.3
121.8,148.8,110.7,159.3
120.7,148.5,110.8,160.2
118.1,148.2,110.9,159.3
120.5,147.8,111.6,160.2
118.4,148.4,112.1,162.4
119.1,146.8,113.0,163.0
116.0,146.9,112.6,162.9
115.3,142.0,114.1,160.3
117.3,141.6,113.9,160.6
130.4,142.6,113.5,161.0
135.9,143.4,113.5,160.6
149.0,144.7,113.1,159.5
152.3,146.0,112.7,159.2
151.5,147.7,110.8,158.9
111.8,149.4,109.9,158.7
112.9,148.5,110.4,158.0
105.7,146.9,110.3,158.1
111.2,145.8,110.7,158.6
112.1,143.8,112.7,159.1
111.8,144.6,112.3,160.3
110.7,148.7,110.4,159.8
111.7,147.4,111.4,160.5
111.2,149.0,110.6,159.4
112.5,148.4,111.0,159.5
113.6,147.9,111.5,159.5
112.2,147.4,111.1,158.3
113.0,147.4,110.7,158.1
113.6,147.4,111.0,159.2
112.4,147.7,110.9,159.3
111.1,147.3,110.8,159.9
113.0,147.8,110.3,159.2
115.0,148.2,111.2,159.7
115.3,148.4,110.8,160.0
117.8,147.0,111.2,160.6
119.7,146.9,111.4,160.7
116.6,145.1,112.1,160.9
116.5,144.5,112.9,161.5
118.6,143.4,112.4,159.9
124.6,143.4,112.5,159.9
126.0,143.7,112.2,159.5
128.7,145.9,112.3,160.6
136.6,146.7,111.7,159.7
149.7,147.5,111.2,159.2
142.3,147.9,110.7,158.6
115.7,147.7,110.1,158.1
114.6,146.6,110.4,158.5
112.4,145.4,110.7,158.1
114.4,143.7,111.9,159.0
117.3,144.1,111.7,159.8
117.6,142.0,112.5,159.6
119.3,144.5,111.0,159.6
119.5,147.1,110.2,160.5
118.6,148.0,111.6,160.0
115.7,149.1,111.0,159.7
115.2,147.8,112.2,160.3
114.4,149.0,110.4,159.4
116.3,148.9,110.8,161.4
116.4,148.3,111.1,161.1
118.2,147.7,111.3,161.9
121.5,148.9,110.5,161.6
123.3,150.2,110.4,162.0
126.3,150.1,111.0,162.3
125.1,151.1,110.2,161.3
125.4,150.9,110.4,164.0
129.1,151.3,109.1,163.4
123.7,151.9,109.0,164.8
129.7,150.2,109.9,163.1
131.1,151.4,108.9,161.6
142.8,150.7,109.4,162.1
146.8,150.1,108.6,160.8
151.7,149.7,108.1,162.5
161.2,148.9,109.2,162.6
176.5,149.0,108.9,161.4
178.4,150.6,108.9,161.4
123.6,152.0,108.6,159.3
113.3,150.2,109.3,162.2
112.0,151.8,109.9,163.5
117.0,151.7,110.5,165.0
117.4,151.4,110.9,166.0
116.9,151.4,111.0,167.0
117.7,151.2,111.6,168.3
121.2,152.4,110.8,167.2
122.0,153.2,110.8,168.3
121.4,152.4,112.3,168.6
124.6,152.0,111.8,169.0
120.4,152.1,111.0,168.5
119.4,151.3,110.7,168.7
117.0,150.7,111.5,167.8
117.8,149.6,111.7,167.4
119.8,149.5,112.3,166.7
126.4,149.8,111.7,166.3
